352 0 FT941-4219 1
353 0 LA111690-0059 1
351 0 FT941-9999 1
355 0 FBIS4-20436 1
357 0 FBIS3-36488 1
354 0 FBIS4-30974 0
356 0 FR940513-2-00108 1
359 0 LA122390-0143 0
360 0 LA031289-0044 1
358 0 LA020690-0100 0
361 0 LA120689-0008 0
362 0 FBIS4-52316 0
363 0 LA071490-0079 1
365 0 LA021690-0167 1
364 0 LA021189-0113 1
366 0 FBIS4-20690 1
367 0 FT924-15875 0
368 0 LA062690-0178 0
369 0 FT941-16307 0
370 0 FBIS4-45459 0
371 0 LA112290-0225 0
372 0 FT942-12298 1
374 0 FT911-2323 0
375 0 FBIS3-21141 0
376 0 FT923-14785 0
373 0 FT933-10240 1
377 0 LA010590-0159 1
378 0 FT931-14163 0
379 0 LA110890-0003 1
380 0 FT931-2539 0
381 0 FBIS4-35025 0
382 0 FR940803-0-00108 0
383 0 LA050389-0010 0
384 0 FBIS4-28821 1
385 0 FT941-17640 1
386 0 LA032390-0166 0
387 0 FR940919-0-00102 0
388 0 FR940603-2-00102 0
389 0 FBIS3-9841 0
390 0 LA111090-0112 1
391 0 FR940223-1-00028 0
392 0 FT941-4404 0
393 0 LA040989-0124 1
394 0 FBIS4-48922 0
395 0 FT923-14219 1
396 0 FT923-9638 1
397 0 FBIS3-24465 0
398 0 FT934-1218 0
399 0 FR940217-1-00140 0
400 0 LA032590-0089 1
353 0 FT911-4348 1
351 0 FT934-4848 1
355 0 FBIS3-23683 0
357 0 FT923-4500 1
360 0 LA032590-0032 1
363 0 FT922-12816 0
365 0 LA123090-0031 1
364 0 LA122790-0077 1
366 0 FR940919-0-00053 0
372 0 FT924-6336 1
373 0 FR940727-2-00005 1
377 0 LA022689-0024 0
379 0 LA051689-0021 1
384 0 LA042089-0208 0
385 0 LA042990-0226 1
390 0 LA062690-0105 1
393 0 LA091189-0107 1
395 0 LA082789-0125 0
396 0 FT923-2548 1
352 0 FT943-904 0
400 0 LA050789-0087 1
353 0 FT911-558 1
351 0 FBIS4-66185 0
357 0 FT921-6610 1
354 0 FBIS3-22921 0
356 0 LA082890-0074 0
359 0 LA040590-0215 0
360 0 LA112089-0024 1
358 0 LA101090-0043 1
361 0 LA121889-0008 0
362 0 FT932-4965 1
365 0 LA070990-0005 1
364 0 FT921-2108 0
367 0 FBIS4-2223 1
368 0 LA092189-0226 1
369 0 LA061290-0021 1
370 0 FT932-95 0
371 0 LA091789-0225 1
372 0 LA121789-0008 0
374 0 LA092289-0172 0
375 0 FBIS3-20985 1
376 0 FBIS4-3377 0
373 0 FT943-5202 0
378 0 FBIS4-64653 0
379 0 LA110890-0095 1
380 0 LA052990-0096 0
381 0 LA082690-0003 1
382 0 FBIS4-44872 1
383 0 LA011489-0048 0
385 0 FT943-11934 1
386 0 LA010689-0157 0
387 0 FT942-8483 0
388 0 FBIS3-11780 1
390 0 LA101489-0072 1
389 0 FR940426-1-00011 0
391 0 FT944-10432 1
392 0 FBIS4-44660 0
393 0 FBIS4-13490 0
394 0 LA082490-0058 0
396 0 FT923-7392 1
397 0 LA120589-0153 0
398 0 LA111390-0093 1
399 0 FR940916-0-00045 0
400 0 LA060989-0041 1
353 0 LA120389-0149 1
355 0 FBIS3-40210 1
357 0 FT923-2214 1
360 0 FBIS3-9970 1
358 0 LA040689-0027 1
362 0 FBIS4-31707 1
363 0 FT943-1971 0
365 0 FT921-10204 1
366 0 FR940919-0-00073 1
367 0 FT931-13486 0
368 0 LA080889-0083 1
369 0 LA082189-0039 1
371 0 FBIS3-2466 0
375 0 FBIS4-44698 1
377 0 FT942-10789 1
379 0 LA090790-0086 0
381 0 LA111689-0162 0
382 0 FT942-15408 1
384 0 LA052689-0183 0
385 0 FT922-892 0
388 0 LA062190-0187 1
390 0 FT941-10753 1
391 0 FT924-648 1
395 0 FT924-13665 0
396 0 LA100690-0080 1
398 0 LA052589-0055 1
400 0 LA012289-0052 1
352 0 LA120290-0163 1
353 0 FT931-8655 0
355 0 FBIS4-20602 1
351 0 FT921-8241 0
357 0 FT943-10427 0
354 0 LA032690-0018 1
356 0 LA080289-0067 0
359 0 LA032190-0147 0
360 0 LA090689-0011 1
358 0 LA040789-0022 1
361 0 LA061290-0034 0
362 0 FBIS3-26112 1
365 0 FT923-14358 1
364 0 LA100590-0099 1
366 0 FR940318-2-00269 0
368 0 LA080789-0101 1
369 0 LA110789-0040 1
370 0 FR940104-0-00035 1
372 0 LA082290-0067 0
375 0 FT922-8309 1
376 0 FT921-6851 0
373 0 FR940111-2-00009 1
377 0 LA102990-0005 0
378 0 LA060590-0168 0
380 0 LA112090-0070 0
382 0 FBIS4-66452 0
383 0 LA073189-0040 0
386 0 FR940719-2-00083 0
388 0 FT932-14880 1
387 0 FT922-8071 0
390 0 LA060189-0211 1
389 0 FT922-5094 0
391 0 FT924-4757 1
392 0 LA120490-0171 1
393 0 LA101590-0123 0
394 0 LA032889-0083 0
396 0 FT923-4291 1
397 0 FT922-7333 0
398 0 LA100490-0081 1
399 0 LA081390-0044 1
400 0 LA101589-0017 1
352 0 FT911-5249 0
355 0 FBIS3-21238 1
354 0 LA092789-0067 0
360 0 FBIS3-21631 1
358 0 LA101290-0077 1
362 0 FBIS3-3189 1
363 0 LA071590-0099 1
365 0 LA110390-0071 1
364 0 LA121489-0129 0
367 0 FT923-9880 1
368 0 LA052790-0032 1
369 0 FT922-12878 0
370 0 FR940104-0-00033 1
371 0 LA082690-0003 0
374 0 FT941-1232 0
375 0 FBIS4-44852 0
373 0 FR940111-2-00008 1
379 0 FBIS4-25684 0
381 0 FR940819-2-00077 0
384 0 FBIS3-21244 1
385 0 FBIS3-40497 0
388 0 FT941-427 1
390 0 LA092189-0172 0
391 0 FT923-11711 1
392 0 LA060989-0037 0
395 0 FBIS3-21296 0
396 0 FR940405-1-00092 1
398 0 LA011989-0210 0
399 0 FBIS4-44915 0
400 0 LA040789-0077 1
353 0 LA040590-0149 1
351 0 FT932-16710 1
357 0 FBIS3-41666 0
359 0 FR941230-0-00123 0
360 0 FBIS4-21016 1
358 0 LA091689-0056 0
362 0 FT932-5376 1
363 0 LA082690-0119 0
365 0 LA062890-0007 1
366 0 FR940919-0-00072 1
367 0 FR940804-2-00048 0
368 0 LA081490-0123 1
370 0 FR940104-0-00034 1
372 0 FR940721-2-00148 0
373 0 FR940727-2-00004 0
376 0 FBIS4-26002 0
378 0 FT932-14284 0
382 0 FBIS3-59723 1
384 0 LA072189-0094 0
386 0 FR940922-2-00037 0
388 0 LA051090-0168 0
389 0 FR941206-1-00134 0
387 0 FBIS4-45694 0
391 0 FT941-4655 1
394 0 LA080389-0109 0
393 0 FT924-15580 1
396 0 FR940405-1-00038 1
397 0 LA072390-0100 1
400 0 LA111890-0263 0
352 0 FT934-11803 1
353 0 FT944-18764 0
351 0 FT922-15099 1
355 0 FBIS4-20472 1
360 0 LA050789-0008 1
362 0 FBIS3-26071 0
361 0 LA112989-0008 0
365 0 LA112790-0036 1
364 0 FBIS3-22643 1
366 0 FR940919-0-00071 0
368 0 LA041390-0072 1
370 0 FR940525-1-00049 1
371 0 FT922-461 1
375 0 FBIS3-60662 1
379 0 LA102690-0163 1
381 0 LA072489-0080 0
380 0 FR940602-2-00074 0
382 0 FBIS4-44635 1
383 0 LA111689-0162 0
385 0 FR940303-2-00168 1
390 0 LA041289-0054 1
391 0 FT923-11708 1
392 0 FT922-4414 1
393 0 LA022589-0099 0
395 0 FBIS4-24538 1
396 0 FR940405-1-00077 1
398 0 LA112689-0143 1
399 0 FT924-3602 0
352 0 FT934-10658 0
351 0 FT944-15849 1
355 0 FBIS4-66382 0
357 0 FT944-9398 1
354 0 LA061889-0104 1
359 0 LA021990-0086 0
360 0 LA103189-0060 0
358 0 LA091390-0260 1
363 0 LA070890-0174 1
365 0 FT932-14766 1
364 0 LA090189-0061 1
367 0 LA030789-0088 1
368 0 LA081289-0012 1
369 0 LA041689-0225 0
370 0 LA032489-0093 1
371 0 FT932-14884 0
372 0 LA072389-0077 1
374 0 FT934-15525 1
375 0 FBIS3-59651 1
373 0 FR940902-0-00008 1
376 0 FBIS3-38861 1
377 0 LA101389-0169 1
379 0 LA050290-0006 0
378 0 FT924-14800 0
382 0 FR941219-1-00025 0
384 0 LA072289-0042 1
385 0 FR940803-0-00104 0
386 0 FR940725-0-00060 0
388 0 LA111189-0078 1
390 0 LA122290-0138 1
389 0 FT922-4060 1
391 0 FT941-12321 1
387 0 FBIS4-67463 0
392 0 FT944-18195 1
394 0 LA031190-0045 1
395 0 FBIS3-25997 0
396 0 FR940405-1-00054 1
397 0 LA052890-0061 1
398 0 FT924-808 1
400 0 LA042389-0057 1
353 0 LA100990-0079 1
351 0 FT942-12805 1
357 0 FBIS4-53445 1
354 0 FBIS4-66693 1
356 0 LA061889-0088 0
358 0 LA120889-0165 0
362 0 LA030189-0037 1
361 0 LA022890-0075 0
363 0 LA011190-0186 1
365 0 LA041890-0004 1
364 0 FBIS3-22514 1
366 0 LA070189-0037 1
367 0 FT923-1266 1
368 0 LA080790-0131 1
370 0 FR940104-1-00050 1
372 0 LA090389-0160 1
374 0 LA101189-0109 0
375 0 LA041989-0041 1
373 0 FT943-12981 1
376 0 FBIS3-23418 0
377 0 LA092290-0035 0
380 0 FT934-704 1
383 0 LA122590-0020 0
388 0 LA072690-0138 1
390 0 FT921-13615 1
389 0 FT922-3635 1
391 0 FT922-2196 1
392 0 FT933-4691 1
394 0 LA102190-0070 0
393 0 FT931-8050 1
396 0 FR940405-1-00035 1
398 0 FT922-4300 1
399 0 LA071789-0059 1
400 0 LA070890-0117 1
353 0 FR940105-2-00091 1
351 0 FT932-6577 1
355 0 FBIS3-23689 1
357 0 FBIS3-6464 1
354 0 FT931-13289 1
360 0 LA110989-0224 1
362 0 LA083189-0209 1
363 0 FT924-15077 1
365 0 FR940719-2-00148 1
364 0 FT923-5564 1
367 0 FT931-13007 1
368 0 LA092689-0055 1
369 0 LA041990-0068 1
370 0 FR940104-0-00031 1
371 0 LA022590-0123 0
372 0 LA042890-0078 1
375 0 FT933-3423 1
373 0 FT943-12969 1
379 0 FR940919-2-00099 0
378 0 LA061190-0049 0
381 0 LA010790-0029 0
380 0 LA080890-0068 0
382 0 FT923-14293 1
384 0 FT941-793 0
386 0 FR940725-0-00062 0
388 0 FT941-9169 1
390 0 FR940830-2-00058 1
389 0 FT922-3304 1
391 0 FT921-2691 1
392 0 FBIS4-44738 1
393 0 LA090890-0037 1
395 0 FT941-8564 0
396 0 FT944-18520 1
397 0 FR940505-1-00212 0
398 0 FT931-9636 1
399 0 FBIS4-46461 1
400 0 FBIS4-45689 1
353 0 FT911-1769 1
351 0 FT941-13429 1
355 0 FBIS4-22145 0
357 0 FBIS4-43745 1
354 0 LA070789-0003 1
356 0 LA111589-0004 0
359 0 LA120390-0101 0
360 0 LA121289-0102 1
358 0 FT911-1602 0
362 0 LA111989-0088 1
361 0 LA022890-0105 1
365 0 FT922-14235 1
364 0 FBIS3-22674 1
366 0 FT942-2461 0
367 0 FBIS4-10527 0
368 0 LA120789-0015 1
369 0 LA012590-0010 0
370 0 FR940314-1-00041 1
372 0 LA050390-0182 1
375 0 FT934-2684 1
373 0 FR940919-0-00026 0
376 0 FBIS4-50811 0
382 0 FBIS3-24648 1
383 0 FT933-4868 1
385 0 FBIS4-20472 0
388 0 LA102390-0078 1
390 0 LA060289-0090 1
389 0 FT922-3845 1
391 0 FT921-11461 1
387 0 FT941-6688 0
392 0 FBIS3-46247 1
394 0 FBIS3-60342 0
393 0 LA061690-0003 0
396 0 FT931-14147 1
398 0 LA111690-0002 1
399 0 FT922-9445 0
400 0 LA100290-0091 1
352 0 FT942-11114 0
353 0 FT911-4349 1
351 0 FT931-16104 0
357 0 FBIS3-6514 1
354 0 LA061589-0079 1
360 0 FBIS4-32904 1
362 0 FBIS3-46172 0
363 0 FBIS4-20472 0
365 0 FR940906-2-00094 1
364 0 FBIS3-22547 1
368 0 LA081490-0032 1
370 0 FR940104-0-00032 1
371 0 FBIS4-58610 0
372 0 LA060390-0083 1
375 0 FBIS3-21198 0
377 0 LA092289-0136 0
379 0 LA092689-0072 0
381 0 FBIS4-57406 0
382 0 FBIS4-44701 1
383 0 FT921-6891 0
384 0 FBIS3-40551 0
386 0 LA020290-0097 1
388 0 LA051290-0016 1
390 0 LA011089-0045 1
389 0 FT924-8781 1
391 0 FT942-14766 1
392 0 LA030589-0277 1
395 0 FT932-10765 0
396 0 FR940405-1-00040 1
397 0 LA021390-0016 0
398 0 LA060290-0124 1
400 0 LA061790-0153 1
353 0 LA100389-0123 0
355 0 FBIS4-44913 0
357 0 FBIS3-58550 1
354 0 FBIS3-31130 1
360 0 LA031990-0019 1
361 0 LA021090-0137 1
365 0 FR940831-2-00124 1
364 0 FT933-12826 0
366 0 FBIS3-41666 1
367 0 FT932-17437 0
368 0 LA111190-0025 1
370 0 FR940525-0-00015 1
372 0 LA051190-0087 1
374 0 FT924-13568 1
373 0 FT943-5307 1
376 0 LA051989-0166 0
380 0 FT922-9829 0
382 0 FT942-15407 1
385 0 FBIS4-67596 1
386 0 FR940513-2-00083 0
388 0 LA080290-0079 0
390 0 LA080789-0031 1
389 0 FT922-3374 1
391 0 FT931-10995 1
387 0 FBIS4-67522 1
392 0 FT931-6266 0
394 0 LA071290-0073 0
393 0 LA022889-0076 0
396 0 LA112490-0149 1
398 0 LA053089-0054 1
400 0 LA121290-0147 1
352 0 FT934-10925 0
351 0 FT931-10913 1
357 0 FT943-8618 0
354 0 LA041789-0009 1
359 0 FBIS4-47379 0
360 0 LA031990-0020 1
358 0 LA030889-0034 1
365 0 FT922-12623 1
366 0 LA042290-0017 1
368 0 LA103090-0134 1
370 0 FR940204-1-00053 1
371 0 FT942-1936 0
372 0 FR941216-2-00099 1
374 0 LA101289-0221 1
375 0 FBIS4-20560 0
379 0 LA071290-0180 1
378 0 FBIS4-42925 0
381 0 LA030489-0001 0
382 0 FT921-11552 0
383 0 FT934-15831 1
384 0 LA071689-0207 0
385 0 FBIS4-44854 1
390 0 FBIS3-60448 0
389 0 FT921-1170 0
391 0 FT933-9830 1
387 0 FBIS4-64772 1
395 0 FT911-2446 1
396 0 FR940405-1-00084 1
397 0 LA071789-0107 1
398 0 LA071289-0138 1
399 0 FBIS4-45777 1
400 0 LA071389-0047 0
353 0 LA102189-0067 1
351 0 FBIS3-59016 1
354 0 FBIS4-33642 0
356 0 FT934-4626 1
360 0 LA072990-0058 1
358 0 LA040589-0021 0
362 0 LA030189-0036 1
361 0 LA112689-0137 1
365 0 LA052789-0013 0
363 0 FT944-12321 0
364 0 FR940526-2-00029 0
366 0 FR940711-1-00058 1
367 0 FBIS3-48230 1
368 0 LA072390-0045 1
369 0 LA030890-0003 0
370 0 FR940202-1-00055 1
372 0 FT943-6218 1
374 0 LA080889-0027 0
376 0 FT922-9009 0
377 0 LA102989-0038 1
379 0 LA042089-0180 0
380 0 LA041489-0158 0
383 0 FT942-16465 1
385 0 FT924-2358 1
386 0 LA102790-0129 0
388 0 FT933-11234 0
391 0 FT941-1813 1
387 0 FBIS3-60299 0
392 0 FBIS4-20472 0
394 0 FT942-9445 1
395 0 LA082089-0203 1
393 0 LA060690-0053 1
396 0 FR940405-1-00039 1
397 0 LA110790-0055 0
398 0 LA060990-0058 0
399 0 FBIS3-2713 1
352 0 FT934-14911 0
353 0 FT911-4261 1
351 0 FBIS3-33035 1
355 0 FBIS3-40224 0
357 0 FBIS4-65392 1
356 0 FT932-1044 1
359 0 FT942-6111 0
360 0 LA010190-0006 1
362 0 LA082390-0171 1
361 0 LA112689-0194 1
366 0 LA112189-0078 1
368 0 LA062389-0034 1
370 0 FBIS3-60336 0
371 0 LA042189-0007 0
372 0 FR940921-2-00092 1
373 0 FT942-16368 1
378 0 FT942-3893 0
382 0 FBIS4-66472 0
383 0 LA040490-0168 1
384 0 FT932-221 0
385 0 FBIS4-44698 1
390 0 FBIS4-3835 0
389 0 FBIS3-40159 0
391 0 FT941-1818 1
394 0 LA041090-0043 0
393 0 LA062190-0255 1
396 0 LA112789-0001 0
399 0 FBIS3-61053 0
400 0 LA041090-0006 0
353 0 FT911-2534 1
351 0 FT934-4856 1
357 0 FBIS4-43073 0
354 0 LA102489-0139 1
356 0 FT934-14693 0
360 0 LA011090-0127 1
358 0 LA092090-0085 0
362 0 LA030989-0111 1
365 0 FT922-5507 1
363 0 FT934-3136 0
364 0 FR941006-1-00006 1
367 0 FT944-16684 0
368 0 LA030389-0179 1
369 0 FT934-10529 0
372 0 FR941222-2-00126 1
374 0 LA101790-0153 1
375 0 FBIS4-44635 1
373 0 FT941-3295 1
376 0 FT932-6802 0
379 0 FR940725-0-00044 0
381 0 LA020690-0047 0
380 0 FBIS4-56895 0
383 0 LA042590-0171 1
385 0 FBIS3-40471 1
388 0 LA021190-0042 1
391 0 FT931-2756 1
387 0 FBIS4-21469 1
392 0 FT943-11018 0
395 0 FBIS4-56176 1
393 0 LA121490-0059 1
397 0 FBIS4-25110 0
398 0 LA031089-0063 1
352 0 FT944-4743 1
353 0 FT911-2897 1
354 0 LA082190-0080 0
360 0 LA062589-0009 1
362 0 LA072090-0019 1
365 0 LA071790-0136 1
368 0 LA102990-0096 1
370 0 LA071390-0083 1
371 0 FT942-2531 0
372 0 LA052790-0207 1
374 0 FT934-16112 1
375 0 FBIS4-66430 0
373 0 FBIS3-20750 0
377 0 FBIS3-51398 1
378 0 FT923-1264 0
383 0 LA072890-0111 1
382 0 FBIS4-20567 1
385 0 FT943-11627 1
386 0 LA082490-0058 0
388 0 LA110490-0250 0
390 0 FR940202-2-00141 0
389 0 FBIS4-67905 0
391 0 FT931-4998 1
387 0 FBIS4-15413 1
394 0 FBIS3-34808 0
395 0 FBIS4-56177 0
393 0 LA061090-0044 1
396 0 FT924-15322 1
398 0 FT921-6879 1
400 0 LA111890-0260 0
352 0 FBIS4-64850 1
353 0 FT911-122 1
351 0 FBIS4-34579 1
357 0 FT941-8573 1
355 0 FBIS4-42216 0
356 0 FT934-10438 1
360 0 LA032690-0016 1
358 0 LA030190-0069 0
362 0 FBIS4-2353 1
361 0 FBIS4-50830 0
365 0 LA050690-0183 1
363 0 FT924-13997 1
364 0 FBIS3-22622 1
366 0 LA011990-0179 1
367 0 FBIS4-50882 1
368 0 LA101689-0053 1
369 0 FBIS3-13221 0
370 0 LA062790-0115 1
372 0 FR941216-2-00189 1
376 0 FBIS3-57984 0
377 0 FT924-4990 1
379 0 LA101790-0053 0
381 0 LA043089-0057 1
380 0 FT933-13298 0
383 0 FT911-3142 1
382 0 FBIS3-47041 0
385 0 FT944-4751 1
391 0 FT924-2087 1
387 0 FT943-10219 1
392 0 FT922-9444 1
393 0 LA121390-0235 1
396 0 LA042990-0140 1
398 0 LA052790-0212 1
399 0 LA032289-0057 0
352 0 FT941-6061 0
353 0 LA031989-0166 1
351 0 FBIS4-34996 1
357 0 FBIS4-12907 1
354 0 FBIS3-58280 1
359 0 LA100589-0171 0
360 0 FBIS4-56869 0
362 0 LA030289-0080 1
365 0 FT922-643 1
363 0 FT942-3862 0
364 0 FBIS4-45868 1
366 0 FT941-2277 1
367 0 LA042990-0231 1
368 0 LA080989-0083 1
370 0 LA110189-0018 0
372 0 FR941003-2-00212 1
374 0 FBIS4-25311 1
375 0 FBIS3-60383 1
373 0 FBIS4-44885 0
377 0 LA112389-0173 0
381 0 LA022590-0123 0
383 0 FT924-15181 1
384 0 LA061789-0038 0
385 0 FBIS4-44853 1
386 0 FR940725-0-00055 0
388 0 LA091789-0046 0
389 0 FBIS3-7295 1
391 0 FT941-1816 1
387 0 FT943-10163 1
392 0 FT911-129 1
394 0 LA122590-0063 0
395 0 FT911-4762 0
393 0 LA061490-0082 1
397 0 FR941219-1-00024 0
398 0 LA070889-0051 1
400 0 LA102390-0098 1
353 0 FT911-2315 1
351 0 FBIS4-35048 1
357 0 FBIS4-43743 1
354 0 FBIS4-915 0
355 0 FBIS4-67760 1
358 0 LA042889-0069 1
362 0 LA090190-0032 0
365 0 LA121490-0119 1
364 0 LA052790-0209 1
366 0 FT931-13593 1
367 0 LA070290-0115 1
368 0 LA032790-0011 1
369 0 LA120589-0013 1
371 0 LA101089-0113 0
372 0 FR940114-2-00159 1
374 0 LA032890-0149 0
375 0 FBIS3-59553 1
376 0 FBIS4-11860 0
379 0 LA102790-0129 1
378 0 FT933-9515 0
383 0 LA082790-0107 1
382 0 FBIS4-44698 1
385 0 FBIS4-44635 1
389 0 LA082390-0236 1
391 0 FT932-13564 1
387 0 FBIS3-22403 0
392 0 FT941-1242 1
393 0 LA120890-0014 0
396 0 LA041889-0082 0
398 0 LA052790-0206 1
399 0 FR940404-2-00152 0
400 0 FBIS3-41589 1
353 0 FT921-10517 1
352 0 FT942-11412 1
351 0 FBIS3-10551 1
357 0 FT924-15994 1
359 0 LA091689-0105 0
360 0 LA040389-0018 1
358 0 LA122389-0013 1
365 0 FT931-13401 1
363 0 LA072490-0030 0
364 0 FBIS3-60504 1
366 0 LA110590-0069 1
367 0 FBIS3-3860 1
368 0 LA072490-0037 0
369 0 LA101189-0084 1
370 0 FR940907-0-00018 1
372 0 FR940426-2-00123 1
375 0 FT923-9498 0
373 0 FT941-6108 0
379 0 LA011890-0044 0
381 0 LA021890-0038 0
383 0 FT924-1386 1
382 0 FT923-9498 0
385 0 FBIS4-44701 1
388 0 FBIS3-23849 0
389 0 FT931-3128 0
391 0 FT921-6427 1
392 0 FBIS3-40223 1
394 0 FT923-10758 0
398 0 LA121489-0245 1
400 0 FBIS4-67558 1
353 0 FBIS4-47155 0
352 0 FT941-5434 1
351 0 FBIS3-33505 1
357 0 FBIS3-4892 1
354 0 FT944-13314 0
360 0 FBIS3-10398 1
358 0 LA042590-0030 1
362 0 FBIS3-3474 0
365 0 FR940926-2-00036 1
364 0 FBIS4-33007 1
366 0 FT932-5802 1
367 0 FBIS3-8392 1
369 0 LA012290-0038 0
370 0 FR940119-0-00014 1
371 0 FT921-9725 0
372 0 FR940720-2-00181 1
380 0 FBIS3-60493 0
383 0 LA092090-0243 1
385 0 FBIS3-24648 1
386 0 FT921-16055 0
390 0 FBIS3-59753 1
391 0 FT942-10816 1
387 0 FBIS3-40271 1
392 0 FT923-4774 1
393 0 LA080190-0135 1
395 0 FBIS4-51171 0
396 0 FR940405-1-00098 1
399 0 LA032289-0033 0
400 0 FBIS4-57495 1
352 0 FT943-1971 1
351 0 FT933-3516 0
357 0 FBIS4-18431 1
360 0 FBIS3-10289 1
358 0 LA091389-0008 1
365 0 LA080890-0116 1
364 0 FBIS3-22604 1
366 0 FBIS4-47282 1
367 0 FBIS3-8391 1
368 0 LA092790-0237 1
370 0 FR940921-0-00010 1
372 0 FR940426-2-00124 1
379 0 FR940725-0-00054 0
378 0 FT942-3758 0
383 0 LA071890-0162 1
382 0 FBIS4-44852 1
385 0 FT933-2369 1
388 0 LA081990-0209 0
389 0 FT933-7146 1
391 0 FT941-1824 1
387 0 FBIS3-21073 1
392 0 FT934-9399 0
394 0 LA040490-0039 0
393 0 LA061090-0035 1
396 0 LA122689-0070 1
398 0 LA060989-0103 0
353 0 FBIS4-67409 0
352 0 FT942-6839 1
357 0 FBIS3-58154 0
354 0 LA031690-0174 1
355 0 FBIS4-44667 0
359 0 FT941-7637 0
360 0 FBIS3-21717 1
358 0 LA050990-0062 1
362 0 LA080590-0106 1
365 0 FT921-16395 1
364 0 FBIS3-4916 1
366 0 FT934-10056 1
367 0 FBIS3-8551 1
368 0 FR940603-2-00066 1
370 0 FR940603-0-00008 1
372 0 FR940617-2-00244 1
376 0 FT922-12921 1
377 0 LA011189-0012 1
381 0 LA021790-0059 0
383 0 LA091490-0134 1
382 0 FBIS4-66430 0
385 0 FBIS4-44893 1
389 0 FBIS4-52929 0
390 0 FR940110-0-00031 1
391 0 FT933-1430 1
387 0 FT944-9356 0
393 0 LA122689-0126 1
395 0 FT923-5612 0
396 0 FR940405-1-00114 1
397 0 FT934-13549 0
399 0 FR940817-0-00045 0
400 0 LA121489-0128 1
352 0 FT941-3836 1
351 0 FT921-6272 1
354 0 FT922-245 1
356 0 FT943-969 0
360 0 LA091690-0032 1
358 0 LA091689-0078 1
361 0 FR940503-2-00105 0
365 0 LA120890-0074 0
364 0 FBIS3-60505 1
363 0 FT922-1429 0
367 0 LA052389-0099 1
366 0 FT932-3215 1
368 0 LA101890-0055 1
369 0 FT944-5416 0
370 0 FR941006-1-00138 1
371 0 FT924-1170 0
372 0 FR940713-2-00184 1
374 0 FT942-3763 1
375 0 FR941031-1-00011 0
373 0 FR940930-0-00030 0
379 0 FR940419-2-00042 0
378 0 FT924-144 0
380 0 FR940106-1-00028 0
383 0 FT923-6847 1
384 0 LA092990-0085 1
385 0 FT932-11810 1
388 0 FT933-14235 0
386 0 FR940513-2-00081 0
390 0 FT933-4868 0
391 0 FT942-8823 1
392 0 LA090490-0030 0
394 0 FR940725-0-00064 0
396 0 FR940405-1-00122 0
398 0 FBIS4-19809 0
400 0 FBIS3-22401 0
353 0 FT942-15208 1
352 0 FT923-7994 1
357 0 FR940920-2-00028 0
354 0 LA082590-0055 1
355 0 FT941-16695 0
360 0 FBIS4-45178 1
359 0 FR940830-2-00083 0
362 0 FT911-2685 0
364 0 FT944-7791 0
366 0 LA072790-0141 1
367 0 LA042990-0004 1
368 0 FT941-16729 1
370 0 FR940513-0-00063 1
372 0 FR940617-2-00241 0
374 0 LA032289-0060 0
376 0 LA031589-0134 0
377 0 LA071989-0048 0
381 0 FR940106-1-00023 0
383 0 FT931-17078 1
382 0 FR941219-1-00029 0
384 0 LA080389-0056 0
385 0 FT931-12869 1
389 0 FR940413-2-00118 0
391 0 FT922-576 1
387 0 FBIS4-42011 0
393 0 FBIS3-23176 0
395 0 FT924-10163 0
399 0 FT934-7286 1
353 0 FBIS3-61405 1
352 0 FT934-16621 1
351 0 FT921-6603 1
354 0 LA031790-0064 1
360 0 LA081890-0006 1
365 0 FBIS3-21242 1
363 0 FT944-11817 0
366 0 FR940304-1-00047 1
367 0 FR940325-1-00019 1
370 0 FR940525-2-00043 1
375 0 FBIS3-58114 0
378 0 FT924-9384 0
379 0 LA101690-0121 0
383 0 FT932-11692 1
385 0 FBIS4-44852 1
388 0 FBIS4-22502 1
386 0 LA060190-0033 0
390 0 LA121590-0102 1
391 0 FT923-11707 1
394 0 LA101890-0207 1
397 0 FBIS4-49406 0
398 0 LA070790-0065 0
400 0 FT922-5538 1
353 0 FT911-4151 1
352 0 FT924-10994 1
357 0 FBIS4-28401 0
354 0 LA092290-0094 1
355 0 FBIS4-50570 0
360 0 FBIS4-21335 1
359 0 FT934-16723 0
358 0 FR940628-1-00079 0
362 0 FBIS3-47775 0
364 0 FR941006-1-00007 1
365 0 LA082089-0061 0
366 0 FT941-16332 1
367 0 FBIS4-14058 1
368 0 FT921-4280 0
369 0 FR941021-1-00036 0
370 0 FR940523-0-00032 1
371 0 LA011289-0097 0
372 0 FT941-15351 1
376 0 LA031890-0035 0
377 0 FT924-8332 1
381 0 FT941-12636 0
380 0 FBIS3-2466 0
383 0 FT932-792 1
384 0 LA102289-0040 1
385 0 FT942-15407 1
388 0 LA072389-0158 1
389 0 FR940826-0-00141 0
390 0 LA060789-0091 1
391 0 FT941-1821 1
392 0 FT934-9501 0
394 0 LA072089-0027 1
396 0 LA020389-0074 0
399 0 FBIS4-49902 1
400 0 LA031289-0053 1
353 0 FT932-14449 0
352 0 FT942-3907 1
354 0 LA012090-0052 1
356 0 LA081389-0032 0
360 0 FBIS4-20016 0
364 0 FR941006-1-00005 0
363 0 FT941-7101 1
366 0 FT932-7114 1
367 0 FBIS4-53276 1
370 0 FR940622-2-00050 0
372 0 FT944-4273 1
375 0 FBIS4-44655 1
373 0 FR940902-0-00009 1
378 0 FT922-4808 0
379 0 FT922-517 0
383 0 FT932-9150 1
382 0 FR940803-0-00107 0
384 0 LA111890-0169 0
388 0 FT934-13156 0
386 0 LA110890-0095 0
390 0 LA050989-0094 1
391 0 FT941-1666 1
387 0 FT943-10090 0
394 0 LA080290-0225 0
393 0 LA010990-0051 1
395 0 LA102789-0160 0
398 0 FBIS3-59951 1
399 0 FBIS3-40388 1
400 0 FBIS4-10855 0
352 0 FT942-11113 1
351 0 FT932-9729 0
354 0 LA050390-0027 1
357 0 FBIS3-10764 1
362 0 FBIS3-20467 0
365 0 LA051689-0023 0
363 0 FT941-7105 1
366 0 FBIS3-43068 0
368 0 FT931-15823 0
369 0 FT923-15636 1
371 0 FT921-10156 0
372 0 FT922-262 0
374 0 FT921-1412 1
375 0 FT934-8130 1
373 0 FR940516-0-00086 0
380 0 LA010790-0029 0
383 0 FT941-10250 1
385 0 LA101289-0199 0
389 0 FR940110-0-00040 0
390 0 LA050989-0084 1
391 0 FT923-15307 1
393 0 LA072290-0030 1
397 0 FT932-11694 0
398 0 LA060989-0118 1
399 0 LA120389-0149 1
352 0 FT944-2448 0
354 0 LA050390-0168 1
356 0 LA081389-0035 0
360 0 FBIS4-56315 0
359 0 FR940324-2-00129 0
358 0 LA123189-0111 0
363 0 FT924-11139 0
367 0 FR940810-1-00014 0
370 0 FR940525-1-00074 0
374 0 FT943-7724 1
375 0 LA050289-0091 1
376 0 FT941-11280 1
377 0 FR940208-1-00070 0
381 0 LA021990-0053 0
378 0 FBIS3-21005 0
379 0 FR940725-0-00053 0
383 0 FT941-11328 1
382 0 FR940803-0-00124 0
388 0 FR940919-0-00099 0
386 0 FR941221-0-00065 0
390 0 LA062590-0046 1
391 0 FT943-45 1
387 0 FR940406-2-00181 1
392 0 FBIS3-1902 1
394 0 LA052090-0174 0
393 0 FT942-10916 0
395 0 FBIS4-49095 1
396 0 FR940405-1-00090 0
398 0 FBIS4-46572 1
399 0 LA081990-0034 0
400 0 FR940110-1-00016 0
353 0 FBIS4-2577 0
357 0 FT944-9095 1
355 0 FT933-14523 0
362 0 LA101989-0184 0
365 0 LA030190-0046 0
366 0 LA032789-0047 0
368 0 FT934-11736 0
371 0 LA102589-0139 0
372 0 FT922-14894 0
374 0 LA072489-0070 0
375 0 FBIS3-42854 1
376 0 FT924-3291 0
373 0 FT932-12529 0
383 0 FT943-10792 0
385 0 FT934-5009 0
384 0 FT934-10103 1
389 0 FT932-7848 0
390 0 LA052490-0120 1
391 0 FT933-9287 1
387 0 FT944-16256 0
398 0 FBIS3-17892 1
352 0 FT944-14192 0
354 0 FT911-4783 1
357 0 FBIS3-16231 1
356 0 LA072690-0056 0
360 0 LA091989-0013 1
358 0 FT923-11055 0
363 0 FT922-1316 0
367 0 FBIS4-60692 0
370 0 FR940128-2-00143 1
375 0 LA041389-0041 1
381 0 FT923-8135 0
380 0 FBIS4-50162 0
378 0 FT922-2274 1
382 0 FBIS4-20649 0
384 0 LA041990-0144 0
386 0 FR940413-0-00082 0
390 0 LA073190-0076 0
391 0 FT921-5106 1
392 0 FBIS3-20965 0
394 0 LA110490-0130 0
393 0 LA040689-0199 0
395 0 FBIS4-51464 0
396 0 FR941202-0-00186 0
397 0 LA020890-0157 1
398 0 LA092089-0011 0
399 0 FR940603-1-00021 0
400 0 LA020890-0154 0
351 0 FT923-11890 1
354 0 FBIS4-13042 0
357 0 LA040289-0091 0
355 0 FBIS4-66315 0
360 0 LA120289-0008 0
364 0 FR941006-1-00008 0
365 0 FR941104-2-00064 1
366 0 FR940620-0-00169 0
369 0 LA041590-0001 0
370 0 FR941230-2-00033 0
372 0 FT923-10784 1
374 0 LA101389-0049 1
378 0 FT931-9567 0
388 0 FBIS4-44703 0
389 0 FR940406-2-00019 0
391 0 FT933-13003 1
397 0 FBIS4-31765 0
353 0 FT942-7081 1
359 0 FT941-11862 0
365 0 FT922-9051 0
372 0 FT933-15592 1
375 0 FT944-16550 1
376 0 FT944-16808 0
373 0 FR940111-2-00007 1
381 0 FT932-5730 0
380 0 FT941-17403 0
383 0 LA031990-0127 0
391 0 FT924-9559 1
394 0 LA110490-0214 0
393 0 FBIS4-36293 0
395 0 FT942-1532 0
396 0 FR940711-2-00084 0
398 0 FBIS3-40897 0
400 0 LA121890-0005 1
353 0 FT922-70 1
351 0 FT921-8458 1
360 0 LA091989-0009 0
358 0 LA031889-0124 1
362 0 LA121290-0049 0
361 0 LA061290-0137 0
364 0 FT931-13670 0
363 0 LA071490-0104 1
366 0 LA110389-0007 1
367 0 FBIS3-29724 1
368 0 FT941-12431 1
369 0 LA052589-0150 1
370 0 LA082390-0078 1
371 0 LA100790-0093 0
375 0 LA081590-0005 0
374 0 LA040189-0114 1
373 0 FT931-2001 0
377 0 LA042889-0132 1
378 0 FT931-5847 0
382 0 FT942-15763 1
384 0 LA040289-0050 1
385 0 FT933-14123 0
388 0 LA040689-0080 1
386 0 FT944-5797 1
389 0 FT921-3700 1
390 0 LA121090-0030 0
391 0 FT943-9078 0
387 0 FBIS4-15085 0
392 0 FT923-11658 1
397 0 LA112589-0089 0
399 0 FBIS3-6833 1
400 0 LA011190-0226 0
353 0 FBIS4-67402 0
352 0 FT942-16679 1
354 0 FBIS3-34008 1
357 0 FT944-8867 1
355 0 FBIS3-21019 1
359 0 LA072990-0169 0
358 0 LA041890-0071 1
365 0 FT924-2561 1
363 0 LA020790-0101 1
366 0 FT934-7389 1
367 0 FBIS3-29693 1
368 0 LA092590-0067 1
369 0 LA062890-0066 1
370 0 LA030790-0155 1
372 0 LA061290-0112 1
374 0 FT934-15708 1
376 0 FT933-6787 1
377 0 FT921-6639 1
381 0 FT922-461 0
380 0 LA041990-0068 0
379 0 FT934-6054 0
383 0 LA120489-0008 0
382 0 FBIS4-44913 0
384 0 LA020589-0049 0
388 0 FBIS4-47368 0
389 0 FBIS4-64329 0
392 0 FT932-769 1
393 0 LA042190-0143 0
394 0 LA072789-0122 0
395 0 FBIS4-32795 0
396 0 FR940405-1-00099 1
398 0 FT934-12892 0
399 0 FBIS4-21350 1
352 0 FT942-16680 1
351 0 FT934-13954 1
354 0 FBIS3-42212 1
357 0 FT944-6695 1
355 0 FBIS3-40552 0
360 0 FBIS4-56686 1
358 0 LA110890-0049 1
362 0 FBIS3-46030 0
365 0 LA012990-0054 1
363 0 FT911-4885 1
366 0 LA091190-0062 1
367 0 FBIS3-3196 1
368 0 LA101290-0150 1
370 0 FT942-1460 0
372 0 LA080889-0069 1
371 0 LA040589-0054 0
374 0 LA052090-0218 1
376 0 FT933-6970 1
373 0 FR940111-2-00010 1
377 0 FBIS3-32581 1
385 0 FT923-11292 1
386 0 FR940725-0-00061 0
391 0 FR940513-2-00110 0
392 0 FBIS3-3923 1
396 0 FR940405-1-00055 1
399 0 FBIS4-21536 1
400 0 LA030489-0009 0
353 0 FT924-8994 0
352 0 FT923-8797 1
354 0 FBIS3-34181 1
357 0 FT944-6690 1
360 0 FBIS4-67038 1
358 0 LA061490-0039 1
365 0 LA081589-0027 1
363 0 LA083190-0013 0
366 0 LA061990-0065 1
367 0 FBIS3-3863 1
368 0 LA082190-0143 1
372 0 FR941125-2-00147 0
374 0 LA051990-0137 1
376 0 FT932-11125 1
373 0 FR940719-2-00036 0
377 0 FT923-11563 1
381 0 LA122489-0119 0
380 0 LA082390-0077 1
379 0 FR940406-0-00019 0
385 0 FT941-16609 0
388 0 LA090990-0241 0
389 0 FR941207-0-00145 0
387 0 FBIS4-27326 0
392 0 FBIS4-44855 1
394 0 LA121689-0047 0
395 0 FBIS3-21405 0
396 0 FR940405-1-00041 1
398 0 FBIS3-59919 0
399 0 LA040590-0149 1
352 0 FT942-11115 1
354 0 FBIS4-54468 1
357 0 FT944-9118 1
360 0 FBIS4-67159 1
358 0 LA041990-0194 1
362 0 FBIS4-66826 0
365 0 LA061789-0038 1
366 0 LA032990-0078 1
367 0 FBIS3-3864 1
368 0 LA102390-0121 1
370 0 FR940525-1-00046 1
371 0 LA043089-0057 0
375 0 LA032589-0042 1
374 0 LA020989-0181 1
386 0 FT934-2469 0
391 0 FT932-8655 0
392 0 FT944-17268 0
393 0 LA050689-0099 1
396 0 FR940405-1-00062 1
397 0 FT931-10844 0
399 0 FBIS4-45781 0
400 0 LA031190-0001 0
353 0 FBIS4-26294 1
352 0 FT942-16678 1
351 0 FT921-2097 1
354 0 FBIS3-43550 1
357 0 FBIS4-67533 0
358 0 LA050389-0106 1
365 0 FT921-5191 0
366 0 FT921-10207 1
367 0 FT931-9808 1
368 0 LA042390-0090 1
369 0 LA010189-0010 0
372 0 FR940325-2-00067 0
374 0 FT934-15186 1
389 0 FR940722-0-00134 0
390 0 LA040990-0066 1
387 0 LA111890-0124 1
393 0 LA110589-0079 0
394 0 LA122789-0039 0
396 0 FR940405-1-00042 1
398 0 LA041790-0088 1
352 0 FT942-11130 1
354 0 LA112889-0107 1
360 0 FBIS4-57798 0
359 0 LA033190-0115 0
358 0 LA060690-0029 1
362 0 FBIS4-3829 0
361 0 LA072089-0203 0
363 0 FT944-2648 0
366 0 LA121890-0103 1
367 0 FT931-6602 1
368 0 LA092390-0207 1
370 0 FT911-81 1
374 0 LA100890-0125 1
376 0 FT921-4465 0
373 0 FR940803-0-00059 0
377 0 FT941-15223 0
381 0 LA120790-0155 0
380 0 FT923-7518 0
379 0 FT923-2645 0
378 0 FT933-8169 0
383 0 LA061089-0022 0
382 0 FR940216-0-00187 0
385 0 FR940921-0-00129 0
388 0 LA100890-0026 0
386 0 FT923-2645 0
391 0 FT922-13748 0
390 0 FT942-14766 0
387 0 FR940406-2-00182 1
395 0 FBIS4-35578 0
396 0 FR940405-1-00037 0
397 0 FT932-8685 0
398 0 LA090790-0043 1
399 0 FR941020-0-00034 0
400 0 LA122090-0015 0
353 0 FT941-8534 1
352 0 FT934-2741 1
351 0 FT944-10523 0
354 0 FBIS3-43549 1
357 0 FT922-3431 1
356 0 LA092890-0067 0
358 0 LA011290-0111 1
366 0 FT944-14646 1
367 0 FT924-15919 1
368 0 LA102290-0115 1
370 0 FR940505-0-00001 0
372 0 FT941-13912 1
371 0 LA020490-0059 0
374 0 LA031589-0017 1
389 0 FBIS3-3046 0
387 0 FR940128-2-00066 1
353 0 FR941012-2-00099 0
352 0 FT934-16627 1
354 0 LA083090-0243 1
357 0 FBIS4-49663 1
355 0 FBIS4-44915 1
360 0 FBIS3-22049 0
359 0 FR940202-1-00049 0
358 0 LA051889-0059 1
365 0 FR940104-0-00049 0
363 0 FT922-12325 0
366 0 LA050990-0033 1
367 0 FBIS4-53389 1
368 0 LA042389-0005 1
372 0 FT944-1462 1
375 0 FBIS3-59725 1
374 0 FT924-13697 1
376 0 LA102289-0091 1
381 0 FT931-8050 0
382 0 FR941219-1-00027 1
386 0 FR940622-1-00087 0
391 0 FT924-11213 1
387 0 FR940406-2-00179 1
392 0 FBIS4-44815 0
393 0 LA122790-0176 1
394 0 LA042090-0146 0
395 0 FT943-44 1
398 0 FT943-1663 0
400 0 LA012289-0165 1
352 0 FT942-16673 1
351 0 FBIS3-10697 1
354 0 LA082790-0081 1
358 0 LA101989-0014 1
366 0 LA051590-0067 1
367 0 FBIS3-26692 1
368 0 LA102490-0084 1
370 0 LA012590-0010 0
372 0 LA061890-0071 0
375 0 FBIS3-59723 1
374 0 LA100589-0216 1
376 0 LA070389-0011 1
380 0 FT932-12247 0
388 0 LA082590-0116 1
391 0 FT942-2835 1
389 0 FR940805-2-00049 0
390 0 LA120290-0109 0
387 0 FR940406-2-00185 1
395 0 FT944-1609 1
396 0 LA080789-0045 0
352 0 FT923-12590 1
351 0 FBIS3-11107 1
354 0 FBIS3-25426 0
357 0 FBIS3-41620 0
360 0 LA121589-0029 1
358 0 LA081789-0031 1
362 0 FBIS4-46469 0
361 0 FR941206-1-00134 0
365 0 FBIS3-41666 0
364 0 FR941206-1-00134 0
366 0 LA102990-0105 1
367 0 FBIS3-44900 1
368 0 FT931-7612 1
369 0 FR940822-0-00067 0
371 0 FR940602-1-00023 0
375 0 FT923-14293 1
374 0 LA101489-0131 1
376 0 FT943-12965 0
373 0 FBIS4-20472 0
377 0 FR941116-2-00048 0
381 0 FR940104-0-00034 0
379 0 FBIS3-36078 0
378 0 FBIS4-68893 0
383 0 FR940104-0-00034 0
382 0 FBIS4-66382 0
384 0 FBIS4-20472 0
386 0 FR940902-1-00048 0
391 0 FT932-12403 1
387 0 LA080190-0095 0
393 0 FR941206-1-00134 0
394 0 FR940902-1-00048 0
397 0 FR941206-1-00134 0
398 0 FBIS3-23561 1
399 0 FBIS4-66382 1
400 0 FBIS3-41666 0
353 0 FBIS4-20472 1
352 0 FT942-16674 1
360 0 LA100889-0211 1
359 0 FBIS4-20504 0
358 0 LA011289-0070 1
363 0 LA071490-0102 1
366 0 FT924-4122 1
367 0 FBIS3-47734 1
368 0 LA092890-0154 0
372 0 FT933-15188 1
374 0 LA110990-0017 1
380 0 FBIS3-22022 1
385 0 LA092990-0083 0
388 0 FBIS4-67510 0
391 0 FT924-7380 1
389 0 FT932-8644 1
395 0 FBIS3-51134 1
396 0 FT924-5411 0
398 0 FBIS4-46469 0
399 0 FBIS4-20472 0
353 0 FR941206-1-00134 0
352 0 FT923-4956 0
351 0 FT923-1456 1
354 0 LA050890-0178 1
357 0 FBIS3-18108 0
360 0 LA031490-0029 0
358 0 LA100389-0044 0
365 0 LA021890-0051 0
364 0 FBIS3-24544 0
363 0 LA071590-0107 0
366 0 LA062690-0034 1
367 0 FBIS4-50246 1
370 0 FR940620-2-00036 0
374 0 LA122689-0125 1
380 0 FBIS3-11476 0
379 0 LA041689-0221 0
391 0 FT934-2667 1
389 0 FT932-8637 1
387 0 FT943-9990 0
393 0 LA081789-0045 0
395 0 FT943-11047 1
351 0 FT934-4629 1
354 0 LA012990-0062 1
366 0 FT924-4083 1
367 0 FT943-6371 1
368 0 LA091390-0249 1
369 0 LA021990-0014 0
372 0 FR940721-2-00150 0
371 0 LA071790-0026 0
375 0 FBIS4-44701 0
374 0 FT941-4029 1
376 0 FT921-13292 0
381 0 FT932-9008 0
378 0 FT933-16990 0
382 0 FR941219-1-00026 1
385 0 LA031290-0101 1
388 0 FT943-15995 1
391 0 FT923-11706 1
389 0 FT923-9311 1
390 0 LA061689-0054 1
392 0 FT922-4578 1
394 0 LA121089-0063 0
395 0 FBIS3-32478 1
399 0 FR940805-0-00042 0
353 0 FT931-10579 0
352 0 FT942-8510 1
351 0 FT931-932 1
354 0 LA051490-0007 1
357 0 FBIS3-48123 1
359 0 FT942-12974 0
360 0 LA031590-0059 1
362 0 FBIS4-49075 1
364 0 LA110689-0034 1
366 0 FBIS3-24482 1
367 0 FT942-16246 1
370 0 FR940817-2-00216 0
374 0 LA101490-0149 1
380 0 LA032090-0015 0
383 0 LA122590-0016 0
385 0 LA061889-0037 1
391 0 FT943-5861 0
389 0 FT924-7696 1
392 0 FT922-4461 1
393 0 FBIS4-4092 0
397 0 LA121989-0061 1
395 0 FBIS3-50579 1
398 0 LA062890-0096 0
400 0 FT921-8531 0
351 0 FT934-13429 1
354 0 LA043090-0042 0
357 0 FBIS3-30108 1
360 0 LA032189-0071 0
358 0 LA010290-0074 0
362 0 FBIS3-41244 0
364 0 LA070590-0145 0
363 0 FT924-10146 0
366 0 LA092390-0194 0
369 0 LA052990-0033 0
372 0 LA110589-0128 0
371 0 LA072689-0009 0
374 0 LA102490-0028 1
376 0 FBIS4-1549 0
377 0 LA051090-0075 0
379 0 FR940919-2-00095 0
382 0 FBIS3-24654 0
385 0 LA050489-0037 1
388 0 FBIS4-45665 0
386 0 LA103189-0028 0
389 0 LA032189-0053 1
390 0 LA121289-0055 1
387 0 FBIS3-60364 0
392 0 FBIS3-20923 0
394 0 LA100390-0154 0
397 0 FT924-5855 1
395 0 FBIS3-51016 1
353 0 FT941-16602 0
351 0 FT922-14936 1
357 0 FBIS3-5492 1
367 0 FBIS4-49442 0
368 0 LA101689-0087 0
370 0 FBIS4-28606 0
375 0 FBIS4-47461 0
374 0 LA092790-0242 0
378 0 FT933-15261 0
383 0 FT941-12636 0
385 0 FR940922-1-00018 0
384 0 FBIS3-59678 0
391 0 LA032389-0073 0
389 0 LA061690-0015 1
390 0 FT942-6984 1
397 0 LA111290-0111 1
395 0 FBIS3-50740 1
396 0 LA092490-0069 0
398 0 FT924-9002 0
400 0 FT931-5666 1
354 0 FT932-13097 0
357 0 FT932-10353 1
360 0 LA032590-0030 1
358 0 LA011190-0074 0
372 0 LA122390-0101 0
371 0 LA041489-0016 0
376 0 LA030889-0148 1
377 0 LA020690-0048 0
373 0 FT923-9138 0
380 0 LA112090-0144 0
386 0 FR940725-0-00064 1
389 0 FBIS4-67741 1
390 0 LA060189-0166 1
387 0 LA070889-0022 0
393 0 FT932-12996 1
394 0 FT932-16392 0
397 0 FBIS3-5281 0
395 0 FBIS4-57911 1
353 0 LA070890-0156 0
352 0 FT924-8717 0
357 0 FT941-2301 1
356 0 LA083089-0024 0
359 0 FT934-3875 0
362 0 LA011689-0101 0
365 0 LA051190-0146 1
366 0 FT931-16618 1
369 0 FT921-4305 0
370 0 LA112389-0164 0
375 0 FR940627-0-00205 0
376 0 FT921-5967 0
378 0 FT943-532 0
385 0 LA062489-0113 1
388 0 FBIS4-45740 1
391 0 FT931-15790 0
389 0 FT932-8913 1
390 0 LA072490-0082 1
392 0 FBIS4-22880 0
393 0 FBIS3-3475 1
395 0 FT944-4346 1
396 0 LA081789-0134 0
398 0 FT922-15549 1
399 0 FBIS4-2524 1
400 0 LA062589-0034 0
351 0 FBIS4-44559 0
357 0 FT943-6374 1
360 0 FBIS3-21874 0
366 0 FR940118-1-00003 0
367 0 FBIS3-46993 1
372 0 FR940111-0-00003 0
381 0 FR941116-2-00048 0
379 0 LA063089-0044 0
383 0 FT924-8240 1
382 0 LA101289-0199 1
384 0 FBIS3-40521 1
389 0 FT932-6256 1
390 0 FR940110-0-00027 1
387 0 FBIS3-59687 1
393 0 FT932-4216 0
397 0 LA121289-0067 0
394 0 FR940513-1-00109 1
395 0 FBIS3-32487 1
353 0 FBIS3-41958 0
354 0 FBIS4-9240 1
357 0 FBIS3-28782 0
356 0 FT933-8376 1
355 0 FBIS3-40388 1
358 0 LA081189-0092 1
362 0 LA030589-0158 1
365 0 FBIS4-44904 0
364 0 LA082390-0001 0
369 0 FR940323-2-00082 1
367 0 FT944-1847 1
368 0 LA031690-0157 1
370 0 FR940118-1-00003 0
375 0 FBIS3-21140 0
374 0 LA030289-0100 1
376 0 FBIS4-55035 1
383 0 LA053190-0222 0
382 0 LA061090-0203 0
384 0 LA070290-0143 1
391 0 FBIS4-45369 0
389 0 FT932-5346 1
390 0 LA020390-0152 1
387 0 FBIS4-66481 1
394 0 FT942-13143 0
395 0 FT923-3223 1
396 0 FT931-10963 0
398 0 FBIS4-20933 1
399 0 FR940603-1-00032 0
354 0 FBIS4-46383 1
355 0 LA052189-0006 0
360 0 FBIS4-67149 1
358 0 LA100490-0132 1
362 0 LA062290-0050 0
367 0 FT944-2053 1
368 0 LA101289-0201 0
374 0 LA121890-0117 1
376 0 FBIS3-327 1
373 0 FT942-577 0
381 0 FT944-10097 0
379 0 LA041690-0015 0
378 0 FT933-9369 0
386 0 LA031890-0043 0
389 0 FT943-7512 1
387 0 FBIS3-19535 1
392 0 FT911-135 1
393 0 LA061690-0004 0
395 0 FT921-6633 0
398 0 LA021489-0100 1
353 0 FT942-7616 1
352 0 FT944-4064 1
354 0 FBIS3-31302 1
357 0 FBIS3-19919 0
359 0 LA032690-0072 1
360 0 FBIS3-22105 0
358 0 LA092789-0070 1
363 0 FT933-8508 0
364 0 FT944-7827 1
366 0 LA010489-0024 1
369 0 LA012289-0118 0
367 0 FT943-9874 1
372 0 FT921-1109 0
370 0 LA102489-0145 0
371 0 FBIS4-57092 0
374 0 LA072290-0038 1
377 0 LA040890-0247 0
382 0 FBIS4-20472 0
388 0 FBIS3-41666 0
389 0 FT922-11732 1
390 0 FBIS3-29 0
387 0 FBIS4-45120 1
392 0 FT941-13625 1
397 0 LA120789-0002 0
394 0 LA022590-0190 0
396 0 LA081290-0070 0
400 0 FBIS4-67533 1
352 0 FT932-5866 0
354 0 LA031190-0003 0
359 0 LA020489-0104 0
358 0 LA012689-0129 0
362 0 FBIS4-1628 0
364 0 FBIS4-67692 1
365 0 LA122390-0109 0
366 0 LA022489-0136 0
367 0 FR940419-0-00123 0
375 0 FBIS4-20472 0
374 0 FT924-13089 1
376 0 LA100389-0067 0
373 0 FT941-1564 0
381 0 LA061490-0089 0
379 0 LA030590-0104 1
378 0 FT944-9433 0
383 0 FT931-3854 1
389 0 FT923-11425 1
387 0 FBIS3-22318 0
392 0 FBIS3-59694 0
393 0 LA061690-0006 0
398 0 FBIS3-57524 1
357 0 FT944-2053 0
360 0 FBIS3-60059 1
363 0 LA071490-0103 0
372 0 LA091090-0131 0
370 0 FR941006-1-00122 1
371 0 FR940126-2-00056 0
374 0 FT942-3741 1
377 0 LA111590-0253 0
383 0 FT922-715 1
388 0 FBIS4-20673 0
389 0 FT924-7398 1
390 0 FBIS4-3105 0
397 0 FR941213-0-00076 0
394 0 LA112189-0033 0
398 0 FBIS3-57539 1
399 0 FBIS3-22452 1
351 0 FT931-16423 0
354 0 LA050390-0185 1
359 0 FT933-546 0
360 0 FBIS3-57998 1
358 0 LA042090-0099 0
362 0 FBIS4-24385 0
370 0 FR941006-1-00129 1
374 0 LA021089-0011 1
373 0 FBIS3-4718 0
380 0 FT941-8994 0
381 0 FT932-13765 0
379 0 LA030589-0031 0
378 0 FT921-2410 0
382 0 FBIS4-20601 0
383 0 LA052690-0134 1
385 0 FBIS3-20639 0
384 0 FT923-13116 0
386 0 LA011090-0025 0
387 0 FT932-9954 0
393 0 FT922-3021 0
395 0 FBIS4-35009 0
396 0 FT933-735 0
398 0 FBIS3-35613 1
399 0 LA062290-0052 1
353 0 LA020189-0006 0
400 0 LA032190-0161 0
354 0 LA080190-0003 0
357 0 FBIS3-18903 0
356 0 LA010790-0103 0
355 0 FBIS3-47420 0
360 0 FBIS3-41157 0
361 0 FR940617-2-00161 0
363 0 FT924-8717 0
364 0 FT922-2616 0
365 0 FT931-9266 0
366 0 LA022389-0216 0
369 0 FBIS3-35116 0
367 0 FT922-6363 0
368 0 FT932-9328 0
372 0 FR940721-2-00149 0
370 0 LA051790-0074 1
375 0 FT943-8061 0
371 0 FT923-3018 0
374 0 LA032890-0081 1
376 0 FR940303-2-00098 0
383 0 FT941-17554 1
388 0 FBIS3-2625 0
389 0 FR941212-1-00034 0
390 0 FT923-406 0
392 0 FBIS3-40533 1
397 0 LA020190-0022 1
394 0 LA100990-0004 0
398 0 LA070689-0179 0
399 0 LA101589-0091 1
352 0 FT944-9034 1
358 0 LA102590-0061 1
362 0 FBIS4-3219 1
370 0 FR940204-0-00010 1
374 0 LA100689-0181 1
373 0 FR940407-2-00134 0
381 0 FT942-12166 0
379 0 LA041489-0166 0
378 0 FT921-7322 1
382 0 FT931-15783 0
383 0 FT944-14949 1
384 0 LA080689-0025 0
387 0 LA101190-0013 0
393 0 LA122789-0073 1
396 0 FBIS3-22237 1
395 0 FT922-1003 1
399 0 LA051090-0143 0
400 0 FT922-5095 1
352 0 FT922-15165 0
351 0 FT943-15117 1
354 0 FBIS4-2437 1
357 0 FT944-13892 1
355 0 FBIS3-21242 1
359 0 FR940907-2-00134 0
361 0 LA032290-0007 0
358 0 LA050890-0131 0
362 0 FBIS4-1795 0
363 0 LA071490-0016 0
364 0 FBIS3-60503 1
365 0 LA022190-0109 1
366 0 LA041889-0026 1
367 0 LA071089-0076 1
368 0 FR940325-2-00079 1
370 0 FR940104-0-00036 1
372 0 LA072789-0146 0
371 0 FT933-2419 0
376 0 FBIS3-1088 0
377 0 LA103090-0054 1
380 0 LA021590-0067 0
378 0 FT923-1926 0
383 0 FBIS4-47446 0
385 0 LA030190-0185 1
389 0 LA011289-0182 1
386 0 LA063089-0044 0
390 0 FR940912-2-00110 1
392 0 LA081490-0052 1
393 0 LA041190-0152 1
397 0 LA082389-0146 1
394 0 LA050690-0098 0
396 0 LA012489-0134 0
395 0 FT944-12438 0
400 0 FT922-7175 1
351 0 LA111290-0139 1
354 0 FBIS4-2451 0
357 0 FBIS3-52563 1
355 0 LA022790-0002 0
364 0 LA010289-0060 1
369 0 LA070190-0075 0
367 0 FBIS4-28798 1
368 0 FT921-7951 0
370 0 FR941212-2-00064 1
377 0 FT921-8547 0
385 0 LA090590-0086 1
389 0 FBIS4-54050 1
387 0 FBIS3-41608 1
393 0 FT932-1561 0
397 0 LA100789-0148 1
399 0 FBIS3-1586 1
400 0 FT921-1694 1
351 0 FBIS3-10646 1
357 0 FBIS4-42864 1
356 0 FR940525-1-00062 0
359 0 LA100790-0239 0
361 0 LA062890-0126 0
362 0 FBIS3-6381 0
363 0 LA042589-0104 0
364 0 LA010889-0041 1
366 0 FT931-2264 1
370 0 FR941206-1-00027 0
372 0 FT923-3970 0
375 0 FBIS4-68336 0
371 0 FBIS3-11284 0
374 0 FT934-14533 1
381 0 LA081790-0144 0
379 0 LA091489-0081 0
378 0 FT944-4447 0
383 0 LA090389-0060 1
384 0 LA070989-0062 0
388 0 LA113089-0159 0
389 0 FT922-14115 1
392 0 FBIS4-39007 0
397 0 LA120690-0090 1
394 0 FBIS4-51747 0
398 0 FT932-8519 0
353 0 LA030490-0202 0
400 0 FT922-5621 1
351 0 FBIS3-50570 1
355 0 FBIS3-40513 0
364 0 LA060190-0138 1
365 0 FR940104-0-00039 1
369 0 LA041990-0188 0
374 0 FT924-10680 1
382 0 FT911-19 0
383 0 LA122790-0224 1
389 0 FT934-2245 1
387 0 FBIS4-30587 0
393 0 LA121590-0063 1
390 0 LA102689-0108 1
397 0 FT911-242 1
395 0 FT933-2521 1
399 0 FBIS4-67574 1
400 0 FT922-5106 1
351 0 FBIS4-10762 1
359 0 LA070789-0092 0
362 0 FT924-3047 0
364 0 LA091890-0152 1
368 0 FBIS4-34764 0
372 0 FBIS4-30725 0
371 0 FBIS4-22953 0
374 0 FT924-14568 1
383 0 FT941-14109 1
389 0 LA033090-0001 1
388 0 FBIS4-20472 0
397 0 FT921-3768 0
394 0 FR940511-1-00056 0
396 0 FBIS3-41804 0
395 0 FBIS3-7258 0
399 0 FBIS4-46590 1
400 0 FT922-4626 1
351 0 FBIS4-33819 0
363 0 FT934-16621 0
364 0 LA110689-0060 0
374 0 FT924-14045 1
378 0 FT931-9774 0
383 0 FT923-11708 1
389 0 FBIS3-19116 1
387 0 FBIS4-15851 0
399 0 FBIS4-46037 1
359 0 LA010289-0064 0
358 0 LA082690-0158 0
362 0 FBIS3-21967 0
365 0 FBIS4-25960 0
372 0 LA021389-0092 0
375 0 LA041189-0020 1
371 0 LA091089-0062 0
374 0 FT944-16690 1
376 0 FT933-4851 0
377 0 LA022490-0158 0
381 0 LA120490-0022 0
379 0 FBIS3-24616 0
383 0 LA110790-0028 1
388 0 LA072990-0199 1
386 0 LA072690-0011 0
397 0 LA042490-0104 0
394 0 LA080290-0179 0
396 0 LA021890-0215 0
395 0 LA091890-0075 0
399 0 FT944-6974 1
353 0 FBIS4-5466 0
398 0 FBIS4-14951 1
400 0 LA091689-0145 0
352 0 FBIS3-29954 0
351 0 LA072390-0020 0
383 0 FT941-12321 0
388 0 LA050890-0018 0
398 0 LA112989-0055 1
363 0 FT942-11123 0
364 0 LA062589-0051 0
365 0 FBIS4-26707 0
368 0 LA070590-0056 0
374 0 LA071990-0064 0
381 0 LA120389-0001 0
378 0 FT933-14923 0
387 0 FBIS4-67533 0
398 0 FBIS4-65389 1
362 0 FBIS3-2234 1
369 0 FT943-12605 0
375 0 FBIS4-43900 0
376 0 LA022689-0109 0
383 0 LA020589-0074 0
385 0 FBIS4-20505 0
386 0 FR940622-1-00068 0
390 0 LA100690-0170 0
393 0 LA092489-0203 0
395 0 FBIS3-14306 0
396 0 FR940817-2-00243 1
353 0 FBIS4-66382 0
399 0 FR940916-0-00044 0
398 0 LA051289-0054 1
400 0 LA031290-0038 0
362 0 FT931-9196 0
363 0 FT934-3952 0
358 0 FT931-12899 0
364 0 FT931-16883 0
365 0 FT931-9258 0
371 0 FT942-801 0
374 0 FBIS3-7627 0
381 0 FT932-7948 0
387 0 FBIS3-22216 1
355 0 FBIS4-49691 1
359 0 FT934-3827 0
376 0 FT921-714 1
379 0 FR940919-2-00094 0
378 0 FT942-10432 0
385 0 FBIS3-40371 1
384 0 LA072089-0206 0
388 0 LA051290-0103 1
387 0 FBIS3-22780 1
390 0 FBIS3-46104 0
394 0 LA010690-0011 0
395 0 FT942-17141 0
352 0 LA022689-0236 0
376 0 FBIS3-14240 0
382 0 FBIS3-21141 0
385 0 FT944-18230 1
386 0 FBIS4-51179 0
353 0 FR941012-2-00098 0
356 0 FT921-16224 1
351 0 FBIS3-19947 1
361 0 LA042790-0115 0
359 0 LA070190-0163 1
362 0 FBIS4-10342 0
358 0 LA012690-0061 1
371 0 FT933-2350 0
373 0 LA071590-0048 0
381 0 LA060989-0161 1
379 0 LA090789-0012 0
378 0 FT923-1294 0
383 0 LA010590-0095 1
385 0 FBIS3-40529 1
388 0 FR940628-1-00024 0
390 0 LA092889-0143 0
397 0 LA060490-0081 1
394 0 LA112989-0059 0
395 0 LA113090-0107 0
396 0 LA110389-0072 1
399 0 LA072989-0035 1
400 0 FT931-6077 1
352 0 FT941-10563 0
359 0 LA040890-0216 0
358 0 LA070490-0057 0
375 0 LA051089-0021 1
376 0 LA080889-0011 0
377 0 LA072390-0123 0
382 0 FT942-9101 0
383 0 FR940412-2-00023 0
385 0 FBIS4-20560 1
387 0 FT944-8187 0
392 0 LA010989-0085 0
397 0 FT933-9208 1
396 0 FR940202-2-00118 0
399 0 LA030589-0080 0
400 0 FT921-14181 1
362 0 FBIS3-10614 0
364 0 LA051290-0135 0
365 0 LA031589-0069 0
375 0 LA053089-0058 1
380 0 FR940106-1-00023 0
381 0 LA090490-0021 0
379 0 FBIS4-45093 0
390 0 FBIS3-60523 0
397 0 LA031489-0124 1
353 0 FR941019-2-00013 0
400 0 FT931-6615 1
352 0 FT932-3752 0
358 0 LA092789-0026 1
375 0 LA061689-0035 1
375 0 LA040189-0001 1
373 0 FBIS3-40468 0
378 0 FT944-2245 0
394 0 FT922-770 0
375 0 LA042389-0078 1
388 0 FBIS4-22907 0
387 0 FBIS3-41464 1
393 0 LA011689-0020 0
353 0 FBIS4-47377 0
352 0 FT944-9847 0
356 0 FR941021-2-00078 0
351 0 FT921-1950 0
355 0 FBIS3-23691 1
361 0 LA112889-0108 1
362 0 LA080689-0167 0
358 0 LA120390-0036 0
364 0 FBIS4-62473 1
369 0 LA012490-0132 0
375 0 LA032489-0053 1
376 0 FBIS4-28810 1
371 0 FT932-9008 1
377 0 FT933-11137 0
381 0 LA083189-0200 0
378 0 FT924-2499 0
382 0 FBIS4-23114 0
386 0 LA092090-0188 0
387 0 FBIS4-53441 1
392 0 FBIS4-44650 1
390 0 FT943-7095 0
397 0 LA092590-0140 1
395 0 FT923-2695 1
394 0 LA090389-0004 0
396 0 FR940405-1-00123 0
355 0 FBIS4-44904 1
363 0 FBIS3-40211 0
364 0 FBIS3-41731 1
375 0 FT924-11887 1
376 0 FBIS4-12049 0
371 0 LA101389-0153 1
380 0 FR940428-1-00005 0
387 0 FBIS4-45922 1
393 0 LA081290-0100 0
397 0 FR941027-2-00123 0
355 0 FT931-16470 0
375 0 LA042689-0147 1
371 0 LA083189-0200 0
381 0 FR941122-2-00061 0
379 0 FT934-6431 0
378 0 FT933-13107 0
387 0 FBIS4-20666 1
394 0 LA051990-0076 0
396 0 FT922-1984 0
353 0 FT934-1364 0
399 0 FR940603-1-00025 0
352 0 FT942-12999 1
351 0 FT924-11025 0
361 0 FT943-12929 0
359 0 FT943-737 0
362 0 FBIS3-21772 0
363 0 LA021589-0143 0
369 0 FBIS3-10956 0
376 0 FBIS3-30165 0
380 0 FT933-7640 0
382 0 FBIS4-42483 0
388 0 FBIS3-24539 0
386 0 FT931-5593 0
392 0 FBIS4-44634 0
390 0 FT943-13448 0
397 0 FBIS4-39995 0
395 0 FBIS4-24813 0
364 0 LA082689-0128 0
377 0 FR940405-1-00062 1
385 0 LA081989-0099 0
386 0 FR940719-2-00084 0
395 0 FBIS4-10983 1
394 0 LA021889-0045 0
359 0 FR940928-0-00027 0
375 0 FBIS4-29696 1
376 0 FT931-5667 0
378 0 FBIS4-42429 0
399 0 LA090190-0044 0
355 0 FR941227-2-00111 0
351 0 FT944-11847 0
362 0 FBIS4-50246 0
375 0 FT931-15783 0
388 0 FBIS3-21034 0
386 0 LA021689-0072 0
390 0 FT933-12072 1
395 0 FT924-13669 0
359 0 FT931-4092 0
371 0 LA030489-0025 0
380 0 LA100990-0095 0
381 0 FBIS3-26740 0
385 0 FR940118-1-00046 0
390 0 LA071290-0133 0
394 0 LA010890-0013 0
352 0 FT942-3091 0
388 0 FT922-12410 0
397 0 FBIS3-2093 0
395 0 FR940317-0-00060 0
376 0 FT923-835 0
373 0 FT923-13257 0
380 0 LA033089-0019 0
385 0 FT923-14293 1
393 0 FT921-494 0
394 0 FT943-10230 0
369 0 LA032389-0210 0
375 0 FBIS4-20601 0
371 0 FBIS4-22954 0
378 0 FT922-1448 0
388 0 FT934-13284 0
352 0 LA103190-0035 1
362 0 FT923-4690 0
351 0 LA021690-0066 0
376 0 LA082589-0087 0
377 0 LA071589-0060 0
381 0 FT922-715 0
382 0 FR940830-2-00026 0
379 0 LA022190-0001 0
393 0 FBIS4-3768 0
394 0 FT924-6738 0
369 0 FBIS3-22510 0
373 0 FT924-10869 0
378 0 FBIS4-42685 1
381 0 FBIS4-57092 0
378 0 FT942-6780 1
382 0 FBIS4-20560 0
384 0 LA021290-0037 0
385 0 FT944-3280 1
392 0 FBIS3-1764 1
393 0 FT922-9141 0
394 0 LA102390-0012 0
362 0 LA062389-0131 0
363 0 FT943-11650 0
369 0 LA061589-0030 0
376 0 FBIS3-438 1
377 0 FT924-10325 0
373 0 FR940711-2-00018 1
378 0 FT942-190 0
388 0 FT923-772 0
392 0 FT944-7188 0
353 0 LA100190-0054 1
399 0 FBIS3-59750 1
364 0 FBIS4-21783 0
376 0 FBIS3-34174 1
379 0 LA061789-0046 0
385 0 FR940627-0-00205 0
397 0 FBIS3-47934 0
399 0 FBIS3-59748 1
376 0 FBIS3-25721 1
371 0 LA021690-0112 0
381 0 FT923-453 0
386 0 FBIS4-46469 0
393 0 LA040290-0056 0
399 0 FBIS4-67377 1
376 0 FBIS4-23195 1
378 0 FBIS3-23561 0
380 0 LA083189-0153 0
388 0 LA102090-0118 0
392 0 FT924-11363 0
399 0 FBIS4-16665 1
359 0 FR941006-1-00063 0
355 0 FBIS4-47374 0
376 0 FBIS4-23194 1
371 0 FBIS4-67533 0
377 0 FT923-2664 0
381 0 LA100889-0040 0
386 0 LA030990-0202 0
394 0 FT944-16265 0
378 0 FT933-5875 0
379 0 FT943-4362 0
356 0 LA120689-0083 0
381 0 FBIS4-36794 0
382 0 FBIS3-21198 0
363 0 FBIS4-21940 0
369 0 LA080389-0137 0
384 0 FBIS3-60336 0
397 0 LA120189-0201 0
394 0 LA030590-0010 0
356 0 LA020589-0078 0
359 0 LA040990-0062 0
378 0 FT924-4751 0
355 0 FBIS4-47382 0
377 0 LA053189-0099 0
381 0 LA110590-0024 0
356 0 LA121489-0052 0
373 0 FT932-12062 0
384 0 LA072189-0108 1
364 0 FT922-2743 0
371 0 FBIS4-31994 0
369 0 LA012490-0173 0
377 0 FT933-11043 1
378 0 FT933-8077 0
384 0 LA121190-0089 1
388 0 FR941222-0-00091 0
359 0 FT932-13266 0
363 0 FBIS4-9820 0
377 0 LA111689-0231 0
373 0 LA031089-0061 0
382 0 FT944-7794 0
379 0 LA080590-0071 0
384 0 LA051290-0078 0
361 0 FT924-10405 0
371 0 FT932-15161 0
378 0 FR940705-0-00038 0
380 0 FR940822-0-00067 0
363 0 FT944-14189 0
384 0 FBIS3-21230 0
397 0 FR941107-2-00056 0
359 0 LA040189-0110 0
373 0 FR940419-1-00049 0
379 0 FR940810-1-00026 0
361 0 LA081190-0123 1
355 0 FBIS3-43038 0
369 0 LA111689-0180 0
377 0 FT921-14043 0
382 0 FT944-18127 0
384 0 LA032690-0041 0
392 0 FT924-1130 1
371 0 LA072890-0140 0
373 0 FBIS4-17258 0
380 0 FR941220-0-00022 0
361 0 LA031890-0125 0
363 0 FT923-6165 0
355 0 FBIS4-66494 0
378 0 FT923-11420 0
377 0 LA072790-0046 0
378 0 FT924-14607 0
382 0 FBIS3-28147 0
379 0 FR940610-2-00225 0
356 0 LA033089-0013 0
384 0 FBIS3-59693 0
386 0 LA090789-0012 0
361 0 FR940203-0-00084 0
377 0 LA092489-0106 0
381 0 LA012590-0010 0
380 0 FT941-139 0
379 0 LA083090-0214 0
397 0 FR940803-0-00104 0
363 0 FBIS4-66489 0
378 0 FBIS3-18910 0
359 0 LA120389-0225 0
355 0 FR940919-0-00023 0
379 0 LA020589-0189 0
392 0 FT942-5669 0
397 0 FT944-15615 0
361 0 FR941025-1-00027 0
363 0 FT941-6061 0
369 0 LA041889-0082 0
371 0 FBIS3-61565 0
377 0 FT924-2275 0
373 0 FBIS4-28994 0
384 0 LA121090-0120 0
356 0 FT931-6710 0
386 0 LA110490-0209 0
359 0 FR940817-2-00287 0
355 0 LA081490-0088 0
381 0 FT933-15325 0
380 0 FR940926-0-00020 0
397 0 FR940106-0-00044 0
377 0 FT922-10514 0
373 0 FBIS4-39976 0
378 0 FT924-3201 1
382 0 FBIS4-44893 1
379 0 LA061190-0063 0
392 0 FBIS3-20966 0
363 0 FBIS3-40503 0
355 0 FR941213-2-00066 0
381 0 LA031490-0028 0
379 0 FBIS4-54344 0
392 0 FBIS4-20504 0
386 0 FR940719-2-00081 0
397 0 FBIS4-54044 0
373 0 FT924-14400 0
380 0 FT934-8402 0
384 0 LA111889-0089 0
382 0 FT942-9950 0
379 0 LA062690-0072 0
397 0 FBIS4-2192 0
359 0 FBIS3-60342 0
355 0 FBIS4-68220 0
392 0 FBIS3-40520 0
386 0 FT934-5499 0
356 0 FT932-7262 0
371 0 FT941-16404 0
377 0 FT943-8462 0
373 0 FR940513-2-00063 1
381 0 LA060590-0014 0
380 0 LA100889-0044 0
382 0 FR940803-0-00110 0
379 0 LA062490-0198 0
397 0 FT934-17200 1
363 0 FT934-5912 0
373 0 FR940516-0-00087 0
381 0 LA010989-0047 0
382 0 FBIS4-66424 0
384 0 FT933-6323 0
355 0 FBIS4-45945 1
371 0 LA020690-0093 0
386 0 FR940610-2-00225 0
355 0 FBIS4-44914 0
381 0 LA111090-0106 0
369 0 FR940118-0-00018 0
373 0 FT923-4154 0
377 0 FT934-2747 1
379 0 FBIS3-43041 0
377 0 FT941-15836 0
359 0 LA010689-0123 0
355 0 LA030389-0115 0
369 0 LA040890-0174 0
373 0 FT944-9616 0
380 0 LA101689-0095 0
356 0 LA071290-0133 0
363 0 FT921-8916 0
361 0 FR940513-1-00101 0
371 0 FR940819-2-00077 0
377 0 FBIS4-10443 1
355 0 FR940506-2-00022 0
369 0 FBIS3-20544 0
373 0 FBIS3-15171 0
377 0 FBIS4-57597 0
380 0 LA052389-0126 0
359 0 LA051490-0102 0
364 0 FBIS3-14704 0
371 0 FBIS4-10664 0
386 0 LA101890-0215 0
363 0 FT922-7220 0
355 0 FBIS4-2523 0
369 0 LA042590-0171 1
373 0 FR940412-2-00164 0
359 0 LA121390-0253 0
384 0 FT923-10876 0
380 0 FT933-11264 0
371 0 FBIS4-51121 0
373 0 FR940926-0-00009 0
369 0 LA110289-0120 0
384 0 FBIS3-23678 0
359 0 LA110590-0095 0
384 0 FBIS4-46469 0
386 0 FBIS4-46649 0
359 0 FBIS4-68893 0
355 0 FBIS4-20504 0
369 0 FR940112-1-00044 0
380 0 FR941206-1-00134 0
356 0 FR940912-2-00112 0
386 0 FT921-16234 0
359 0 LA011489-0115 1
369 0 FBIS4-22927 0
384 0 LA062990-0060 0
359 0 FR940324-2-00073 0
355 0 LA040990-0043 0
380 0 LA011089-0043 0
377 0 FT924-4600 0
356 0 LA020490-0136 0
386 0 FR940725-0-00049 0
355 0 FBIS4-20917 1
369 0 LA112390-0018 0
355 0 FBIS4-29162 1
359 0 LA081290-0196 0
386 0 LA071290-0180 0
355 0 FBIS4-68330 1
380 0 LA070489-0003 1
386 0 FT942-746 0
361 0 FBIS4-42634 0
380 0 FT943-5833 0
384 0 FT921-2261 0
359 0 FT941-10089 0
369 0 FR940202-2-00114 0
369 0 FT941-13341 0
386 0 FR940503-0-00074 0
361 0 FT923-5795 0
380 0 FR940811-2-00138 0
377 0 LA090590-0087 0
384 0 LA102290-0106 0
386 0 FT934-12865 0
361 0 FT934-13495 0
380 0 FBIS4-42522 0
356 0 FT924-10901 0
384 0 LA072389-0079 0
380 0 FR941017-1-00040 0
377 0 FT942-14179 0
384 0 LA061890-0037 0
356 0 FT941-14976 0
380 0 LA102989-0062 0
356 0 FT924-13064 0
361 0 FR940223-2-00074 0
380 0 FR941227-2-00019 0
384 0 LA121290-0156 0
384 0 LA032090-0099 0
356 0 FR940525-1-00078 0
384 0 LA071789-0022 0
356 0 FT921-537 1
384 0 FBIS4-46935 0
356 0 FT924-979 1
356 0 FT931-15358 1
361 0 FT944-11438 0
356 0 FT944-624 0
361 0 LA061290-0135 0
361 0 LA123189-0192 1
356 0 LA091189-0069 0
356 0 FT934-15392 0
361 0 FR940602-1-00023 0
361 0 FR940318-2-00103 0
356 0 LA030290-0067 0
356 0 LA011389-0029 0
361 0 FR940706-2-00116 0
356 0 FBIS4-37784 0
361 0 FR940513-1-00100 0
361 0 FBIS3-42454 0
361 0 FT921-4538 0
356 0 LA082490-0015 0
361 0 FR941025-1-00030 0
361 0 LA120689-0012 0
356 0 FR940628-2-00059 0
361 0 LA021090-0001 0
356 0 LA111089-0085 0
361 0 FT943-10924 0
356 0 LA110689-0058 0
361 0 FT933-15309 0
356 0 FT943-1503 0
356 0 LA041690-0042 0
356 0 FT922-6277 0
361 0 LA020490-0164 0
356 0 LA063090-0103 1
361 0 FT924-1107 0
361 0 FR940406-0-00190 0
361 0 LA082390-0031 0
361 0 LA091290-0178 0
361 0 FR940223-2-00015 0
