414 0 FT944-12369 1
407 0 LA050889-0063 1
420 0 LA121590-0108 1
423 0 FT942-11666 1
403 0 FR940525-1-00062 1
408 0 LA101490-0142 1
415 0 FBIS3-60025 1
404 0 FT934-11680 1
416 0 FBIS4-66355 1
429 0 FR940202-2-00139 0
409 0 FT923-13692 1
406 0 LA080489-0045 1
403 0 FR940525-1-00078 1
450 0 FT941-12873 1
402 0 LA101290-0115 1
414 0 FT921-9644 1
423 0 FT933-2528 1
420 0 LA012489-0059 1
449 0 FT924-5307 1
407 0 FT941-15416 1
415 0 FBIS3-60083 1
429 0 FT932-10547 1
425 0 FBIS3-54773 1
431 0 FBIS3-46247 1
404 0 FBIS4-66076 1
428 0 FBIS4-66212 0
405 0 FT922-11472 1
408 0 LA101390-0102 1
445 0 FT924-8156 1
427 0 LA082089-0008 1
416 0 FBIS3-45088 0
403 0 LA020490-0136 1
410 0 FBIS3-59001 1
409 0 LA092189-0137 0
413 0 FBIS4-53871 1
421 0 FBIS3-27134 0
424 0 LA121390-0235 1
450 0 FT943-14084 1
423 0 FT943-7734 1
441 0 LA092090-0248 1
434 0 FBIS4-22418 1
420 0 LA010489-0041 1
430 0 LA080389-0111 1
444 0 FBIS4-45803 1
414 0 FT943-1006 0
402 0 LA062590-0042 1
447 0 FT923-9701 1
406 0 LA051790-0095 1
437 0 FT942-3871 0
418 0 LA081189-0137 1
419 0 LA040190-0174 1
449 0 LA052190-0106 0
440 0 LA040590-0063 1
435 0 FT941-12411 1
407 0 FT921-6003 1
411 0 FT922-4205 1
415 0 FBIS4-26800 1
438 0 FBIS3-50740 1
445 0 FT924-9001 1
408 0 LA080189-0042 0
412 0 FT931-6812 1
426 0 LA030390-0076 1
405 0 FT943-10128 1
436 0 FT941-7101 1
429 0 LA010590-0062 1
439 0 FR940627-2-00078 0
404 0 FT934-11487 1
431 0 FT922-4414 1
416 0 FBIS3-20616 1
422 0 LA032090-0091 1
450 0 FT943-12560 1
409 0 FT941-758 1
403 0 FR940525-1-00079 1
424 0 LA121490-0059 1
427 0 FT923-10771 1
420 0 LA010389-0040 1
425 0 FBIS4-46741 1
428 0 FBIS3-61443 1
410 0 FBIS4-64577 1
444 0 FR940318-0-00170 1
423 0 FT942-13554 0
446 0 FT943-11047 1
434 0 FT943-14253 1
441 0 LA071989-0117 1
413 0 FT933-19 0
414 0 FT921-8261 0
421 0 FR941206-1-00134 0
419 0 FBIS3-41645 0
433 0 LA080690-0141 0
443 0 FT921-14694 0
406 0 LA101090-0147 0
418 0 LA102189-0167 1
402 0 LA101690-0121 1
430 0 LA061589-0055 1
447 0 FBIS3-40450 1
437 0 FBIS3-40450 1
442 0 LA071090-0093 1
448 0 FT921-11935 1
432 0 LA071189-0069 0
401 0 FBIS4-18182 0
417 0 LA092989-0098 1
407 0 FT941-5453 1
449 0 FBIS4-23024 1
435 0 FT931-892 1
440 0 LA031690-0183 1
415 0 FBIS3-28711 1
408 0 LA101290-0181 0
411 0 LA111289-0106 1
445 0 FT934-408 1
438 0 FBIS4-56177 1
429 0 LA110389-0072 1
404 0 FT934-2053 0
416 0 FBIS3-3877 1
450 0 FT943-10634 1
431 0 FT911-129 1
428 0 LA090990-0090 1
403 0 FR940603-2-00065 1
420 0 LA121289-0035 1
439 0 FBIS3-35 1
425 0 FBIS4-26260 1
427 0 FT924-7120 1
405 0 LA010889-0109 0
423 0 FBIS4-32072 1
414 0 FT944-11926 1
409 0 FT923-13817 1
412 0 FBIS4-21704 1
436 0 FT941-7105 1
424 0 LA121590-0063 1
426 0 LA031490-0004 1
413 0 FT944-17588 1
441 0 LA061389-0087 1
410 0 FBIS3-39341 1
444 0 FR940318-0-00173 1
422 0 FT923-1946 1
419 0 LA042290-0216 0
434 0 FT942-14647 1
406 0 LA091990-0010 1
421 0 FT934-17408 1
430 0 LA082889-0051 1
446 0 FT931-887 1
447 0 FR940505-1-00225 1
437 0 FBIS3-58 0
402 0 FT933-5693 1
443 0 FBIS3-24678 0
433 0 FBIS3-141 0
418 0 LA051889-0088 1
442 0 LA121090-0007 0
432 0 LA101090-0099 0
401 0 FT924-5091 1
448 0 FT943-5644 0
407 0 FT942-17238 1
449 0 FBIS3-40467 1
415 0 FBIS3-41250 1
408 0 LA020289-0156 0
435 0 FT943-5505 0
440 0 FR940513-1-00101 0
417 0 LA093089-0065 1
445 0 LA110789-0149 1
429 0 FT943-1146 1
404 0 FT934-8237 0
411 0 LA101289-0146 1
416 0 FBIS3-45658 1
450 0 FT933-5957 1
431 0 FT922-9444 1
438 0 FBIS3-51134 1
428 0 FBIS3-46698 1
403 0 LA092890-0067 1
420 0 LA121890-0152 1
414 0 FT943-11487 0
425 0 LA091590-0091 1
423 0 FT944-439 1
409 0 FT923-11688 1
405 0 FT944-864 0
427 0 FR941028-2-00201 0
441 0 LA112690-0027 1
436 0 FT931-15371 0
413 0 FBIS4-20648 1
410 0 FT934-14347 1
439 0 FT934-703 1
424 0 LA061490-0082 0
419 0 FT923-438 1
434 0 FBIS4-63677 1
444 0 FBIS4-44747 1
406 0 LA111589-0149 0
412 0 FBIS4-19994 1
422 0 LA062890-0110 0
430 0 LA031389-0095 0
447 0 LA060990-0066 0
421 0 FT932-245 0
402 0 LA050789-0122 1
426 0 LA112589-0119 1
437 0 FBIS3-24653 0
443 0 FBIS3-43189 1
418 0 LA060890-0112 1
433 0 FBIS4-8802 0
446 0 FT932-4527 1
442 0 FR940527-2-00086 0
432 0 FR940314-2-00099 0
415 0 LA121690-0051 1
449 0 FBIS4-23026 1
407 0 FT942-10464 1
408 0 FT923-6110 1
429 0 LA052190-0106 1
404 0 FT942-16203 0
445 0 FT921-7364 1
435 0 FT943-8138 0
440 0 LA040390-0172 1
416 0 FBIS3-45816 1
448 0 FT931-16636 1
401 0 FT924-4344 1
403 0 LA033089-0013 1
450 0 FT933-748 1
420 0 LA112990-0231 1
431 0 FT941-1242 1
428 0 FBIS4-22416 1
423 0 FT933-2532 1
414 0 LA040590-0222 0
438 0 FBIS4-10429 1
411 0 LA120789-0097 0
409 0 LA042089-0111 0
425 0 FBIS3-58171 1
405 0 LA011590-0098 1
417 0 LA092989-0114 1
427 0 FBIS3-22135 1
441 0 LA092690-0153 0
410 0 FT932-16523 1
413 0 FBIS4-27797 1
436 0 FBIS3-27285 0
439 0 FT943-6184 1
444 0 FT943-4354 1
434 0 FBIS4-47093 1
424 0 LA120890-0014 1
419 0 FT933-5056 0
406 0 LA021890-0038 0
430 0 LA121690-0053 1
421 0 FR940810-0-00230 0
447 0 FR940318-0-00147 1
402 0 LA080190-0099 0
422 0 FT934-9676 1
412 0 FBIS4-22140 1
437 0 FT942-10697 1
426 0 LA072989-0111 1
443 0 FBIS3-43135 1
418 0 FT941-15243 1
446 0 FT924-11275 1
433 0 LA100690-0130 0
407 0 LA022689-0070 1
415 0 FBIS3-48525 1
408 0 FR940114-0-00046 1
429 0 FBIS3-41744 1
404 0 FT943-5955 0
449 0 FT923-6175 0
416 0 FBIS3-46009 1
432 0 FR941103-0-00064 0
445 0 FT941-7858 1
420 0 LA030389-0055 0
403 0 LA051889-0006 1
450 0 FT943-13871 1
414 0 FBIS3-24653 0
423 0 FT944-12689 1
435 0 FT943-5797 1
428 0 FBIS4-62081 1
440 0 LA052890-0002 0
431 0 FT923-4774 1
442 0 LA042389-0096 1
438 0 FBIS4-56176 1
425 0 FBIS4-47199 1
405 0 LA020190-0053 1
448 0 FT943-4886 0
409 0 FT941-11932 1
401 0 FT922-9093 1
411 0 LA081090-0071 1
413 0 FBIS3-21114 1
427 0 FBIS3-41575 1
410 0 FT933-16910 1
436 0 FBIS4-66382 0
441 0 LA081989-0064 1
434 0 FBIS3-61392 1
406 0 LA011290-0023 0
430 0 FT911-4886 1
444 0 FBIS4-66450 1
417 0 LA101489-0015 1
419 0 FT941-5694 1
424 0 LA092290-0086 1
439 0 FBIS3-24648 1
447 0 FR940318-0-00154 1
402 0 LA042990-0032 1
422 0 LA062190-0236 1
421 0 LA120590-0094 0
437 0 FT933-1120 0
412 0 FR941206-1-00137 0
415 0 FBIS3-60189 1
429 0 FR940405-1-00055 1
408 0 FR940317-1-00121 0
407 0 FT933-7330 1
418 0 LA102890-0220 1
443 0 FT942-5887 1
426 0 LA072889-0063 1
416 0 FBIS4-11524 1
403 0 LA071290-0133 1
420 0 LA011989-0129 1
450 0 FT941-13153 1
404 0 FBIS4-65646 0
423 0 FBIS4-30975 1
428 0 FT924-11400 1
414 0 FBIS3-61299 1
440 0 LA060689-0153 1
445 0 FT944-2077 1
449 0 FT933-5254 0
431 0 FBIS4-44738 1
446 0 FT931-4450 1
438 0 FBIS4-10983 1
405 0 LA042089-0083 1
433 0 FBIS3-13963 1
435 0 FBIS3-1655 1
409 0 FBIS4-19450 0
425 0 LA102189-0077 1
432 0 FBIS4-32545 0
411 0 LA100189-0095 1
413 0 FT931-11598 0
442 0 LA122890-0062 1
427 0 LA120490-0100 1
410 0 FT931-14276 1
448 0 FT942-12905 0
441 0 FT921-2018 1
434 0 FBIS4-38666 1
444 0 FBIS4-44741 1
447 0 FR940318-0-00208 1
424 0 LA061690-0004 0
419 0 FT934-13811 1
439 0 FBIS3-59779 0
422 0 LA092989-0086 1
406 0 LA101689-0105 0
430 0 LA051089-0041 0
436 0 LA112989-0069 1
402 0 LA032290-0148 1
401 0 FT924-5839 1
421 0 FBIS3-7106 0
417 0 FT931-12874 1
412 0 LA031289-0199 1
437 0 FT943-13555 1
429 0 FR940920-2-00083 1
408 0 FT923-6038 1
415 0 FT921-3261 1
407 0 FT933-9176 1
416 0 FBIS4-49091 1
418 0 LA100990-0120 0
403 0 LA011389-0029 1
450 0 FT941-10100 1
420 0 LA121590-0131 1
423 0 FBIS4-32111 1
404 0 FT922-5442 0
414 0 FBIS4-38627 1
445 0 FT944-1870 1
426 0 LA012990-0011 0
449 0 FT944-10375 0
438 0 FBIS4-10659 0
435 0 FBIS3-1933 1
431 0 LA030589-0277 1
425 0 FBIS4-58263 1
428 0 FT943-6050 1
443 0 LA042789-0136 1
409 0 FT943-9798 0
440 0 FBIS4-50830 1
446 0 FT931-1884 0
433 0 FT911-4174 1
405 0 LA061490-0072 1
413 0 FBIS4-53869 1
427 0 FT921-7202 1
411 0 FT932-4727 1
410 0 FT924-1015 1
434 0 FT924-1909 1
442 0 LA030289-0068 1
447 0 FR940318-0-00146 1
424 0 LA012889-0122 1
419 0 FT934-9592 1
432 0 FT943-1445 0
441 0 LA070189-0089 0
439 0 FBIS3-60251 1
448 0 FT934-1954 1
444 0 FT932-7115 1
430 0 LA051089-0024 0
422 0 LA102789-0118 1
402 0 LA100790-0251 1
406 0 LA052189-0154 0
436 0 LA010189-0124 1
421 0 FT924-14671 1
412 0 FBIS3-23332 1
437 0 FT944-14921 0
401 0 FT924-7558 1
429 0 LA052190-0047 0
407 0 FT933-13637 0
408 0 FT941-17340 1
415 0 FBIS4-45564 1
416 0 FT921-3244 1
418 0 LA021989-0211 1
450 0 FT933-3882 1
403 0 FR940525-1-00063 1
420 0 LA121990-0004 0
404 0 FBIS4-12759 0
417 0 LA010990-0070 1
423 0 FBIS4-55851 1
414 0 FBIS4-9866 1
445 0 LA032589-0088 0
449 0 FR940314-1-00041 0
428 0 FT943-11076 1
435 0 FBIS3-20434 1
438 0 FT942-10654 1
425 0 LA071389-0111 1
431 0 FT933-4691 0
426 0 LA113089-0146 1
440 0 FT924-1107 1
409 0 FBIS4-43146 0
405 0 LA070789-0127 0
413 0 FBIS3-29867 0
443 0 FT934-7737 1
446 0 FBIS4-56591 1
427 0 FT921-9705 1
410 0 FBIS4-44277 1
433 0 FT942-11555 1
411 0 FT944-6915 1
432 0 FT934-6025 0
434 0 FBIS3-61258 1
447 0 FR940318-0-00152 1
424 0 LA090890-0037 1
441 0 FBIS3-60487 1
430 0 LA073089-0143 1
419 0 FT941-8702 0
439 0 FBIS4-28316 1
402 0 LA111689-0162 1
444 0 FR940318-0-00172 1
406 0 FT933-5690 1
448 0 FT942-4810 1
442 0 LA011390-0057 1
436 0 LA020189-0055 1
422 0 LA041290-0157 1
421 0 LA012289-0087 1
429 0 LA122689-0070 0
407 0 FT941-15415 1
408 0 LA092789-0093 1
415 0 FBIS4-26397 1
403 0 FT924-979 1
416 0 FT941-12849 1
450 0 FT944-13606 1
437 0 FT924-12370 0
418 0 LA060890-0107 1
420 0 LA121690-0122 1
423 0 FBIS4-31557 1
404 0 FBIS3-1296 0
412 0 FBIS4-68194 1
414 0 FBIS4-10797 1
435 0 FBIS3-20435 1
445 0 FT942-2917 1
431 0 FT943-11018 0
425 0 FBIS3-10532 1
428 0 FBIS3-43075 1
438 0 FBIS4-51074 1
401 0 FT931-10513 1
413 0 FBIS4-54163 0
409 0 FT943-8643 0
449 0 FT933-7438 1
405 0 LA071690-0100 1
440 0 FBIS3-25944 0
426 0 LA041490-0057 1
417 0 LA061789-0140 1
410 0 FT941-13450 1
427 0 FT924-1885 1
430 0 LA061689-0067 0
411 0 FBIS3-5906 0
434 0 FBIS3-24040 1
419 0 FBIS4-67400 0
443 0 FT933-1136 1
402 0 LA093089-0065 1
446 0 FBIS4-10911 1
441 0 FR940119-0-00034 0
424 0 LA060690-0053 1
447 0 FR940318-0-00157 1
433 0 LA082990-0005 1
444 0 FBIS3-40501 0
406 0 LA111689-0161 0
432 0 FR940617-0-00096 0
439 0 FBIS4-44698 0
448 0 LA111390-0147 1
436 0 LA020389-0043 1
442 0 LA012089-0137 1
408 0 LA102389-0075 1
429 0 FR940202-2-00109 1
407 0 FT941-1511 0
450 0 FT933-5518 1
403 0 FR940525-1-00050 1
421 0 LA012290-0042 0
415 0 FBIS4-30503 1
416 0 FT941-12860 1
422 0 LA110789-0019 1
437 0 LA020890-0174 0
420 0 LA060989-0102 0
423 0 FBIS4-32534 1
404 0 FBIS3-50526 0
414 0 FT934-4579 0
445 0 LA102790-0157 0
418 0 LA072389-0042 1
431 0 FT911-135 1
409 0 LA120589-0083 1
425 0 FBIS4-19819 1
413 0 FT933-15473 1
428 0 FBIS4-41106 0
405 0 LA072390-0060 1
440 0 FT942-3471 1
412 0 FBIS4-68195 1
435 0 FBIS3-40801 0
438 0 LA031590-0065 0
449 0 FR940523-0-00045 1
417 0 LA010689-0154 1
427 0 FT931-5371 1
426 0 LA052890-0098 1
401 0 FT932-5626 1
410 0 FT924-4549 1
430 0 LA060190-0066 0
411 0 LA053190-0084 1
434 0 FT933-934 1
402 0 LA100889-0040 1
447 0 FR940318-0-00149 1
441 0 FBIS4-67664 1
446 0 FT924-8062 1
419 0 FT941-17541 1
424 0 LA090790-0125 1
444 0 FR940318-0-00213 1
406 0 LA051190-0179 0
443 0 FT922-14214 0
433 0 FT924-9510 1
439 0 FBIS4-47444 1
432 0 FBIS4-20472 0
436 0 LA021090-0057 1
403 0 FT932-1044 1
429 0 FT921-7987 0
408 0 LA120489-0058 1
450 0 FT944-15625 1
407 0 FBIS3-41533 0
415 0 FBIS3-21943 1
421 0 LA031889-0105 0
448 0 LA060390-0169 0
416 0 FBIS3-26655 1
420 0 LA121389-0123 1
422 0 LA051889-0110 1
437 0 FT942-13572 0
423 0 FBIS3-30431 1
442 0 LA062890-0232 1
414 0 FBIS3-36211 1
404 0 FT944-18148 1
431 0 FT931-2017 1
409 0 FT921-8099 1
445 0 FT931-11616 1
425 0 LA101890-0111 1
413 0 FT932-13891 1
418 0 LA120190-0060 1
428 0 FBIS4-65670 1
438 0 FT924-11275 0
405 0 LA081989-0069 0
449 0 FR940523-0-00036 0
440 0 LA022890-0075 0
435 0 FBIS3-44378 1
412 0 FT943-5328 1
427 0 FT932-4305 1
426 0 LA030389-0143 1
411 0 LA071789-0059 1
417 0 LA091489-0178 1
410 0 FT932-17156 1
401 0 FT941-5518 0
430 0 LA061789-0067 0
402 0 LA022189-0096 0
434 0 FT942-2218 1
419 0 FT932-7870 0
447 0 FR940318-0-00151 1
424 0 FBIS3-10130 1
441 0 LA073090-0058 0
446 0 FBIS4-22014 0
406 0 LA011590-0099 1
444 0 FBIS4-44913 1
433 0 LA031790-0077 0
443 0 FT941-5911 1
436 0 LA021890-0165 1
439 0 FT922-11195 0
450 0 FT944-13630 1
429 0 FR940202-2-00108 0
403 0 LA010790-0103 1
408 0 FT911-2317 1
415 0 FBIS3-2893 1
432 0 FBIS3-1111 0
407 0 LA100789-0152 1
416 0 FBIS4-2026 1
420 0 LA010390-0086 1
423 0 FBIS4-8497 1
437 0 FBIS3-21153 0
414 0 FBIS3-24655 1
421 0 LA073089-0063 1
422 0 LA070690-0089 1
404 0 FBIS3-19237 1
438 0 FBIS4-2294 1
445 0 FT931-15039 1
413 0 FT923-9006 1
431 0 FBIS4-44855 1
428 0 FBIS4-67704 0
409 0 FT921-8049 1
448 0 LA080190-0139 1
418 0 FT921-4731 1
425 0 LA010390-0055 0
405 0 LA081990-0061 1
442 0 LA102890-0131 1
449 0 FT943-677 0
440 0 FT942-8040 1
435 0 FBIS3-45482 1
412 0 FBIS3-23020 1
427 0 LA052389-0072 1
410 0 FT922-751 1
411 0 FT924-1927 1
426 0 LA081090-0081 1
419 0 FT922-11289 0
402 0 FT921-11140 1
430 0 LA020590-0004 0
447 0 FR940318-0-00153 1
434 0 FBIS3-23777 1
441 0 FR940802-1-00015 1
424 0 FBIS3-55090 0
406 0 LA121789-0114 1
446 0 FBIS3-12936 0
401 0 FT942-17331 0
417 0 LA100790-0251 1
444 0 FR940128-2-00102 1
450 0 FT944-15512 1
436 0 LA031189-0053 1
429 0 FR940202-2-00146 0
433 0 FT924-14023 1
443 0 FT941-15081 0
439 0 FT923-5760 0
403 0 LA041990-0072 1
415 0 FBIS3-48057 1
408 0 FT931-1199 1
416 0 FBIS4-44554 1
407 0 FT934-12959 1
420 0 LA010589-0033 0
414 0 FBIS4-10222 1
423 0 FBIS3-2 0
432 0 FT943-1778 0
437 0 FT911-2332 0
421 0 FT911-2922 1
404 0 FBIS3-19242 1
428 0 FT932-13957 1
431 0 FT923-12990 0
445 0 FT932-2151 1
413 0 FT923-9281 1
438 0 FBIS4-24813 0
409 0 FT921-714 1
418 0 LA020589-0188 1
422 0 LA070990-0048 1
425 0 LA022289-0114 1
449 0 FT922-12251 1
405 0 LA082489-0178 0
448 0 FT922-4205 1
442 0 LA011089-0104 1
440 0 LA061290-0034 0
435 0 FBIS3-59264 0
427 0 LA103190-0163 1
410 0 FT932-12074 1
411 0 FT944-6974 1
412 0 FBIS3-60767 1
426 0 LA032489-0075 1
447 0 FR940318-0-00156 1
419 0 LA041890-0125 0
402 0 FR940817-2-00271 0
430 0 LA070990-0038 0
434 0 FBIS4-22237 1
441 0 FBIS4-45839 1
424 0 FBIS3-55094 1
406 0 LA102890-0062 1
444 0 FR940419-2-00036 0
446 0 FT932-16493 1
450 0 FT943-12406 1
429 0 FR940405-1-00084 0
403 0 LA072289-0144 1
436 0 LA040690-0152 1
433 0 LA062389-0119 0
415 0 FBIS3-60183 1
416 0 FBIS4-44586 1
408 0 FT942-11667 1
417 0 LA022189-0094 1
401 0 FT944-6909 1
443 0 LA060789-0150 0
407 0 FT932-12511 1
439 0 FT923-5794 0
414 0 FBIS4-38629 1
420 0 LA112789-0026 0
423 0 FT932-13808 0
437 0 FR940405-2-00034 0
404 0 FT941-4495 0
428 0 FBIS3-15982 1
431 0 FT932-769 1
445 0 FT941-3868 1
421 0 FT931-15291 1
413 0 FT932-13620 1
409 0 FT922-12921 1
438 0 FT934-4579 1
418 0 LA070489-0134 1
432 0 LA101890-0130 0
422 0 LA032190-0154 1
425 0 FBIS4-36719 1
449 0 FT942-151 1
405 0 FBIS3-42552 1
448 0 LA102689-0185 0
427 0 FT934-14520 1
440 0 FT942-6206 1
435 0 FBIS3-59314 0
410 0 FT934-6237 1
447 0 FR940318-0-00155 1
402 0 LA060589-0049 1
419 0 FBIS4-20472 0
406 0 LA110189-0015 1
434 0 LA081089-0172 0
426 0 LA021290-0041 1
411 0 FT933-8545 1
430 0 FBIS4-46649 0
442 0 LA121089-0170 1
412 0 FT922-10112 1
441 0 FBIS3-41801 0
424 0 FBIS3-57348 1
450 0 FT943-15923 1
429 0 FR940202-2-00107 0
444 0 FR940721-2-00028 1
446 0 FT934-12157 1
403 0 FR940525-1-00054 0
415 0 FBIS4-45563 1
408 0 LA100189-0062 0
436 0 LA040989-0140 1
407 0 LA011589-0122 0
416 0 FT921-1783 1
433 0 FT941-6943 0
443 0 FT942-2534 0
420 0 FBIS4-49735 0
414 0 FT924-5210 1
423 0 FBIS3-9178 0
439 0 FT931-5796 1
401 0 FBIS3-20329 1
417 0 LA112089-0015 1
437 0 FBIS3-24654 0
404 0 FT941-4773 1
428 0 FBIS4-16662 1
431 0 LA103190-0122 0
421 0 FT932-2387 0
445 0 FT921-4820 1
438 0 FBIS3-21296 0
418 0 LA122289-0152 1
409 0 FT922-13723 1
432 0 FBIS4-2356 0
413 0 FT923-10837 1
422 0 LA062590-0134 0
449 0 FBIS4-23029 0
425 0 FBIS4-66776 0
405 0 FT942-5468 0
427 0 FT942-9704 1
440 0 FT932-5791 1
448 0 LA092990-0005 0
435 0 FBIS3-59343 1
410 0 FT941-16995 1
447 0 FBIS3-21198 1
402 0 FT944-12908 1
406 0 LA110189-0139 0
430 0 LA060890-0001 0
434 0 FBIS3-23778 1
403 0 LA030689-0082 0
450 0 FT943-15113 1
419 0 LA022190-0069 0
429 0 FR940405-1-00097 1
424 0 FT924-12871 1
411 0 LA092289-0001 0
441 0 FT933-7438 0
444 0 FR940505-1-00069 0
426 0 LA052990-0014 1
415 0 FBIS4-26653 1
412 0 FT941-8566 0
408 0 LA092189-0125 1
442 0 LA022190-0007 1
416 0 FBIS3-3552 1
407 0 FT921-9502 0
446 0 FT924-12197 1
436 0 LA042790-0171 1
423 0 FBIS4-8644 1
420 0 LA120789-0075 0
414 0 LA060989-0109 0
404 0 FT944-1524 1
418 0 LA012989-0073 1
409 0 FT921-969 1
445 0 FT921-11838 1
431 0 FT922-4578 0
443 0 FT941-11165 0
433 0 LA070590-0081 0
428 0 FT924-9774 0
413 0 FT922-11827 1
439 0 FT934-1290 1
437 0 FBIS3-6898 0
438 0 FT911-2446 1
421 0 FT933-10478 1
425 0 FBIS4-42384 1
449 0 FT923-437 1
422 0 LA070590-0195 1
405 0 LA022689-0112 1
432 0 LA080589-0121 0
401 0 FT911-2806 1
417 0 LA100990-0018 1
440 0 LA112790-0004 0
427 0 FT943-5736 1
448 0 LA102790-0132 0
410 0 FT924-5835 1
402 0 FT923-7735 1
435 0 FBIS4-2468 1
447 0 FR940617-2-00029 0
406 0 FR940817-2-00269 0
403 0 LA011289-0149 0
430 0 FBIS3-22135 0
450 0 FT943-13098 1
434 0 FBIS4-40530 1
429 0 LA062090-0050 1
424 0 LA012789-0022 1
415 0 FBIS4-66983 1
416 0 FBIS3-4253 0
408 0 FT923-6455 1
419 0 FT921-5259 1
420 0 LA082590-0024 0
423 0 FBIS3-9261 1
407 0 FT933-2396 1
414 0 FT932-13478 1
411 0 LA051090-0143 1
441 0 FR940802-1-00013 1
444 0 FR940607-0-00046 0
426 0 FT923-9485 1
446 0 FT934-12416 1
404 0 FBIS3-19753 0
445 0 FT921-11847 1
413 0 FT934-11976 1
443 0 FT924-5594 0
418 0 LA070190-0030 1
409 0 FBIS4-12258 0
436 0 LA050790-0044 1
431 0 FBIS4-44650 1
428 0 FBIS4-46813 0
412 0 LA021489-0026 1
437 0 LA011090-0070 0
442 0 LA050389-0011 1
438 0 FT932-3827 1
433 0 FT921-13871 0
439 0 FT941-5844 1
449 0 FT923-11623 1
421 0 FT934-10056 1
425 0 FBIS4-46047 1
405 0 LA112089-0048 1
440 0 LA061290-0137 1
450 0 FT924-8277 0
403 0 LA111589-0004 0
427 0 FT943-13952 1
422 0 LA062290-0062 1
402 0 LA112090-0153 1
410 0 FT924-6931 1
406 0 LA082889-0040 0
447 0 FBIS3-24505 1
432 0 LA060389-0053 0
429 0 FR940202-2-00119 0
435 0 FBIS4-24896 1
401 0 FT924-4470 1
434 0 FT924-6843 1
430 0 FBIS4-46469 0
448 0 FT942-9026 0
424 0 LA030890-0107 1
417 0 LA072990-0201 1
415 0 FBIS4-28925 1
420 0 LA122189-0163 0
408 0 LA011689-0055 1
419 0 FT921-667 1
423 0 FBIS4-31844 1
414 0 FBIS3-12046 1
416 0 FBIS3-20606 1
407 0 LA030689-0010 1
441 0 FR940523-2-00059 1
404 0 FBIS3-19846 1
411 0 LA071689-0089 1
445 0 FT921-11857 1
426 0 LA022289-0117 1
444 0 FR940607-0-00051 1
413 0 FT921-9880 1
409 0 FT921-5393 1
431 0 FBIS3-40520 1
428 0 FBIS4-47098 1
446 0 FT933-12228 1
418 0 LA060489-0053 1
436 0 LA050790-0045 1
412 0 FT942-16387 1
443 0 FBIS4-24194 1
437 0 FBIS4-60734 0
421 0 FT934-13812 0
449 0 FT924-3416 1
425 0 LA120489-0078 0
438 0 FT922-769 0
439 0 FT941-5845 1
433 0 LA052090-0003 0
442 0 FT941-15248 0
403 0 LA032290-0151 1
440 0 LA112689-0194 1
450 0 FT943-11046 1
405 0 FBIS3-42555 1
422 0 LA100389-0138 1
429 0 FR940202-2-00098 0
434 0 FT923-15132 0
406 0 LA121189-0042 0
410 0 FT944-4056 1
402 0 FR940812-2-00253 1
427 0 FT944-16100 0
447 0 FT942-13574 0
435 0 FBIS4-44477 0
430 0 FR940314-1-00033 0
415 0 FBIS4-52946 1
408 0 LA062590-0054 1
420 0 LA032989-0021 1
414 0 FBIS4-10373 1
424 0 LA032290-0035 1
423 0 FBIS4-31149 1
432 0 LA022889-0109 0
416 0 FBIS3-22373 1
419 0 LA031289-0038 0
404 0 FT931-16787 1
441 0 FT923-453 0
407 0 LA071590-0042 1
445 0 FT924-4560 1
448 0 FT931-15873 0
409 0 FT921-717 1
417 0 FT922-10893 0
426 0 FT931-16885 1
401 0 FT931-2176 1
431 0 FBIS3-20965 1
411 0 LA120790-0036 1
413 0 FT922-11549 1
444 0 FBIS4-20472 1
418 0 LA062889-0123 1
428 0 FBIS3-24133 1
436 0 LA051289-0174 1
449 0 FT924-4056 0
437 0 FT921-4300 1
446 0 FBIS3-34175 1
421 0 FT934-2198 0
443 0 LA070690-0030 0
425 0 FBIS4-10558 1
412 0 FT942-14352 0
438 0 FT923-5044 0
439 0 FT941-7301 1
433 0 FT922-8739 0
403 0 LA051490-0120 0
450 0 FT943-12145 1
442 0 LA121089-0110 0
440 0 LA022890-0105 0
429 0 FR940202-2-00140 0
405 0 FT924-286 0
410 0 FT934-14160 1
406 0 LA110689-0008 0
402 0 FR940705-2-00218 0
422 0 LA022189-0114 1
434 0 FT942-5787 1
447 0 FBIS4-44605 0
427 0 LA050990-0134 0
420 0 LA012690-0020 1
435 0 FBIS4-50117 1
415 0 FBIS4-67209 1
414 0 FBIS3-17768 1
408 0 LA020590-0044 1
430 0 FT911-3300 0
424 0 LA032290-0139 1
423 0 FBIS4-9633 1
416 0 FBIS3-44551 1
404 0 FT934-5486 1
407 0 LA071889-0158 1
432 0 FT942-13042 0
419 0 FT933-14385 0
441 0 LA112789-0001 0
445 0 FT924-6652 1
409 0 FT921-12095 0
431 0 FBIS4-44815 1
426 0 LA020789-0135 1
444 0 FBIS4-67533 0
413 0 FT944-1455 1
411 0 FT944-15925 0
428 0 FBIS3-24330 1
436 0 LA051689-0048 1
449 0 FT924-13606 1
418 0 LA120290-0197 0
448 0 LA011589-0130 1
437 0 FT923-9954 0
446 0 FBIS3-42223 1
425 0 FBIS4-21186 1
401 0 FT932-8519 1
417 0 FT944-4744 1
421 0 FT941-428 1
412 0 FT922-7222 1
438 0 FT932-14557 0
443 0 FBIS3-1509 0
439 0 FT941-10022 1
403 0 LA020590-0052 0
450 0 FT942-4289 1
433 0 FT921-4 0
405 0 FBIS4-46658 0
429 0 FR940405-1-00041 0
440 0 LA121889-0008 0
410 0 LA062090-0079 1
434 0 FT943-21 1
414 0 FBIS4-34643 1
420 0 LA020689-0022 1
427 0 LA102090-0116 0
415 0 FBIS4-45458 1
447 0 FT933-14359 0
406 0 LA022489-0113 1
402 0 LA080190-0001 0
408 0 FT932-611 0
430 0 LA041889-0111 0
422 0 LA022389-0077 1
424 0 LA032990-0042 1
423 0 FBIS4-55493 1
416 0 FBIS3-45857 1
435 0 FBIS4-51098 1
442 0 FBIS4-68275 0
407 0 LA071989-0024 1
404 0 FT934-12716 1
441 0 FR941027-2-00076 0
445 0 FT932-13754 1
419 0 FT942-16263 0
409 0 FT922-12599 0
431 0 FBIS3-40552 1
413 0 FT944-765 0
449 0 FT931-10954 0
418 0 LA022590-0078 1
428 0 FBIS3-35195 1
426 0 FBIS4-21328 1
432 0 FR940620-0-00147 0
425 0 FBIS3-23846 1
437 0 FT921-15570 1
444 0 FBIS4-44893 0
436 0 LA052389-0112 1
446 0 FBIS3-42218 1
421 0 FT941-11410 0
411 0 LA010690-0049 1
448 0 LA100190-0043 0
401 0 FT934-12742 0
417 0 FT933-2963 0
438 0 FT943-44 1
439 0 FT941-11412 1
443 0 LA030789-0060 0
412 0 LA050589-0065 1
403 0 LA061490-0026 0
450 0 FT933-924 1
405 0 LA060889-0110 0
429 0 FR940202-2-00099 0
433 0 FT922-3537 0
440 0 FR940513-1-00099 0
414 0 FT932-13472 1
420 0 LA040390-0017 1
434 0 FT921-12784 1
410 0 FT924-3822 1
415 0 FBIS3-21886 0
406 0 FBIS4-2251 0
408 0 LA071789-0097 1
427 0 FT922-7705 1
402 0 FBIS3-43034 0
447 0 FBIS4-68219 0
423 0 FT934-1562 1
430 0 LA051589-0090 0
416 0 FBIS3-46008 0
422 0 FT911-5359 1
424 0 LA060989-0073 1
407 0 LA080289-0011 1
404 0 FT934-12907 1
435 0 FBIS4-66172 1
441 0 FBIS4-22994 0
445 0 FT933-9689 1
442 0 LA022190-0014 1
431 0 FBIS3-20967 1
409 0 FT922-12839 1
419 0 FBIS3-33102 0
418 0 LA041089-0053 1
449 0 FT933-5461 1
413 0 FT932-15853 1
428 0 FT943-5141 1
425 0 FBIS3-45903 1
436 0 LA060789-0060 1
421 0 FT941-15564 1
444 0 FBIS4-44730 1
437 0 FT922-60 0
426 0 LA070390-0036 1
446 0 FBIS3-23248 0
432 0 FBIS3-43196 0
411 0 LA071689-0001 1
448 0 FBIS4-15452 0
401 0 FT934-2531 1
417 0 FT933-15822 1
438 0 LA073190-0122 0
439 0 FT941-14188 1
443 0 FT933-5759 0
403 0 FR940525-1-00046 0
450 0 FT941-17555 1
412 0 LA051690-0101 1
405 0 LA102289-0098 0
429 0 FR940202-2-00136 0
414 0 FBIS3-50839 0
420 0 LA081490-0030 1
434 0 FBIS4-61785 1
415 0 FBIS3-41168 1
440 0 FT933-5438 0
408 0 FT911-2443 0
410 0 FT922-9239 1
433 0 LA110589-0124 0
406 0 FBIS4-67660 1
427 0 FT924-6027 0
402 0 FBIS3-42996 0
447 0 FBIS3-43108 0
423 0 FT921-14925 0
416 0 FBIS4-1561 1
430 0 FBIS3-37947 0
424 0 LA062990-0013 1
422 0 LA120589-0170 1
404 0 FT941-3772 1
407 0 LA082889-0023 1
435 0 FBIS4-66212 1
445 0 FT934-11650 1
441 0 FBIS3-59753 0
431 0 FBIS3-21244 1
409 0 FT942-3706 0
419 0 LA121389-0085 1
449 0 FT943-7095 1
413 0 FT922-11720 1
418 0 LA061589-0025 0
428 0 FBIS4-47143 1
444 0 FT933-14063 1
437 0 FT941-2928 1
425 0 FT921-14379 1
442 0 LA052490-0236 1
421 0 FT942-17235 1
436 0 LA061189-0156 1
426 0 LA082890-0062 1
411 0 LA042990-0234 1
446 0 FBIS3-13076 1
438 0 LA032489-0175 1
432 0 FR940912-1-00081 0
448 0 FT931-16591 0
401 0 LA021689-0012 1
417 0 FT941-4934 1
403 0 FR940525-1-00051 0
439 0 FT942-5665 0
450 0 FT943-6333 1
443 0 LA032289-0112 1
429 0 FR940202-2-00110 0
405 0 FBIS3-23684 0
420 0 LA101590-0075 1
414 0 FT922-8462 1
415 0 FBIS4-26801 1
408 0 FT944-16873 0
410 0 FT922-8566 1
434 0 FBIS4-46885 1
440 0 LA032190-0066 0
412 0 FT941-4175 1
406 0 FT934-15831 0
423 0 FT934-11937 0
402 0 FBIS4-20645 1
427 0 FT942-5212 0
416 0 FBIS4-3217 1
447 0 LA021689-0063 0
433 0 FR941125-2-00099 0
430 0 LA010289-0056 0
424 0 LA080989-0007 1
422 0 FT933-10293 0
404 0 FT941-3775 1
407 0 FBIS3-22269 1
441 0 LA111390-0102 1
445 0 FT934-11863 1
431 0 FBIS3-40533 1
409 0 FT942-17044 1
449 0 FT943-9461 1
435 0 FBIS4-66256 0
425 0 FT921-14192 1
428 0 FT924-10640 1
413 0 FT922-11476 1
418 0 LA061790-0038 1
437 0 FT922-2316 0
444 0 FBIS4-42070 0
419 0 FBIS3-24648 1
421 0 FT944-10928 1
436 0 LA062090-0061 1
411 0 LA111190-0047 0
442 0 LA042390-0087 1
426 0 LA100189-0103 1
446 0 FT921-13393 0
438 0 LA032689-0043 1
432 0 LA072990-0101 0
448 0 FT921-6247 0
403 0 LA010390-0067 1
450 0 FT934-6691 1
439 0 FT942-13969 0
420 0 LA102989-0059 0
429 0 FR940202-2-00128 0
405 0 FT922-11525 1
414 0 FT922-12873 0
415 0 FBIS4-45309 1
408 0 LA100889-0098 1
443 0 FT911-1306 0
410 0 FT923-15717 0
440 0 FBIS4-5198 1
434 0 FBIS4-22567 0
417 0 LA062290-0047 1
401 0 FT923-5389 1
423 0 FBIS4-7539 0
402 0 FT933-16361 0
406 0 FR940414-2-00052 1
416 0 FBIS4-4262 1
412 0 FT941-3863 1
427 0 LA011790-0106 1
447 0 FR940516-1-00090 0
404 0 FT941-4712 1
422 0 LA060190-0020 1
407 0 FBIS3-26515 0
424 0 LA090690-0230 1
430 0 FBIS3-42400 0
449 0 FT943-10078 0
441 0 LA091890-0087 0
431 0 FBIS3-40223 1
409 0 FBIS3-12465 0
433 0 LA050690-0140 0
445 0 FT934-13060 1
425 0 LA122889-0074 1
435 0 FBIS4-66698 1
418 0 LA070189-0112 0
437 0 FT942-2256 0
413 0 FT922-11333 1
428 0 FT922-626 0
444 0 FBIS3-42384 0
419 0 FBIS3-42464 1
421 0 FT944-16745 1
436 0 LA071190-0083 1
411 0 FBIS3-61057 0
446 0 FBIS3-34820 1
403 0 LA042589-0052 0
450 0 FT943-15066 1
420 0 LA120389-0074 1
415 0 FBIS4-27658 1
429 0 FT911-4484 0
414 0 FBIS4-33400 1
426 0 LA050790-0072 1
405 0 LA102290-0067 1
438 0 LA072990-0020 1
408 0 LA092190-0055 1
434 0 FT942-14645 1
410 0 FT924-1888 1
442 0 LA012589-0143 0
439 0 FT942-1384 1
440 0 FBIS4-23283 0
448 0 LA121989-0106 1
432 0 FR940930-0-00212 0
443 0 FT932-3840 0
423 0 FBIS4-8806 0
416 0 FBIS4-50715 0
406 0 LA122289-0051 0
427 0 LA030689-0003 1
402 0 LA020789-0112 0
447 0 FT942-2612 0
404 0 FBIS3-19662 1
412 0 FR941206-1-00140 0
407 0 LA022189-0029 0
449 0 LA061389-0023 0
430 0 LA020290-0101 0
441 0 FBIS3-22509 0
409 0 FT921-2687 1
445 0 FT941-6743 1
431 0 FBIS4-44733 1
417 0 LA091189-0089 0
422 0 LA121289-0148 1
424 0 LA090990-0089 1
401 0 FT924-11397 1
433 0 LA100990-0018 0
418 0 LA082490-0038 0
425 0 FT944-18638 1
437 0 LA020990-0152 0
428 0 FT922-8172 0
413 0 FR941021-0-00006 0
419 0 FT922-10896 0
435 0 FT921-12447 0
444 0 FBIS3-23499 0
421 0 LA062490-0058 0
450 0 FT933-912 1
403 0 LA082890-0074 0
420 0 FT933-9825 1
415 0 FBIS4-45305 0
408 0 LA111390-0147 1
429 0 FR941107-2-00231 0
414 0 FT944-12680 0
411 0 FT921-9363 0
436 0 LA072289-0066 1
405 0 LA120890-0048 1
434 0 FBIS3-24320 1
410 0 FT932-11119 1
438 0 LA112590-0045 1
446 0 FBIS3-22960 1
440 0 LA062190-0015 0
442 0 FBIS3-2913 0
426 0 LA081790-0133 1
423 0 FBIS4-54516 0
416 0 FT911-3436 0
439 0 FT943-13935 1
443 0 FBIS4-48079 1
406 0 FBIS3-889 0
448 0 LA041589-0050 1
402 0 LA111590-0041 1
404 0 FBIS3-19026 1
427 0 LA082289-0139 1
407 0 LA030990-0080 0
449 0 LA070489-0051 0
432 0 LA090390-0027 0
447 0 FR940104-2-00023 0
412 0 FBIS3-45385 1
445 0 FT943-15291 1
441 0 LA082189-0067 0
409 0 FT922-14616 1
430 0 FT942-15112 0
431 0 FBIS3-59639 1
422 0 FT942-1212 0
424 0 FBIS3-57033 1
417 0 LA122989-0009 1
401 0 FT924-11673 0
433 0 LA102290-0080 0
418 0 LA090889-0025 0
425 0 FT931-2762 1
413 0 FT924-1650 1
437 0 FT924-6000 1
428 0 FT924-6488 0
419 0 FT944-18126 1
435 0 FT934-7698 1
403 0 FT944-12240 0
421 0 FBIS3-21080 0
450 0 FT943-9887 1
444 0 FBIS4-66416 0
420 0 FT933-12612 1
429 0 FR940202-2-00137 0
414 0 FBIS4-34324 1
415 0 FBIS4-21166 1
408 0 FT911-1248 1
423 0 FBIS3-20865 0
410 0 FT941-12878 1
434 0 FT942-12004 1
405 0 LA102590-0235 1
416 0 FT922-14361 1
436 0 LA082190-0081 0
426 0 LA051289-0078 1
411 0 FT934-6249 0
438 0 FBIS3-14284 1
440 0 FT942-14617 0
446 0 FBIS4-9716 1
439 0 FT944-7278 1
442 0 LA050189-0077 1
406 0 FBIS3-61574 0
404 0 FT941-3863 1
402 0 LA062890-0104 1
448 0 FT931-15376 0
427 0 LA021689-0113 1
443 0 FBIS3-14573 0
449 0 LA112789-0028 0
407 0 LA090190-0099 0
409 0 FT922-15449 1
445 0 FT924-10442 1
431 0 FBIS4-44660 0
441 0 FR941205-2-00034 0
424 0 FT924-12496 1
430 0 FT921-16219 0
422 0 LA011090-0055 1
447 0 FT933-13190 0
432 0 FT934-15036 0
425 0 FBIS4-42562 0
418 0 LA110589-0059 0
413 0 FT923-13332 1
433 0 FT921-12803 0
428 0 FT924-11153 0
437 0 FT923-15731 1
412 0 FR941206-1-00136 0
401 0 FBIS3-19897 1
417 0 FBIS4-25449 0
403 0 LA072089-0050 0
450 0 FT943-13669 0
419 0 FBIS3-43002 1
420 0 FT933-12618 1
421 0 FBIS4-20692 1
435 0 FT942-13785 0
414 0 FT933-10100 0
429 0 FR940202-2-00138 0
444 0 FR940318-0-00169 0
408 0 FT911-1465 1
423 0 FBIS4-7711 0
415 0 FBIS4-2802 1
410 0 FBIS3-59008 1
434 0 FBIS3-16266 1
405 0 LA111789-0151 1
416 0 FT922-14835 1
436 0 LA090889-0122 1
438 0 FBIS3-32487 1
440 0 LA092590-0125 0
404 0 FT944-10368 1
411 0 FT924-6731 0
406 0 FR941117-0-00147 0
439 0 FBIS3-6846 1
426 0 LA110590-0077 0
402 0 LA090789-0028 0
449 0 FT922-2252 0
407 0 FT921-6098 0
445 0 FT931-9901 1
442 0 LA051390-0183 1
427 0 LA050689-0095 1
446 0 FT933-15385 1
409 0 FT934-6857 1
431 0 FBIS4-44737 1
447 0 FT922-578 0
430 0 FT944-2707 0
448 0 LA011390-0061 0
443 0 LA071889-0120 0
441 0 FR941107-2-00231 0
424 0 FT924-1588 1
422 0 FT943-14076 0
432 0 FR941202-2-00139 0
413 0 FBIS3-44557 0
425 0 FBIS3-36841 1
418 0 FT921-514 1
433 0 LA031989-0196 0
437 0 FT932-1692 0
428 0 FT924-2555 0
412 0 FT941-4019 1
450 0 FT934-9101 1
420 0 LA052290-0049 0
414 0 LA061890-0107 0
403 0 FR940104-0-00034 0
429 0 FR940405-1-00040 0
415 0 FBIS4-26902 1
423 0 FT924-11963 0
408 0 FT911-1940 1
416 0 FBIS3-20660 1
419 0 FBIS3-43040 1
410 0 LA121589-0087 1
434 0 FBIS3-42854 1
404 0 FT943-3644 1
421 0 FBIS4-21427 1
444 0 FBIS3-59764 0
435 0 FT943-3807 1
405 0 LA112190-0043 0
440 0 LA021090-0137 1
438 0 FBIS3-50579 1
411 0 FT922-14087 0
407 0 LA082290-0131 0
427 0 FT921-8446 1
436 0 LA091190-0090 1
406 0 FR940126-2-00108 0
449 0 FT923-6847 0
402 0 FT922-7420 1
417 0 LA061090-0142 1
445 0 FT932-6456 1
439 0 FBIS3-45247 1
431 0 FBIS3-1764 1
401 0 FBIS4-65395 1
426 0 LA101189-0043 1
446 0 FT933-15380 1
409 0 FT921-1976 1
430 0 FBIS4-66185 0
447 0 FR940810-2-00024 0
442 0 LA061790-0133 0
448 0 LA022790-0102 0
441 0 FBIS3-22658 0
443 0 FT932-6262 0
424 0 FT932-13258 1
422 0 FT921-406 1
413 0 FT944-14233 1
425 0 FBIS3-22682 1
418 0 FT922-10117 1
428 0 FT931-7593 1
420 0 LA012989-0113 1
403 0 LA083089-0024 0
450 0 FT943-10856 1
414 0 LA050690-0129 1
415 0 LA091689-0063 0
437 0 FT933-3647 1
429 0 FR940405-1-00085 0
408 0 FT911-2203 1
433 0 LA021490-0060 0
423 0 FBIS4-32625 0
416 0 FBIS4-4248 0
432 0 FT943-7512 0
412 0 FBIS3-19120 1
419 0 FBIS4-45730 0
410 0 FT921-7727 1
434 0 FBIS3-18825 1
421 0 FT922-9438 0
404 0 FT942-12261 1
444 0 FT932-13993 0
435 0 FBIS3-22186 1
405 0 FBIS4-46651 1
407 0 FBIS3-22368 1
406 0 FT922-715 0
440 0 LA092489-0044 0
427 0 LA011589-0120 1
402 0 LA011690-0092 0
449 0 FT944-3523 0
431 0 FBIS3-40420 1
438 0 FBIS3-51016 1
436 0 LA092190-0077 1
445 0 FT941-7795 1
447 0 FT933-13124 0
411 0 LA030589-0073 1
409 0 FT921-8837 0
430 0 LA111890-0172 0
446 0 FBIS3-34563 1
426 0 LA082789-0056 1
439 0 FBIS4-44747 1
417 0 FT932-10258 1
448 0 FBIS4-13392 0
441 0 LA070289-0123 0
401 0 FBIS4-65434 1
413 0 FT944-4626 1
424 0 FT933-7928 1
442 0 LA061889-0074 0
443 0 FT944-17976 1
422 0 LA062690-0019 1
425 0 FT933-6924 1
418 0 FT922-1999 1
403 0 LA041290-0081 0
450 0 FT943-9719 1
420 0 LA042990-0138 1
414 0 FBIS4-10025 1
428 0 FT944-5125 0
415 0 FBIS4-20988 0
408 0 FT942-10724 0
429 0 FR940202-2-00118 0
423 0 FBIS4-31315 0
416 0 FBIS4-66185 1
437 0 FT933-6464 0
433 0 LA083089-0134 0
410 0 FBIS4-44278 1
404 0 FBIS3-19025 1
412 0 FBIS3-52981 1
432 0 LA081190-0049 0
434 0 FBIS4-61316 1
419 0 LA040890-0156 1
421 0 FT922-10234 0
444 0 FT934-3789 0
435 0 FBIS4-67704 1
405 0 FT911-3681 1
407 0 LA062490-0004 1
427 0 FR940318-0-00111 1
406 0 FT931-10954 0
449 0 FT932-13841 0
431 0 FBIS3-20966 1
402 0 FT934-2739 1
440 0 FBIS4-28035 1
438 0 FBIS4-24711 1
436 0 LA100590-0074 1
445 0 FT941-8960 1
409 0 LA112190-0152 0
447 0 FBIS4-21491 0
430 0 FR941025-1-00009 0
411 0 FT941-2544 0
426 0 LA012789-0145 1
441 0 FBIS3-22597 0
446 0 FT933-3290 1
439 0 FBIS4-51883 1
424 0 LA030690-0166 1
413 0 FT921-10554 1
422 0 LA050390-0251 1
448 0 FR940513-0-00074 0
401 0 FT944-9693 1
425 0 LA022590-0101 0
403 0 FR940112-1-00044 0
450 0 FT933-5611 1
417 0 FT942-456 0
443 0 FT921-8887 0
420 0 LA122689-0070 1
414 0 FT923-1106 0
418 0 FT923-952 1
415 0 LA010189-0079 0
408 0 FT944-12299 0
442 0 FBIS3-27579 1
429 0 FR940405-1-00042 0
423 0 FBIS3-9134 0
428 0 FBIS3-43066 1
416 0 FBIS3-45822 1
404 0 FBIS4-46194 1
410 0 FT923-3617 1
405 0 FT931-16055 1
421 0 FT924-8553 0
407 0 LA111190-0042 1
419 0 LA110789-0075 0
437 0 FT934-10025 0
434 0 FBIS3-23781 1
444 0 FR940511-1-00090 0
427 0 LA062190-0054 1
431 0 FBIS3-40455 0
433 0 FBIS3-36078 0
402 0 FBIS4-68388 0
406 0 LA072690-0178 0
412 0 LA093090-0090 1
449 0 FBIS3-41801 0
435 0 FBIS3-2020 1
438 0 FBIS4-28131 1
440 0 FBIS3-12946 1
436 0 LA101590-0051 1
432 0 FR940106-2-00133 0
445 0 FT942-132 1
409 0 LA122289-0117 0
447 0 FR940916-1-00030 0
441 0 LA111590-0227 0
430 0 LA060290-0152 0
411 0 LA061889-0115 1
424 0 LA030890-0022 1
426 0 LA050990-0092 1
446 0 FBIS4-60695 0
439 0 FBIS4-52218 1
413 0 FT941-11316 0
450 0 FT943-14806 1
403 0 LA012990-0041 0
420 0 FBIS3-22133 1
415 0 FBIS4-27476 1
414 0 FT921-8126 1
425 0 LA110890-0039 1
408 0 LA100789-0097 0
418 0 FT924-10247 1
429 0 LA012490-0120 0
423 0 FT933-15656 0
422 0 LA032990-0225 1
448 0 FBIS3-24469 0
443 0 FBIS4-44192 0
416 0 FBIS4-47629 1
428 0 FBIS3-24021 1
404 0 FT941-4490 1
405 0 FT941-17652 1
407 0 LA080590-0065 1
410 0 FBIS3-18733 1
421 0 FT934-12375 1
431 0 FBIS3-40516 1
401 0 FT923-3818 0
434 0 FBIS3-15427 1
402 0 FT941-5519 0
427 0 FBIS3-60385 1
419 0 LA121089-0232 0
417 0 FT944-4861 1
437 0 FR940822-2-00031 0
444 0 FBIS4-44816 0
442 0 LA100990-0034 1
406 0 LA061889-0114 0
445 0 FT944-16774 0
435 0 FBIS3-3671 1
412 0 LA123089-0060 1
449 0 FBIS4-33295 0
433 0 FT933-7909 0
438 0 FBIS4-49095 1
440 0 FT941-15622 0
436 0 LA101690-0001 1
432 0 LA051590-0044 0
409 0 FBIS4-43145 0
430 0 LA041590-0095 0
447 0 FBIS3-47041 0
441 0 LA082689-0127 0
411 0 FT934-6421 0
424 0 LA031690-0124 1
446 0 FT943-6049 1
403 0 LA091489-0031 0
426 0 LA090190-0139 1
450 0 FT943-15934 1
415 0 FBIS4-45307 1
414 0 FT932-6585 0
420 0 FBIS3-43002 0
408 0 LA080289-0005 0
439 0 FBIS4-44821 0
425 0 FBIS4-62084 1
413 0 FT931-8500 0
429 0 FT942-6645 0
418 0 FT931-8082 1
423 0 FBIS3-31798 0
422 0 LA081790-0069 1
416 0 FBIS3-7395 0
448 0 LA091189-0051 0
404 0 FT942-8049 1
405 0 FT944-12147 1
428 0 FT943-16216 1
410 0 FBIS3-19523 1
407 0 FT923-1974 1
443 0 FT922-4427 0
421 0 FT941-5980 0
427 0 FT933-1362 1
431 0 FT911-133 0
402 0 FT922-715 1
434 0 FBIS3-61259 1
419 0 FR940407-0-00013 0
444 0 LA052889-0112 0
406 0 FBIS3-54380 0
445 0 FT924-6311 1
438 0 FT911-1946 1
437 0 FT942-17640 0
435 0 FBIS4-1797 1
449 0 LA062289-0200 0
401 0 FT944-9898 1
440 0 LA081190-0123 0
409 0 FT922-12224 0
441 0 LA081989-0134 0
436 0 LA101889-0118 1
412 0 LA091689-0123 1
430 0 LA091289-0127 0
433 0 FBIS3-27826 0
417 0 FT921-8725 1
447 0 FT944-6367 0
442 0 LA102489-0058 1
432 0 FT932-17338 0
403 0 FR940912-2-00090 0
415 0 FBIS4-29647 1
450 0 FT943-12960 1
420 0 FBIS3-43040 0
414 0 FT921-13094 0
424 0 LA032989-0117 1
408 0 FT931-7520 0
446 0 FT924-11146 0
426 0 LA120590-0046 1
429 0 FT924-15322 0
423 0 FBIS4-23121 0
411 0 FT941-4422 0
425 0 FBIS4-68371 1
418 0 FT942-8137 1
413 0 FT933-12902 1
439 0 FT924-13186 1
422 0 LA120189-0116 1
416 0 FT932-7110 1
404 0 FT943-6067 1
405 0 LA112690-0067 1
448 0 FBIS3-32012 0
410 0 FBIS3-57961 1
407 0 LA030189-0109 1
428 0 FT944-10671 0
443 0 FBIS4-48038 0
427 0 FBIS3-22510 0
421 0 FT942-5283 0
434 0 FT922-7816 1
402 0 LA042990-0020 1
406 0 FBIS3-22658 0
431 0 FBIS4-20472 0
419 0 FR940526-0-00012 0
445 0 FT941-8192 1
449 0 FT944-13995 0
437 0 FT934-2006 0
444 0 FBIS3-40203 0
438 0 FT921-4263 0
435 0 FT932-13560 0
440 0 LA112989-0008 0
436 0 LA102390-0018 1
409 0 FT922-14212 0
441 0 LA052190-0106 0
430 0 LA121590-0129 0
447 0 FR940505-1-00109 0
401 0 LA050789-0068 1
412 0 FT941-4724 1
417 0 LA090290-0118 1
432 0 LA062289-0068 0
433 0 FBIS4-8584 0
442 0 LA102689-0081 1
450 0 FT921-3964 1
403 0 FBIS4-44913 0
415 0 FT921-3152 1
420 0 FBIS3-56360 1
414 0 FT923-10781 0
408 0 LA091789-0200 1
429 0 FR940405-1-00129 0
424 0 LA032290-0025 1
446 0 LA052290-0102 0
426 0 LA051789-0077 1
423 0 LA061290-0094 0
425 0 FT943-14585 1
411 0 LA050490-0070 0
413 0 FT934-16557 0
418 0 FT942-13614 1
416 0 FT942-9118 1
404 0 FT944-10376 1
407 0 LA112689-0095 0
405 0 FT922-11742 1
410 0 FT924-13737 0
439 0 FT924-1947 1
422 0 LA062690-0167 1
428 0 FT943-9226 1
448 0 FBIS3-3321 0
427 0 FR940513-1-00069 0
434 0 FT932-1653 1
443 0 FR940224-2-00151 0
421 0 FBIS4-51392 0
431 0 FT932-6741 1
406 0 FR941212-1-00021 0
402 0 LA061190-0016 0
419 0 LA112989-0123 1
437 0 FT942-2267 0
449 0 FBIS3-3767 0
444 0 FBIS3-21050 0
445 0 FT932-11644 1
409 0 FT922-13857 0
441 0 LA101289-0111 0
438 0 FT921-6633 1
435 0 FT943-5793 0
436 0 LA102390-0082 1
440 0 FBIS3-7251 0
430 0 FT941-13574 0
447 0 FBIS4-44635 0
412 0 LA091689-0057 1
433 0 FT922-5459 0
432 0 FBIS3-5775 0
450 0 FT942-13340 1
403 0 LA042690-0002 0
415 0 FT941-6154 0
417 0 LA110289-0086 0
420 0 FT923-6156 0
414 0 FT942-16668 1
408 0 LA083090-0002 1
442 0 LA010589-0084 1
401 0 FBIS4-58335 0
429 0 FR940405-1-00054 0
446 0 FBIS3-52822 1
424 0 LA052689-0092 1
423 0 FT934-781 0
426 0 LA042490-0008 1
425 0 FBIS4-59139 1
413 0 FT922-7622 1
411 0 FT922-13817 0
418 0 FT944-8434 1
416 0 FBIS3-44542 1
405 0 FT932-5036 0
407 0 LA021890-0065 1
404 0 FT942-2441 1
410 0 FBIS3-19679 1
428 0 FBIS4-3960 1
422 0 LA021489-0070 1
439 0 FT934-13547 0
427 0 FR941028-2-00202 0
434 0 FBIS3-61393 1
448 0 FBIS4-17109 0
443 0 FT943-192 0
421 0 FT934-17401 1
406 0 FT932-7262 1
402 0 LA073090-0057 1
419 0 FT932-284 0
431 0 FBIS3-40527 0
445 0 FT941-5312 0
444 0 FR940318-0-00142 0
449 0 FR940106-2-00052 0
409 0 LA031789-0067 0
441 0 LA021890-0038 0
437 0 FR940106-0-00172 0
438 0 FT921-15886 1
435 0 FBIS3-3812 1
430 0 FT944-3412 0
436 0 LA061489-0005 1
440 0 FBIS4-66264 0
403 0 FR941130-0-00122 0
447 0 FT923-9334 0
433 0 FBIS3-29567 0
415 0 FBIS3-4313 0
450 0 FT924-7491 0
420 0 FR940112-1-00044 1
408 0 LA091989-0139 1
414 0 FBIS4-11156 0
412 0 LA100589-0098 1
432 0 FR940413-2-00166 0
429 0 LA082489-0115 0
446 0 FT923-5711 0
423 0 FBIS4-31962 0
424 0 FT921-15121 1
425 0 LA022490-0076 1
413 0 FBIS4-53872 1
417 0 LA071990-0064 0
426 0 LA092790-0013 1
442 0 LA062290-0153 0
416 0 FT911-3434 1
405 0 FT944-128 1
407 0 FT934-7141 0
404 0 FBIS4-44285 1
401 0 FT921-14215 1
411 0 FT944-15143 0
418 0 LA112489-0119 0
410 0 FT931-16236 0
428 0 FBIS4-32115 0
422 0 FT934-9905 1
439 0 FT941-4396 0
427 0 LA051190-0177 1
434 0 FT942-14644 1
448 0 FR940317-1-00121 0
406 0 LA092589-0071 0
421 0 FT932-19 0
443 0 FBIS3-774 0
431 0 FT922-11806 1
402 0 LA062589-0077 0
419 0 FR940425-1-00021 0
445 0 FT942-17503 1
449 0 FBIS3-40 0
441 0 LA092689-0080 0
444 0 FR940216-2-00036 0
409 0 LA103190-0165 0
437 0 FT941-11460 0
438 0 FT922-4619 1
435 0 FBIS4-1755 0
430 0 FBIS3-42399 0
403 0 LA110189-0018 0
450 0 FT943-11390 1
436 0 LA070589-0092 0
415 0 FBIS3-28834 1
447 0 FR940921-2-00025 0
440 0 FT932-10481 0
420 0 FR940602-1-00023 1
433 0 LA100490-0010 0
414 0 FT924-9832 0
429 0 FR940202-2-00097 0
408 0 LA092989-0171 1
423 0 FT934-16974 0
425 0 FBIS4-2072 1
412 0 LA100189-0090 1
424 0 FT922-1871 1
413 0 FT923-15658 1
446 0 FT931-4997 1
432 0 FT944-16473 0
416 0 FT921-2010 1
405 0 FBIS4-46660 1
404 0 FBIS4-65837 1
407 0 FT932-7459 1
426 0 LA011189-0135 1
410 0 FT943-14597 0
428 0 FBIS3-42726 0
418 0 LA120289-0127 0
417 0 FT943-13019 0
427 0 LA102490-0132 1
434 0 FBIS4-46991 0
422 0 FT942-7085 0
442 0 LA012089-0016 1
411 0 LA070189-0070 0
439 0 FT941-5843 0
401 0 FT923-174 1
448 0 FT944-18938 1
406 0 LA072289-0145 0
421 0 FT933-4383 0
431 0 FT923-7461 1
402 0 LA090789-0104 0
443 0 FT922-466 0
419 0 LA080690-0048 0
445 0 LA100289-0105 1
449 0 FT923-14971 0
441 0 LA101289-0068 0
444 0 FBIS3-21143 0
409 0 LA122189-0212 0
437 0 FT943-4804 0
403 0 LA062190-0031 0
450 0 FT942-11628 1
430 0 LA083090-0217 0
420 0 FR940719-1-00081 0
415 0 FBIS3-41249 1
438 0 FT922-9465 1
435 0 FBIS4-2213 0
447 0 FBIS4-46670 0
408 0 LA100289-0005 1
429 0 FR940202-2-00115 0
414 0 FT943-3008 0
436 0 LA070690-0027 1
440 0 LA062790-0104 0
425 0 FBIS4-21094 1
423 0 FT911-1126 0
433 0 LA012890-0190 0
424 0 FT931-15835 1
412 0 LA010389-0034 1
413 0 FT924-7121 0
416 0 FT942-7356 1
404 0 FBIS3-23472 1
405 0 FT943-3693 1
407 0 LA080590-0037 0
410 0 FT924-6924 1
426 0 LA011089-0138 1
428 0 FT943-5357 1
446 0 FT933-1145 0
418 0 FT911-4184 1
432 0 FR940223-0-00061 0
427 0 LA101290-0053 0
434 0 FBIS3-42852 1
439 0 FT921-15680 0
422 0 LA010390-0051 1
411 0 LA102890-0046 0
406 0 FR940719-2-00089 0
417 0 FBIS4-46763 0
419 0 FT923-12524 0
431 0 FBIS3-59512 1
445 0 FT911-4175 0
421 0 FT924-8720 1
402 0 FR940204-2-00090 1
449 0 FR941202-2-00139 0
442 0 LA012590-0020 1
401 0 FT923-177 1
448 0 FT944-18722 1
443 0 LA071790-0125 0
441 0 LA092490-0069 0
403 0 FT921-739 0
409 0 LA050989-0113 0
444 0 FBIS4-67581 0
437 0 FR940428-0-00014 0
450 0 FT933-2154 1
415 0 FBIS3-41253 1
420 0 FR940817-2-00226 0
430 0 LA081890-0061 0
438 0 FT922-1003 0
435 0 FBIS4-2413 1
429 0 FR940405-1-00037 0
447 0 FT922-334 0
408 0 FBIS4-25767 1
414 0 FT932-2679 0
436 0 LA071390-0080 1
423 0 FBIS4-8711 0
425 0 FR940204-0-00023 0
440 0 LA123090-0012 0
424 0 LA011490-0150 1
416 0 FT943-15837 1
413 0 FT941-16213 0
404 0 FBIS3-19594 1
433 0 FT942-4011 0
405 0 LA082489-0132 0
412 0 LA031989-0099 1
407 0 FT944-8277 1
410 0 FT934-16124 1
426 0 LA101689-0078 1
418 0 FT924-1054 1
428 0 FBIS3-60425 1
446 0 FT942-13789 1
434 0 FT943-11570 1
427 0 FT934-15411 0
432 0 FT934-14942 0
406 0 LA052589-0194 0
439 0 FT922-11695 0
422 0 FT943-7186 1
411 0 FT931-16470 0
431 0 FBIS3-35 1
419 0 LA022589-0084 0
421 0 FT941-427 0
417 0 FT932-15646 0
403 0 LA020990-0100 0
445 0 FT934-14389 1
441 0 LA031089-0169 0
409 0 LA010289-0027 0
402 0 FBIS3-59753 0
443 0 LA022189-0021 0
450 0 FT933-2144 1
449 0 LA122890-0089 0
430 0 LA081690-0149 0
448 0 FT931-15361 0
420 0 LA010590-0047 0
415 0 FBIS3-41251 1
444 0 FR940705-2-00159 0
437 0 FT942-3404 0
429 0 FR940202-2-00101 0
408 0 FT911-124 1
414 0 FT921-3603 0
438 0 FT923-6187 0
435 0 FBIS4-3651 0
442 0 LA042289-0075 1
436 0 LA080589-0049 1
447 0 FT921-371 0
423 0 FT922-5276 0
401 0 FT932-4582 1
404 0 FT934-11424 1
416 0 FT943-16426 1
425 0 FT933-13344 1
440 0 LA112689-0137 1
405 0 LA082789-0096 0
413 0 FT941-9066 0
424 0 LA011690-0095 1
412 0 FBIS3-12680 1
407 0 LA100989-0033 0
410 0 FT921-9511 1
418 0 FT943-2636 1
426 0 LA110890-0034 1
433 0 FBIS4-8684 0
428 0 FT933-7393 1
446 0 FT932-13545 1
434 0 FT922-5369 1
427 0 LA070389-0031 0
406 0 FT941-10017 0
439 0 FT941-5846 1
432 0 FR940706-0-00054 0
411 0 FT931-15873 0
422 0 LA111190-0041 1
419 0 FR940526-0-00006 0
431 0 FT944-18195 1
421 0 FBIS4-21366 0
445 0 FT934-3058 1
403 0 FR940104-0-00035 0
417 0 LA061689-0103 1
450 0 LA091890-0045 1
415 0 FBIS3-41252 0
420 0 LA011690-0088 0
449 0 FBIS3-12849 0
409 0 LA030589-0192 0
402 0 FR941021-1-00036 0
430 0 LA062490-0050 0
441 0 FBIS4-33295 0
443 0 FBIS4-788 0
444 0 FBIS4-25595 0
429 0 LA032190-0081 0
408 0 FT911-396 1
414 0 FT921-14610 1
423 0 FT922-3517 0
438 0 FT923-9719 0
435 0 FT943-4154 1
437 0 LA081589-0076 0
436 0 LA081189-0072 1
448 0 FT931-16245 0
404 0 FT943-2944 0
416 0 FT921-8199 0
447 0 FBIS4-68220 0
425 0 LA022390-0067 1
442 0 LA050489-0159 1
405 0 LA082889-0097 0
401 0 LA052889-0098 0
440 0 FR940513-1-00105 0
413 0 FT944-16148 0
407 0 LA082090-0058 1
410 0 FT944-9461 1
428 0 FBIS4-23217 0
424 0 LA020490-0003 1
412 0 FT943-5597 0
418 0 LA030790-0139 1
426 0 LA022390-0161 1
433 0 LA102890-0125 0
406 0 FBIS3-60409 0
434 0 LA051390-0170 1
431 0 FBIS4-44916 0
419 0 FBIS4-44724 0
411 0 LA060489-0055 0
422 0 LA111689-0149 1
439 0 FT941-8702 0
446 0 FBIS4-25625 0
427 0 LA102989-0050 0
403 0 FR940104-0-00036 0
450 0 LA050590-0115 0
445 0 FT941-4163 1
421 0 FBIS3-22152 0
415 0 LA092490-0071 1
420 0 LA111690-0087 0
432 0 LA012089-0090 1
443 0 FR940711-0-00072 0
414 0 FT922-12623 0
429 0 FR940405-1-00114 0
408 0 FT911-815 1
449 0 FT923-11350 1
409 0 LA010589-0105 0
402 0 LA100890-0105 0
430 0 LA051790-0194 0
444 0 FR940826-0-00100 0
441 0 LA092689-0119 0
423 0 FT943-9109 0
417 0 FBIS4-29117 1
438 0 FT923-3223 1
437 0 FT933-15057 0
435 0 FT943-6050 1
416 0 FBIS4-45607 0
404 0 FBIS3-19797 1
436 0 LA090589-0011 1
447 0 FT943-14296 0
448 0 FT933-10360 0
425 0 FBIS3-21770 1
405 0 LA102290-0066 0
407 0 FBIS4-39626 0
440 0 FR941102-1-00119 0
413 0 FBIS4-49420 0
410 0 FBIS3-19680 0
424 0 FBIS3-35492 1
428 0 FT932-3422 1
401 0 LA100590-0009 1
442 0 LA052189-0093 1
418 0 LA030890-0005 1
406 0 LA031089-0169 0
412 0 LA080589-0053 1
431 0 FT934-9399 0
434 0 FBIS4-61838 1
419 0 FBIS3-24665 0
433 0 FR940112-0-00119 0
426 0 LA071190-0028 1
446 0 FBIS3-34047 0
439 0 FT941-8703 1
450 0 FT943-4881 1
422 0 LA042190-0125 1
427 0 FT924-8027 0
411 0 LA071190-0115 0
403 0 FT923-453 0
445 0 FT941-8007 1
415 0 FBIS4-45299 1
420 0 FBIS3-24469 0
429 0 FR941107-2-00226 0
414 0 FT941-16799 0
408 0 FT923-4094 1
421 0 FT922-15423 0
409 0 LA051690-0101 0
449 0 LA122489-0119 0
402 0 FT944-9872 0
444 0 FBIS3-40450 0
441 0 LA041889-0082 0
423 0 FT941-6472 0
430 0 FBIS3-58984 0
443 0 FBIS3-783 0
416 0 FBIS4-51140 0
438 0 FT924-7498 0
404 0 FT923-8482 0
432 0 LA042589-0108 1
437 0 FR940128-1-00045 0
435 0 LA051190-0078 1
417 0 FBIS4-29097 1
436 0 LA092090-0244 1
447 0 FT921-13537 0
405 0 LA052890-0021 1
425 0 LA031590-0166 1
448 0 FT943-316 0
407 0 FR941104-1-00055 0
413 0 FT944-12759 1
440 0 LA032290-0007 1
410 0 LA070190-0033 1
428 0 FBIS3-60292 1
424 0 FBIS3-35497 0
418 0 LA032289-0006 1
406 0 LA010189-0070 0
431 0 FBIS3-20888 1
434 0 FT944-3611 1
419 0 FBIS3-41666 0
450 0 FT944-10340 1
403 0 LA032489-0093 1
439 0 FT941-8704 1
442 0 LA102390-0071 1
415 0 FBIS4-45212 1
427 0 LA011389-0090 1
420 0 LA090290-0177 0
433 0 LA080389-0191 0
412 0 FR941206-1-00142 0
445 0 FT941-9703 1
401 0 FBIS3-39928 1
426 0 LA100690-0040 1
446 0 FT932-7061 0
411 0 FR940511-0-00043 0
422 0 LA091990-0164 1
414 0 FT931-8550 1
429 0 LA062389-0128 0
408 0 LA100489-0073 0
421 0 LA093090-0238 0
409 0 LA093090-0090 0
449 0 FT932-2516 0
402 0 LA121989-0030 0
444 0 FR940405-1-00080 0
423 0 FBIS4-5 0
441 0 LA081990-0064 0
430 0 LA060989-0167 0
443 0 FR941230-0-00123 0
404 0 FT942-2168 0
416 0 FBIS3-20483 1
438 0 FT924-9467 1
437 0 FT924-7251 0
432 0 LA052589-0076 1
435 0 FBIS3-4119 0
417 0 LA030690-0151 0
436 0 LA093089-0080 1
405 0 LA041090-0148 0
447 0 FT924-14493 0
425 0 FBIS4-26054 0
407 0 LA011490-0067 1
448 0 LA080189-0042 0
413 0 FT942-9083 1
428 0 FT931-15415 0
410 0 FBIS3-20175 1
440 0 FT941-2512 0
418 0 LA032989-0112 1
424 0 FBIS3-55711 0
406 0 FBIS3-22509 0
431 0 FT931-6266 1
450 0 FT933-2304 1
434 0 FBIS4-46884 1
419 0 FR940425-1-00020 0
439 0 FT941-11410 0
415 0 FBIS4-66995 1
427 0 LA070590-0168 0
445 0 FT921-11046 0
433 0 FT932-2172 0
429 0 FBIS3-60562 0
408 0 LA100489-0154 0
422 0 LA110690-0009 1
411 0 LA090390-0077 0
409 0 LA110189-0013 0
412 0 LA122989-0055 1
442 0 LA041290-0164 0
426 0 LA061190-0093 1
402 0 LA101090-0147 0
401 0 FBIS4-19210 1
421 0 LA122489-0217 1
446 0 FT942-15963 1
449 0 FR940804-1-00057 0
441 0 FT944-18645 0
404 0 FT943-4437 0
430 0 FT931-792 0
444 0 FT921-11550 0
416 0 FBIS3-46276 1
438 0 FT924-9868 1
437 0 FR940224-2-00034 0
405 0 LA101690-0023 0
436 0 LA100490-0053 1
435 0 FBIS3-44465 0
443 0 FT931-318 0
447 0 FT943-947 0
407 0 LA033090-0084 1
425 0 LA101589-0077 1
432 0 LA071289-0062 0
413 0 FT944-10885 0
417 0 LA083189-0200 0
410 0 FT911-1963 1
428 0 FBIS4-5423 1
431 0 FT942-5669 1
448 0 FT943-536 0
440 0 FR940513-1-00100 0
418 0 LA051390-0093 0
424 0 FT944-2004 1
406 0 FT943-1002 0
419 0 LA021890-0170 0
434 0 FT933-14717 1
427 0 LA030790-0003 0
439 0 FT941-12792 1
445 0 FT922-2871 1
422 0 LA083090-0180 1
402 0 FT933-13787 1
409 0 LA042190-0024 0
449 0 FBIS3-4466 0
433 0 LA062589-0049 0
411 0 LA072790-0075 0
446 0 FBIS3-53482 0
421 0 FBIS4-67546 1
426 0 LA102390-0072 0
441 0 LA112089-0054 0
412 0 FT941-4211 1
444 0 FBIS3-22251 0
430 0 LA060889-0082 0
442 0 LA041390-0210 0
401 0 FBIS3-19647 0
405 0 FBIS3-42553 1
437 0 FR941007-2-00049 0
438 0 FT924-11146 1
436 0 LA101290-0151 0
435 0 FT931-10612 1
425 0 FR940204-0-00024 0
447 0 LA012489-0022 0
431 0 LA092189-0061 1
443 0 FBIS4-18481 0
428 0 FBIS4-22433 1
410 0 FT942-13390 1
413 0 FBIS4-25647 0
440 0 FBIS4-20331 0
418 0 LA070889-0130 1
424 0 FT944-2219 1
432 0 LA030489-0068 1
417 0 FT943-1287 1
434 0 FBIS4-17272 1
406 0 LA010189-0074 0
419 0 FR940920-1-00044 0
427 0 FT944-3522 0
448 0 FBIS4-66185 0
439 0 FT941-14186 1
445 0 FT924-388 1
402 0 FBIS3-59718 0
422 0 LA120690-0256 1
433 0 FT923-13727 0
449 0 FT921-2018 1
441 0 LA051190-0179 0
430 0 LA073089-0110 0
405 0 FT943-13986 1
411 0 LA072489-0054 0
446 0 FT933-281 0
436 0 LA110290-0028 1
421 0 FT924-9744 0
444 0 FT923-10246 0
425 0 LA092589-0045 0
438 0 FBIS3-50988 1
426 0 LA011889-0112 0
437 0 FT921-16212 1
435 0 FBIS4-25051 0
412 0 FT942-14370 0
442 0 LA050189-0025 1
401 0 FBIS3-23448 1
410 0 FBIS4-43047 0
428 0 FT942-1376 1
447 0 FT941-9620 0
443 0 FBIS4-36607 0
413 0 FBIS3-47269 0
440 0 FT921-2818 1
418 0 LA073089-0030 1
424 0 LA062190-0255 0
427 0 FBIS4-67639 0
434 0 FBIS4-15358 1
419 0 FR940526-0-00010 0
432 0 LA081789-0061 0
417 0 FT922-334 0
439 0 FT941-1390 1
448 0 LA100690-0063 0
422 0 LA092490-0081 1
441 0 LA113090-0156 0
430 0 LA031389-0096 0
433 0 FT944-9935 0
446 0 LA122490-0039 0
421 0 LA081089-0038 1
426 0 LA082789-0196 1
437 0 FT922-8308 0
436 0 LA120289-0137 1
444 0 FT923-3535 0
438 0 FBIS4-10907 1
435 0 FBIS4-50706 1
411 0 LA082690-0212 0
412 0 FBIS3-2067 1
442 0 LA051290-0002 1
401 0 FBIS4-65539 1
447 0 FT921-7321 0
418 0 LA082989-0013 1
424 0 FT921-7444 1
440 0 FR940513-1-00112 0
443 0 FT933-1169 1
419 0 LA040889-0058 0
438 0 FBIS4-51813 0
422 0 FT924-5192 0
439 0 FT941-2933 0
421 0 LA080389-0074 1
432 0 LA011989-0006 1
433 0 FT924-11547 0
446 0 FT924-8057 1
444 0 FBIS4-68753 0
436 0 LA120590-0109 1
437 0 FT931-6398 0
411 0 FR940511-0-00076 0
417 0 LA082990-0115 0
435 0 LA021190-0104 1
426 0 LA070389-0068 1
448 0 FBIS3-5675 0
440 0 FT921-16055 0
443 0 FR941206-1-00134 0
412 0 FBIS3-46136 1
422 0 FT932-38 0
433 0 FT923-4572 0
436 0 LA121190-0025 0
442 0 LA051990-0143 1
401 0 FT934-5796 1
439 0 FT942-4319 0
411 0 LA050490-0107 0
426 0 LA072289-0127 1
435 0 FBIS3-35195 1
446 0 LA102789-0180 1
432 0 LA110289-0147 1
448 0 LA101289-0146 1
417 0 FT942-6552 0
412 0 FT941-4429 0
422 0 FT924-5190 0
443 0 LA051289-0046 0
442 0 LA100889-0057 0
411 0 LA062290-0052 0
446 0 LA102889-0098 1
433 0 FT943-2522 0
439 0 FT942-5666 1
426 0 LA040490-0137 1
448 0 LA053089-0040 0
401 0 FT944-9692 1
412 0 LA091790-0043 0
432 0 LA011989-0012 1
446 0 FBIS3-23109 1
443 0 FBIS3-2647 0
426 0 LA070689-0007 1
417 0 LA061290-0132 0
433 0 LA102190-0029 0
442 0 LA101289-0002 1
448 0 LA050490-0056 1
401 0 FBIS4-44309 0
432 0 LA020289-0104 1
443 0 FT923-7350 0
412 0 LA032389-0197 0
433 0 FT924-6302 0
417 0 FT942-2831 0
442 0 LA040789-0138 1
448 0 FT931-15040 0
412 0 FBIS3-46099 0
432 0 LA011689-0002 1
401 0 FBIS4-64475 1
417 0 LA082689-0086 0
448 0 FT944-3634 0
442 0 LA042890-0079 1
432 0 LA011889-0067 1
401 0 FT924-452 1
417 0 LA122289-0125 0
442 0 LA052889-0143 1
432 0 LA010290-0086 0
401 0 FT933-2163 1
417 0 LA050890-0097 0
442 0 LA060189-0147 1
401 0 LA050990-0034 0
417 0 LA111689-0162 0
442 0 LA072590-0017 1
401 0 LA100290-0174 1
417 0 LA061590-0134 0
401 0 LA100890-0131 1
