401 0 FBIS4-18182 0
403 0 LA033089-0013 1
402 0 LA062590-0042 1
404 0 FT934-2053 0
405 0 FT922-11472 1
406 0 LA080489-0045 1
407 0 LA050889-0063 1
409 0 FT923-13692 1
408 0 LA120389-0130 1
410 0 FT934-14347 1
413 0 FT923-9006 1
411 0 FT922-4205 1
414 0 FT943-1006 0
415 0 FBIS4-26800 1
412 0 FR941206-1-00137 0
416 0 FBIS3-45088 0
417 0 LA093089-0065 1
418 0 LA102189-0167 1
419 0 LA040190-0174 1
420 0 LA121590-0108 1
421 0 FR941206-1-00134 0
422 0 LA032090-0091 1
423 0 FT933-2528 1
424 0 LA121490-0059 1
425 0 FBIS3-54773 1
426 0 LA012990-0011 0
428 0 FBIS4-47098 1
427 0 LA082089-0008 1
429 0 LA110389-0072 1
430 0 LA061589-0055 1
431 0 LA030589-0277 1
432 0 LA081190-0049 0
433 0 LA080690-0141 0
434 0 FBIS4-22418 1
435 0 FT941-12411 1
437 0 FT942-10006 0
436 0 FR940819-1-00053 0
438 0 FT922-769 0
439 0 FBIS3-23562 0
440 0 FT932-5791 1
442 0 FBIS4-13202 0
441 0 LA061389-0087 1
444 0 FBIS4-45803 1
443 0 FT933-5770 0
445 0 FT924-9001 1
447 0 FBIS3-40450 1
446 0 FT943-11047 1
448 0 FT943-316 0
403 0 FR940525-1-00062 1
449 0 FT924-5307 1
450 0 FT943-14084 1
402 0 LA101290-0115 1
401 0 FBIS4-9582 0
405 0 LA092489-0134 0
406 0 LA051790-0095 1
407 0 FT921-6003 1
409 0 LA120589-0083 1
408 0 LA101490-0142 1
410 0 FT933-16910 1
413 0 FT923-10837 1
411 0 LA111289-0106 1
415 0 FBIS3-28711 1
417 0 LA092989-0098 1
418 0 LA081189-0137 1
419 0 FBIS4-20472 0
420 0 LA012489-0059 1
422 0 FT921-406 1
423 0 FT942-11666 1
424 0 LA121390-0235 1
425 0 LA091590-0091 1
428 0 FBIS4-66212 0
427 0 LA070389-0031 0
429 0 FR940202-2-00139 0
430 0 LA080389-0111 1
431 0 FBIS3-40520 1
434 0 FT942-14647 1
435 0 FT943-5505 0
440 0 FT942-3471 1
441 0 LA071989-0117 1
444 0 FR940318-0-00170 1
445 0 FT924-8156 1
447 0 FT923-9701 1
446 0 FT931-887 1
403 0 FR940525-1-00079 1
449 0 LA052190-0106 0
450 0 FT941-12873 1
402 0 FT933-16361 0
404 0 FBIS4-66076 1
406 0 LA101090-0147 0
407 0 FT941-15416 1
409 0 LA031789-0067 0
408 0 LA080189-0042 0
410 0 FBIS3-59001 1
413 0 FBIS4-53871 1
411 0 LA101289-0146 1
414 0 FT921-8261 0
415 0 FBIS3-41250 1
412 0 FBIS3-61015 0
416 0 FBIS3-46008 0
417 0 FT934-9583 0
418 0 LA051889-0088 1
420 0 LA121289-0035 1
421 0 FR940727-1-00050 0
422 0 FT923-1946 1
423 0 FT944-12689 1
424 0 LA061490-0082 0
425 0 FBIS4-46741 1
426 0 FR940314-0-00003 0
430 0 LA051089-0041 0
431 0 FBIS3-46247 1
432 0 LA032990-0044 0
433 0 FT932-15098 0
434 0 FBIS4-47093 1
437 0 FT942-3871 0
436 0 LA101890-0199 0
438 0 LA022689-0163 0
439 0 LA100589-0058 0
440 0 LA121889-0008 0
442 0 FBIS3-17422 0
441 0 LA112690-0027 1
444 0 FBIS4-44747 1
443 0 FT921-14694 0
445 0 FT934-408 1
447 0 FT922-334 0
446 0 FT931-4450 1
448 0 FBIS4-17109 0
403 0 LA092890-0067 1
450 0 FT924-8277 0
404 0 FT934-11423 1
401 0 FT924-4470 1
405 0 FT944-864 0
407 0 FT941-5453 1
410 0 FBIS3-39341 1
413 0 FT923-9281 1
411 0 LA120789-0097 0
415 0 FBIS3-60025 1
418 0 LA060890-0112 1
419 0 FBIS3-41645 0
420 0 LA010489-0041 1
422 0 FT911-5359 1
423 0 FT933-2532 1
425 0 LA101890-0111 1
428 0 FBIS3-3671 0
427 0 FT923-10771 1
431 0 FBIS4-44815 1
434 0 FBIS3-42852 1
435 0 FT943-8138 0
441 0 LA092090-0248 1
444 0 FR940318-0-00173 1
445 0 LA110789-0149 1
446 0 FT931-1884 0
403 0 LA051889-0006 1
449 0 FT922-12251 1
404 0 FT943-5955 0
406 0 LA111589-0149 0
407 0 LA022689-0070 1
409 0 LA122289-0117 0
408 0 LA061989-0095 0
410 0 FT932-16523 1
413 0 FT933-19 0
414 0 FT944-12369 1
415 0 LA121690-0051 1
412 0 FBIS4-21704 1
416 0 FBIS3-3711 0
417 0 LA092989-0114 1
418 0 LA040989-0214 0
420 0 LA010389-0040 1
421 0 FT931-2779 0
422 0 LA032190-0154 1
423 0 FT942-13554 0
424 0 FBIS3-24330 0
425 0 FBIS3-45903 1
426 0 LA022689-0068 0
427 0 FR941028-2-00203 0
430 0 LA082889-0051 1
431 0 FT911-135 1
432 0 LA080790-0111 0
433 0 LA031989-0196 0
434 0 FBIS3-36117 0
437 0 FT941-873 0
436 0 FBIS3-27285 0
438 0 FBIS4-10429 1
439 0 FR940627-2-00078 0
440 0 FR940513-1-00101 0
441 0 LA092690-0153 0
444 0 FR940318-0-00213 1
443 0 FR941012-2-00117 0
445 0 FT921-7364 1
447 0 FR940505-1-00225 1
448 0 FBIS4-13392 0
403 0 FR940525-1-00078 1
450 0 FT944-13606 1
402 0 FR940817-2-00271 0
401 0 FBIS3-17077 0
405 0 FBIS3-42549 0
407 0 LA100789-0152 1
410 0 FT924-1015 1
414 0 FT921-9644 1
415 0 FBIS4-66983 1
412 0 FT941-4175 1
417 0 LA093090-0112 1
420 0 LA121690-0122 1
422 0 FT934-9676 1
425 0 FBIS4-26260 1
428 0 FBIS4-38757 0
430 0 LA020590-0004 0
431 0 FBIS4-20472 0
435 0 FBIS3-27959 0
438 0 FBIS3-21296 0
442 0 LA071090-0093 1
444 0 FT943-4354 1
445 0 LA032589-0088 0
447 0 LA060990-0066 0
446 0 FR940817-0-00065 0
403 0 LA020490-0136 1
449 0 FBIS4-23031 0
450 0 FT933-5957 1
404 0 FT944-18148 1
407 0 FT942-17238 1
409 0 LA050989-0113 0
408 0 LA082389-0064 0
410 0 FT931-14276 1
413 0 FT933-15473 1
411 0 FT944-6915 1
414 0 FT922-12873 0
415 0 FBIS3-60083 1
412 0 FT931-6812 1
416 0 FBIS3-25805 0
417 0 LA101489-0015 1
418 0 LA052189-0009 1
420 0 LA121590-0131 1
421 0 FBIS4-25731 1
422 0 FT933-10293 0
423 0 FBIS4-55851 1
424 0 LA012889-0122 1
425 0 FBIS4-47199 1
426 0 LA030390-0076 1
427 0 FR940405-1-00137 0
429 0 FT932-10547 1
432 0 FBIS3-56338 0
433 0 LA012890-0190 0
434 0 FT931-11394 0
436 0 FBIS3-4209 0
437 0 FBIS3-24653 0
439 0 FBIS3-58 0
440 0 FBIS3-67 0
442 0 LA070889-0019 0
441 0 FT921-16387 0
444 0 FBIS4-44913 1
443 0 FBIS4-68893 0
448 0 FBIS3-43132 0
403 0 FR940525-1-00063 1
450 0 FT943-12145 1
402 0 FBIS3-40388 0
404 0 FT941-1735 0
401 0 LA090490-0093 0
405 0 LA120290-0016 0
406 0 FT943-1002 0
407 0 LA021190-0107 0
410 0 FT934-6237 1
413 0 FBIS4-53869 1
415 0 FBIS3-48525 1
412 0 FBIS3-60767 1
417 0 FT931-12874 1
418 0 LA082490-0038 0
419 0 FBIS4-67400 0
420 0 LA112990-0231 1
421 0 FBIS3-22152 0
423 0 FT943-7734 1
425 0 FBIS4-66195 1
426 0 LA031490-0004 1
428 0 LA013190-0096 0
430 0 LA011589-0005 0
431 0 FBIS4-47609 1
435 0 LA052290-0096 0
438 0 FBIS4-66770 0
444 0 FBIS3-40501 0
445 0 LA020490-0211 0
447 0 FBIS4-68893 0
446 0 LA041590-0028 0
403 0 LA071290-0133 1
449 0 FBIS3-29 0
450 0 FT922-6883 0
409 0 FBIS4-68893 0
408 0 FBIS4-68893 0
410 0 FBIS4-64577 1
413 0 FBIS4-28776 0
411 0 FBIS4-68470 0
414 0 FT932-9441 0
415 0 FBIS3-60189 1
412 0 FT941-4724 1
416 0 FBIS3-1746 0
417 0 LA072990-0201 1
420 0 LA121890-0152 1
422 0 LA123190-0042 0
424 0 FBIS4-66185 0
425 0 FBIS3-58171 1
426 0 FR940314-0-00002 0
427 0 FBIS4-68893 0
431 0 FBIS4-47629 0
432 0 LA122190-0129 0
437 0 LA020890-0174 0
440 0 LA040590-0063 1
442 0 FBIS4-26760 0
441 0 FBIS4-67664 1
443 0 FT944-17899 1
448 0 FT921-11935 1
403 0 FR940525-1-00050 1
402 0 LA050789-0122 1
404 0 FT934-9649 0
401 0 FT932-10861 0
405 0 LA080289-0090 0
407 0 FT942-10464 1
410 0 FT932-12074 1
415 0 FBIS3-21943 1
412 0 FBIS3-23020 1
417 0 FT932-15646 0
418 0 LA120490-0091 0
420 0 LA011989-0129 1
425 0 FBIS3-23846 1
428 0 FBIS4-62081 1
430 0 LA121690-0053 1
429 0 LA010590-0062 1
434 0 FBIS3-24320 1
435 0 FBIS4-44477 0
436 0 LA082989-0016 1
438 0 LA073190-0122 0
439 0 FT942-14635 1
440 0 LA031690-0183 1
441 0 LA081989-0064 1
444 0 FBIS4-44741 1
445 0 FT944-2077 1
447 0 FBIS3-21198 1
446 0 FT933-15385 1
448 0 FT931-12892 0
403 0 FR940603-2-00065 1
449 0 FBIS3-41669 0
450 0 FT943-10634 1
402 0 FT933-5693 1
406 0 FBIS4-67660 1
407 0 FT941-15415 1
409 0 FBIS4-68194 0
408 0 LA101390-0102 1
410 0 FT924-4549 1
413 0 FT932-13620 1
411 0 LA030589-0073 1
414 0 FT934-615 0
415 0 FBIS3-2893 1
412 0 LA041490-0047 0
416 0 FBIS4-44554 1
420 0 FBIS3-24469 0
421 0 FT934-17408 1
422 0 LA062290-0062 1
423 0 FBIS4-30975 1
424 0 LA121590-0063 1
425 0 FBIS3-24145 1
426 0 LA072989-0111 1
428 0 FBIS4-44477 0
427 0 FT943-13952 1
430 0 FT911-4886 1
429 0 LA052190-0106 1
431 0 FT942-13969 1
434 0 FBIS3-24040 1
436 0 FBIS3-27214 0
439 0 FT922-715 0
440 0 LA060689-0153 1
444 0 FBIS4-66450 1
443 0 FT933-5761 1
445 0 FT944-1870 1
447 0 FT922-13330 0
446 0 FT933-15380 1
403 0 FT924-979 1
450 0 FT933-748 1
402 0 FR940127-2-00200 0
406 0 FBIS4-2251 0
407 0 FT941-1511 0
408 0 LA100590-0178 1
410 0 FT941-13450 1
413 0 FBIS4-7931 0
411 0 LA053190-0084 1
415 0 FBIS3-41168 1
416 0 FBIS4-44586 1
417 0 FT923-14198 0
418 0 FT941-15243 1
421 0 FT932-245 0
422 0 LA062190-0236 1
423 0 FBIS3-2 0
424 0 LA033189-0141 1
425 0 LA022289-0114 1
426 0 LA072889-0063 1
427 0 FT943-5736 1
430 0 LA060890-0001 0
429 0 FT943-1146 1
431 0 FT922-9444 1
432 0 FT942-6174 0
434 0 FBIS4-68763 1
435 0 FT933-15872 0
437 0 LA122090-0114 0
438 0 FT944-7133 0
440 0 LA040390-0172 1
442 0 LA121090-0007 0
441 0 LA073090-0058 0
444 0 FT932-7115 1
445 0 FT941-7858 1
446 0 FBIS3-12314 0
403 0 FT932-1044 1
450 0 FT944-15512 1
401 0 FT942-5121 1
405 0 FT922-11525 1
409 0 FT923-13817 1
408 0 LA100890-0072 1
410 0 FT932-17156 1
411 0 LA081090-0071 1
414 0 FT923-3729 0
415 0 FBIS4-26801 1
412 0 LA072590-0152 1
416 0 FBIS3-46276 1
418 0 LA102890-0220 1
419 0 LA121389-0085 1
420 0 LA120789-0075 0
422 0 LA081790-0069 1
424 0 LA120890-0014 1
425 0 FBIS4-68371 1
426 0 LA113089-0146 1
428 0 FT943-11076 1
427 0 LA102490-0132 1
429 0 FR940405-1-00041 0
431 0 FT922-4414 1
434 0 FBIS4-22237 1
436 0 FBIS4-68446 1
439 0 FT931-1310 1
444 0 FBIS4-67533 0
443 0 FBIS4-1341 0
445 0 FT942-17503 1
447 0 FR940318-0-00208 1
448 0 FBIS4-66382 0
403 0 LA011389-0029 1
449 0 LA111090-0106 0
450 0 FT943-11046 1
402 0 LA032290-0148 1
404 0 FBIS3-38414 1
401 0 FT942-5131 1
405 0 FT942-5468 0
406 0 FT932-7262 1
409 0 FT941-758 1
408 0 LA062889-0066 1
410 0 FT922-751 1
413 0 FBIS4-20648 1
411 0 FT932-4727 1
415 0 FBIS3-48057 1
412 0 LA041890-0141 0
416 0 FBIS4-2026 1
417 0 FT944-4744 1
419 0 LA022190-0069 0
421 0 FT933-4383 0
422 0 LA102789-0118 1
424 0 LA092290-0086 1
425 0 FBIS3-10532 1
426 0 LA011089-0138 1
428 0 FT943-9226 1
427 0 LA011589-0120 1
431 0 FT911-129 1
432 0 FR941202-2-00139 0
433 0 FBIS4-68893 0
434 0 FBIS3-23778 1
435 0 LA052089-0101 0
436 0 FT941-7101 1
437 0 FR940224-2-00034 0
438 0 FBIS4-68893 0
439 0 LA092989-0114 0
440 0 FBIS4-44919 0
442 0 FR941206-1-00134 0
441 0 FR941202-2-00139 0
445 0 FT942-2917 1
447 0 FR940318-0-00149 1
446 0 FBIS3-61562 0
403 0 LA011289-0149 0
450 0 FT941-10100 1
402 0 FT922-7420 1
404 0 FBIS3-23037 0
401 0 FT924-3284 1
407 0 FBIS4-20472 0
409 0 LA091290-0053 0
408 0 FT933-9488 1
410 0 FT934-14160 1
413 0 FBIS3-24678 1
411 0 FBIS4-67533 0
414 0 FR941117-2-00158 0
415 0 FBIS3-60183 1
416 0 FBIS3-20616 1
418 0 FR941230-0-00123 0
420 0 FBIS4-20472 0
422 0 LA092989-0086 1
423 0 FR940630-0-00071 0
424 0 LA090990-0089 1
425 0 FBIS4-49075 1
426 0 LA011189-0135 1
428 0 LA030990-0060 0
427 0 FT933-1362 1
430 0 FBIS3-40450 0
429 0 FR940104-0-00034 0
431 0 FT933-4691 0
434 0 FBIS3-54831 1
436 0 FT941-7105 1
444 0 FBIS3-60336 0
443 0 FBIS4-46649 0
445 0 FT941-3868 1
447 0 FR940318-0-00147 1
448 0 FBIS4-44913 0
449 0 FR941202-2-00139 0
450 0 FT941-17555 1
402 0 FT921-11140 1
401 0 FT944-9692 1
405 0 FR941202-2-00139 0
406 0 FR941117-0-00147 0
410 0 FBIS4-44277 1
413 0 LA011789-0094 0
415 0 FBIS4-26653 1
412 0 FR941202-2-00139 0
416 0 FBIS3-45816 1
417 0 FBIS4-46469 0
419 0 FR941202-2-00139 0
422 0 FT934-9905 1
424 0 LA090890-0037 1
425 0 LA022490-0076 1
426 0 FBIS3-41073 1
427 0 FBIS4-67533 0
432 0 FT943-1445 0
433 0 LA090290-0150 0
434 0 FT944-3611 1
435 0 FT943-5797 1
436 0 FT923-5087 1
437 0 FR940405-2-00034 0
438 0 FBIS4-2320 0
439 0 FBIS4-67729 0
440 0 FBIS4-64476 0
442 0 FBIS4-49851 0
441 0 FBIS3-22133 0
445 0 FT943-15291 1
447 0 FR940318-0-00152 1
446 0 FBIS3-42223 1
403 0 FT921-739 0
450 0 FT933-3882 1
402 0 FT922-715 1
404 0 FBIS3-1296 0
401 0 FT931-10513 1
407 0 LA012589-0100 1
409 0 LA051990-0107 0
408 0 LA082690-0108 1
410 0 FT941-16995 1
411 0 FT942-16788 0
414 0 FT911-4670 0
415 0 FBIS4-45563 1
416 0 FBIS3-44551 1
418 0 FT932-13263 0
420 0 LA030389-0055 0
422 0 LA110590-0139 1
421 0 FR940810-0-00230 0
423 0 FBIS3-30648 0
424 0 LA030890-0107 1
425 0 FT943-14585 1
426 0 LA042490-0008 1
428 0 LA101389-0149 0
430 0 LA070990-0038 0
429 0 FBIS3-6503 0
431 0 FBIS3-59502 0
434 0 FT942-14644 1
435 0 FBIS4-33000 0
436 0 FT943-8887 1
444 0 FBIS3-22184 0
443 0 FBIS3-218 0
445 0 FT933-9689 1
447 0 FR940318-0-00151 1
446 0 FBIS3-247 0
448 0 FR940317-1-00121 0
449 0 FBIS3-12849 0
450 0 FT924-13555 1
402 0 FR940503-2-00002 0
401 0 FT923-3134 1
405 0 FBIS3-61266 0
406 0 FBIS3-889 0
407 0 FBIS3-41458 0
408 0 FT923-8862 0
410 0 FT932-11119 1
413 0 FBIS4-21505 0
415 0 FT921-3152 1
412 0 FR940304-2-00080 0
416 0 FBIS3-3551 0
417 0 FBIS3-18738 0
419 0 LA040889-0058 0
422 0 LA021489-0070 1
424 0 LA032989-0117 1
425 0 LA010390-0055 0
426 0 LA042490-0076 1
427 0 LA121490-0104 0
432 0 LA031789-0082 0
433 0 FT924-14023 1
434 0 FBIS3-37482 1
436 0 LA030589-0194 1
437 0 FT944-6824 0
438 0 FT942-4191 0
439 0 FT943-14973 0
440 0 LA061290-0034 0
442 0 FBIS4-12755 0
445 0 FT931-9901 1
447 0 FR940318-0-00146 1
403 0 LA072289-0144 1
404 0 FT934-9911 1
401 0 FT944-9693 1
410 0 FT922-8566 1
414 0 FT944-11926 1
415 0 FBIS4-30503 1
418 0 LA032289-0006 1
420 0 LA121990-0004 0
422 0 LA021089-0101 1
421 0 FR941222-0-00082 0
424 0 LA050689-0099 1
426 0 LA112589-0119 1
428 0 FBIS4-46813 0
431 0 FT941-1242 1
433 0 FT941-8333 0
434 0 FBIS3-24321 1
436 0 LA092790-0192 1
441 0 FR940104-0-00034 0
444 0 FBIS4-66416 0
443 0 FR941230-0-00123 0
445 0 FT934-11863 1
447 0 FR940318-0-00153 1
446 0 LA073190-0122 0
448 0 FBIS3-24469 0
449 0 FR940314-1-00041 0
403 0 LA010790-0103 1
450 0 FR941202-2-00139 0
402 0 FR940112-1-00044 0
404 0 FT934-11680 1
401 0 FT924-7558 1
405 0 FR941027-1-00030 0
406 0 LA011290-0023 0
407 0 FBIS3-60340 1
409 0 LA051089-0085 0
408 0 FR941230-0-00123 0
410 0 FT924-3822 1
413 0 FBIS3-40450 0
411 0 FR940725-2-00141 0
415 0 FT921-3261 1
412 0 FR941230-0-00120 0
416 0 FBIS3-40450 0
417 0 FBIS4-3894 0
419 0 LA042290-0216 0
422 0 LA041290-0157 1
423 0 FBIS4-7539 0
424 0 LA061690-0003 0
425 0 FR941230-0-00123 0
426 0 LA061190-0093 1
427 0 FBIS4-46649 0
430 0 FBIS4-46649 0
431 0 FT922-4578 0
432 0 FBIS4-32545 0
434 0 FT934-4666 1
436 0 FT924-4812 1
439 0 FR940104-0-00034 0
440 0 FBIS4-20331 0
442 0 FR941107-0-00034 0
445 0 FT942-17115 1
447 0 FR940318-0-00156 1
403 0 LA041990-0072 1
404 0 FT942-16203 0
401 0 FT932-5626 1
407 0 FR940927-0-00113 0
410 0 FBIS3-18733 1
415 0 FBIS4-45307 1
420 0 FR940112-1-00044 1
422 0 LA062590-0134 0
426 0 LA070389-0068 1
428 0 FBIS4-68893 0
429 0 FR940920-2-00083 1
433 0 FBIS4-52156 0
434 0 FBIS4-17252 1
435 0 FBIS3-2862 1
436 0 FT944-5690 0
437 0 FT934-2006 0
438 0 FR940926-2-00017 0
444 0 FT923-3535 0
445 0 FT931-11616 1
443 0 FT944-2690 0
447 0 FR940318-0-00154 1
446 0 FBIS4-10911 1
448 0 FT944-2707 0
449 0 FT942-2461 0
403 0 FR940525-1-00054 0
450 0 FT944-10340 1
402 0 FBIS4-52043 0
401 0 FT944-6909 1
405 0 FBIS3-42517 0
409 0 LA042089-0111 0
408 0 FR940728-2-00131 1
410 0 LA121589-0087 1
413 0 FBIS3-29867 0
411 0 FT941-4422 0
415 0 FBIS4-27476 1
412 0 FBIS4-52041 0
419 0 FT944-2707 0
417 0 FBIS4-25449 0
418 0 LA060890-0107 1
420 0 FBIS4-44913 0
423 0 FBIS4-31557 1
425 0 FBIS4-26054 0
426 0 LA092790-0013 1
427 0 FT944-2707 0
430 0 FT944-2707 0
429 0 FR940202-2-00108 0
432 0 FBIS4-47675 0
434 0 FBIS3-23782 1
435 0 FBIS4-31127 1
439 0 FR940805-2-00088 0
445 0 FT932-2151 1
447 0 FR940318-0-00157 1
446 0 FBIS4-12759 0
450 0 FT943-15113 1
404 0 FT934-11487 1
401 0 FT924-7483 1
407 0 FBIS3-60235 1
408 0 FR940727-2-00117 1
410 0 LA070190-0033 1
414 0 FT943-11487 0
415 0 FBIS4-26397 1
418 0 FT944-2266 0
422 0 FT944-2524 0
423 0 FT944-2702 0
421 0 FBIS3-27134 0
424 0 LA062190-0255 0
426 0 LA081090-0081 1
431 0 FT923-4774 1
434 0 FBIS3-61170 1
435 0 FT922-10566 0
436 0 FR940819-1-00035 0
437 0 LA020689-0060 0
440 0 FR940513-1-00099 0
442 0 FT924-8668 0
444 0 FR941103-1-00015 0
443 0 FT933-5759 0
447 0 FR940318-0-00140 0
448 0 FT943-1368 0
403 0 LA030689-0082 0
450 0 FT921-3964 1
401 0 FT924-4344 1
407 0 FT933-7330 1
409 0 LA020990-0106 0
408 0 FT923-6038 1
410 0 LA062090-0079 1
413 0 FBIS4-27541 0
411 0 FT931-15873 0
415 0 FBIS4-45564 1
412 0 LA041790-0057 0
416 0 FBIS4-66185 1
417 0 FT932-8942 0
420 0 LA082590-0024 0
425 0 FBIS4-58263 1
426 0 LA030389-0143 1
428 0 FT933-7393 1
429 0 FR940628-1-00003 0
431 0 FBIS4-44738 1
432 0 FT931-14353 0
433 0 FT924-9527 0
434 0 FT933-14717 1
438 0 FR941013-1-00018 0
439 0 FBIS4-68445 0
445 0 LA080390-0117 0
450 0 FT943-15934 1
401 0 FT931-9354 1
402 0 FT934-1290 1
405 0 LA010889-0109 0
407 0 FBIS4-21346 0
408 0 FR940728-2-00132 1
410 0 FT923-3617 1
415 0 FBIS4-28925 1
419 0 FT941-17541 1
418 0 LA100990-0120 0
422 0 LA070690-0089 1
423 0 FT944-439 1
421 0 FR940805-0-00048 0
425 0 LA102189-0077 1
426 0 FBIS4-56582 1
428 0 FBIS3-47040 1
427 0 FR941028-2-00201 0
434 0 FBIS3-23779 1
435 0 FT931-892 1
437 0 FR940304-1-00100 0
440 0 LA121789-0089 0
442 0 FBIS4-13239 0
444 0 FR940318-0-00172 1
443 0 FBIS4-24046 0
447 0 FR940318-0-00155 1
446 0 FT924-11275 1
448 0 FR940513-0-00074 0
403 0 FR940525-1-00046 0
449 0 FT944-10375 0
450 0 FT943-12560 1
404 0 FBIS4-12938 0
401 0 FT923-3130 1
402 0 LA080190-0099 0
406 0 LA121189-0042 0
409 0 LA031989-0099 0
408 0 FR940906-2-00093 1
410 0 FT944-4056 1
413 0 FT922-11827 1
411 0 FT934-6249 0
415 0 FBIS4-45458 1
412 0 FBIS3-23078 0
419 0 FT941-5694 1
417 0 FT933-15822 1
422 0 LA091390-0023 1
425 0 FBIS4-47045 1
426 0 LA100690-0040 1
432 0 FT922-3158 0
433 0 FT941-4064 0
434 0 FBIS3-24173 1
435 0 FBIS4-50581 0
439 0 LA011589-0013 0
438 0 FBIS3-60947 0
444 0 FR940128-2-00102 1
445 0 FT943-5763 0
447 0 FR940318-0-00150 0
446 0 FT932-4527 1
450 0 FT943-12406 1
401 0 FT932-6653 1
405 0 FT943-10128 1
407 0 FT933-13637 0
408 0 FR940831-2-00127 1
410 0 FT924-5835 1
413 0 FBIS4-27797 1
415 0 FBIS4-27658 1
419 0 FT934-13811 1
417 0 LA082990-0115 0
418 0 LA072589-0049 0
420 0 LA112789-0026 0
422 0 LA010390-0051 1
421 0 FT924-8553 0
425 0 LA071389-0111 1
426 0 LA020789-0158 0
428 0 FBIS3-25790 0
427 0 FT924-7120 1
430 0 LA051089-0024 0
434 0 FBIS3-23781 1
436 0 FT931-15371 0
437 0 LA072089-0163 0
440 0 FBIS4-50830 1
442 0 LA050489-0087 0
443 0 FBIS4-52303 0
446 0 FBIS4-56591 1
403 0 FT944-2707 0
450 0 FT934-6691 1
404 0 FBIS4-12759 0
401 0 FT924-10053 1
402 0 FBIS4-52042 0
408 0 FR940727-2-00116 1
410 0 FBIS3-19523 1
413 0 FT944-17588 1
415 0 FBIS4-45309 1
412 0 FBIS4-52037 0
419 0 FT923-438 1
422 0 LA100389-0138 1
423 0 FBIS4-32072 1
425 0 LA010290-0087 1
427 0 FR941028-2-00213 1
433 0 FBIS4-52754 0
434 0 FBIS3-42962 1
440 0 FT942-8040 1
441 0 FT933-7438 0
447 0 FT922-578 0
446 0 FT924-8062 1
448 0 FT942-2178 0
449 0 FR940523-0-00036 0
450 0 FT923-14696 1
401 0 FT924-3530 1
405 0 FT941-17652 1
407 0 LA092489-0103 0
408 0 FR940728-2-00129 1
410 0 FT943-14597 0
415 0 FBIS3-41211 1
417 0 FT944-8607 0
418 0 LA080990-0204 0
422 0 FT941-8365 1
421 0 FR941216-0-00074 0
424 0 LA060690-0053 1
425 0 FBIS4-36719 1
426 0 LA031189-0002 1
427 0 FBIS3-22363 0
431 0 FBIS3-20923 0
432 0 FT922-4190 0
434 0 FBIS3-23777 1
437 0 FT942-2256 0
438 0 FBIS3-50740 1
440 0 LA112790-0004 0
444 0 FR940419-2-00036 0
445 0 LA102790-0157 0
446 0 FBIS4-12471 0
403 0 LA042589-0052 0
401 0 FBIS3-38677 0
402 0 LA042990-0032 1
405 0 FT924-286 0
408 0 LA101489-0074 0
413 0 FT932-13891 1
415 0 LA010189-0079 0
412 0 FR940721-2-00129 0
420 0 LA121389-0123 1
422 0 LA110789-0019 1
425 0 FBIS3-23820 0
426 0 LA031189-0043 1
434 0 FBIS3-55812 1
436 0 FT931-12899 1
438 0 FBIS3-21405 0
442 0 FBIS3-45043 0
443 0 LA050690-0146 0
447 0 LA092289-0054 0
448 0 FBIS4-26334 0
450 0 LA111890-0012 0
404 0 FBIS4-65646 0
406 0 LA052189-0154 0
407 0 FT921-9483 0
409 0 FBIS3-20591 0
410 0 FBIS3-59008 1
413 0 FT932-15853 1
411 0 FT931-9403 0
414 0 FBIS4-32817 0
417 0 FBIS4-29097 1
419 0 FR940425-1-00020 0
418 0 LA021989-0211 1
422 0 LA021390-0148 1
421 0 FBIS4-66480 0
424 0 LA072689-0058 0
426 0 LA070389-0049 0
428 0 FBIS4-25736 0
427 0 FBIS4-20684 0
430 0 LA011090-0115 0
431 0 FBIS3-24509 0
432 0 FR940902-2-00103 0
434 0 FBIS3-42960 1
435 0 FBIS4-2959 0
439 0 FBIS4-49929 0
437 0 FBIS3-46629 0
440 0 FBIS3-26460 0
401 0 FBIS3-59436 0
402 0 FT923-7735 1
410 0 FBIS4-44278 1
413 0 FT934-11976 1
415 0 FBIS3-41249 1
412 0 FR941206-1-00140 0
417 0 FBIS4-29117 1
418 0 LA071689-0004 0
422 0 LA082090-0071 1
425 0 FBIS4-19819 1
429 0 FR940202-2-00140 0
434 0 FBIS3-24260 0
438 0 FT943-44 1
442 0 FBIS4-2254 1
443 0 FT933-1184 1
447 0 FR940826-0-00088 0
448 0 FBIS3-32012 0
449 0 FR940523-0-00038 0
404 0 FBIS3-25124 0
450 0 FT933-8457 0
402 0 FT934-2039 1
405 0 LA072390-0060 1
406 0 LA072690-0178 0
407 0 LA071989-0024 1
409 0 LA051690-0101 0
410 0 FT941-12878 1
413 0 FT922-11476 1
411 0 FR940511-0-00043 0
414 0 FBIS3-32084 0
415 0 FBIS4-52946 1
416 0 FBIS3-3047 0
417 0 LA100790-0251 1
419 0 FBIS3-34929 0
420 0 LA010589-0033 0
422 0 LA032990-0225 1
423 0 FBIS3-1733 0
421 0 FBIS3-7124 0
424 0 LA010989-0098 0
425 0 FT921-12539 1
426 0 LA051289-0019 0
428 0 FT933-13206 0
427 0 FR940721-1-00098 0
431 0 FBIS3-1764 1
432 0 FR940620-0-00147 0
433 0 LA050690-0140 0
436 0 LA100590-0074 1
435 0 LA010790-0036 0
437 0 FT942-10697 1
439 0 FBIS3-26454 0
438 0 FT911-2446 1
440 0 FR940304-1-00009 0
441 0 LA010189-0001 0
444 0 LA010189-0001 0
445 0 LA013090-0146 0
446 0 FBIS3-115 0
443 0 FT941-4190 1
401 0 FBIS3-39506 0
407 0 FR941221-0-00054 0
410 0 FBIS3-57961 1
408 0 FT944-14912 0
413 0 FT922-11333 1
415 0 FBIS4-67209 1
412 0 LA031289-0199 1
417 0 LA060790-0212 0
418 0 FT932-11275 0
422 0 LA010290-0023 1
425 0 FBIS4-42716 1
430 0 LA031389-0095 0
431 0 FT911-133 0
434 0 FBIS4-38646 1
436 0 FR940819-1-00040 0
437 0 FT933-1120 0
438 0 FT934-9708 1
443 0 FT933-858 0
448 0 FBIS4-54035 0
403 0 FR940104-0-00034 0
449 0 FT933-7438 1
404 0 FR940325-1-00057 0
450 0 FT942-4289 1
402 0 FBIS4-20472 0
405 0 FBIS4-66382 0
406 0 FR940602-1-00023 0
409 0 FR941206-1-00134 0
410 0 FT921-7727 1
413 0 FT922-11720 1
411 0 FR941019-0-00079 0
414 0 FT921-3603 0
415 0 FBIS3-41253 1
412 0 FT941-4019 1
416 0 FBIS4-20504 0
420 0 FR940602-1-00023 1
422 0 LA062990-0029 1
423 0 FBIS4-32534 1
424 0 FBIS3-20590 0
425 0 FBIS4-66776 0
426 0 FR941130-0-00122 0
427 0 FR940602-1-00023 0
428 0 FBIS3-24191 1
432 0 FBIS4-67533 0
433 0 FBIS3-36078 0
434 0 FBIS4-63677 1
435 0 FR941206-1-00134 0
439 0 FR941206-1-00134 0
438 0 FBIS4-51171 0
440 0 FR941102-1-00119 0
441 0 FR940602-1-00023 0
442 0 FR940325-1-00057 0
444 0 FBIS4-20472 1
446 0 FR940602-1-00023 0
447 0 FBIS4-21491 0
449 0 FR940804-1-00057 0
450 0 FT943-6333 1
401 0 FBIS4-20504 0
407 0 FBIS3-41666 1
410 0 FBIS3-38434 1
408 0 FBIS4-67533 1
413 0 FT922-11549 1
415 0 FBIS3-41252 0
412 0 FBIS3-11290 1
417 0 FT931-5157 0
418 0 LA011190-0156 1
420 0 FR941130-0-00122 0
422 0 LA070590-0195 1
423 0 FBIS4-25261 0
421 0 FT941-427 0
428 0 FBIS3-42726 0
431 0 FBIS3-4413 1
434 0 FT943-14253 1
436 0 LA030789-0084 1
437 0 FT941-2928 1
445 0 LA102890-0167 0
443 0 FBIS3-14573 0
448 0 LA080190-0139 1
404 0 FT934-12907 1
450 0 LA100490-0080 0
402 0 LA100890-0105 0
405 0 FT923-5794 0
406 0 LA011590-0099 1
407 0 FBIS3-60342 0
409 0 FT941-11932 1
410 0 FBIS3-40050 1
408 0 FR941130-0-00122 0
413 0 FR941021-0-00006 0
411 0 FT933-8545 1
414 0 FT932-13478 1
412 0 FBIS3-21991 1
416 0 FBIS4-66352 0
422 0 LA022389-0077 1
424 0 LA011889-0113 0
425 0 LA040789-0048 1
426 0 LA091490-0077 0
431 0 FBIS3-3923 1
434 0 FBIS3-36470 1
432 0 LA041489-0021 0
436 0 FT924-4802 1
437 0 FT911-5063 0
440 0 LA032190-0066 0
441 0 LA112789-0001 0
444 0 FBIS4-44730 1
447 0 FBIS4-68220 0
448 0 LA020889-0093 1
449 0 FT932-16160 0
401 0 FBIS4-31715 0
406 0 FT933-5690 1
410 0 FT924-13737 0
411 0 LA050490-0107 0
414 0 FBIS4-38627 1
415 0 FBIS3-26005 1
412 0 FBIS4-19994 1
417 0 LA010990-0070 1
422 0 FT943-7186 1
421 0 FR941222-1-00024 0
425 0 LA091389-0045 0
430 0 LA061689-0067 0
431 0 FT941-15546 1
434 0 FBIS4-17272 1
436 0 LA061189-0156 1
438 0 FBIS4-51074 1
442 0 FR940112-0-00025 0
446 0 FBIS4-25625 0
448 0 FT923-6545 0
403 0 LA051490-0120 0
450 0 FT943-13871 1
402 0 LA101690-0121 1
406 0 LA111689-0161 0
407 0 FT933-9176 1
408 0 FT923-6110 1
413 0 FT931-7352 1
414 0 FBIS4-38629 1
415 0 FBIS3-41163 1
412 0 FT941-3863 1
416 0 FBIS4-66355 1
417 0 FT933-2963 0
419 0 FBIS3-22289 0
418 0 FR941012-2-00157 0
420 0 LA061790-0140 0
422 0 FT934-11678 1
423 0 FT943-1255 0
424 0 LA110889-0154 0
426 0 FT932-10237 0
427 0 FBIS4-37534 0
428 0 FT931-12510 0
429 0 FR940816-2-00056 0
431 0 FBIS3-46125 0
433 0 FBIS3-18174 0
434 0 FBIS4-61838 1
432 0 FT932-16198 0
436 0 FT941-1173 1
435 0 FBIS3-3812 1
437 0 LA031389-0010 0
438 0 FBIS4-2294 1
439 0 FR940826-0-00049 0
440 0 FR940630-0-00036 0
441 0 FR940323-1-00061 0
444 0 FR940826-2-00023 0
445 0 LA120589-0134 0
443 0 FBIS4-65240 0
447 0 FR940106-1-00005 0
449 0 FT924-5647 0
404 0 FT934-2050 0
450 0 FT941-13153 1
401 0 FT923-418 0
402 0 FR940104-2-00083 0
405 0 FBIS3-13208 0
409 0 LA090690-0076 0
410 0 FR940407-2-00085 0
408 0 FT923-4394 0
413 0 FT933-1180 0
411 0 FR940713-2-00086 0
414 0 FBIS3-36211 1
415 0 FBIS4-20988 0
412 0 LA021489-0026 1
422 0 LA070990-0048 1
421 0 FR940810-2-00045 0
425 0 LA030790-0149 0
430 0 FT934-8096 0
434 0 FBIS4-22567 0
436 0 LA010689-0090 1
435 0 FT942-8228 0
438 0 FBIS3-51134 1
442 0 FR940112-0-00031 0
446 0 FT942-1754 1
448 0 FT921-6247 0
403 0 LA021590-0062 0
450 0 FT944-13630 1
406 0 FR940513-2-00108 0
407 0 LA082390-0002 0
414 0 FBIS4-9866 1
412 0 FBIS3-23332 1
416 0 FBIS4-3730 0
417 0 LA010689-0154 1
418 0 FT922-1999 1
420 0 LA122689-0070 1
422 0 LA042190-0125 1
427 0 FT922-7705 1
428 0 FBIS4-29208 1
436 0 LA083189-0135 1
437 0 FT942-10389 1
438 0 FBIS4-24813 0
440 0 LA061290-0137 1
444 0 FR940607-0-00051 1
445 0 FT942-13049 0
446 0 FT931-5839 0
443 0 FT932-6262 0
447 0 FBIS4-44913 0
404 0 FT934-11927 1
450 0 FT943-15923 1
402 0 LA111689-0162 1
401 0 FT932-15086 1
405 0 FT943-3693 1
410 0 FT924-4810 0
411 0 LA102890-0046 0
414 0 FBIS3-12046 1
415 0 FBIS4-21166 1
412 0 FBIS3-19120 1
417 0 LA112089-0015 1
418 0 LA113090-0012 1
420 0 LA120389-0074 1
422 0 LA082190-0102 1
425 0 LA120489-0078 0
428 0 FBIS4-27210 1
431 0 FBIS3-20965 1
434 0 FBIS3-54829 1
436 0 LA110790-0165 1
437 0 FT943-13555 1
442 0 FBIS3-52276 0
448 0 FT931-16636 1
403 0 LA041290-0081 0
404 0 FBIS3-18347 0
450 0 FT933-5518 1
402 0 LA090789-0028 0
401 0 FT943-15609 0
405 0 LA112190-0043 0
407 0 FBIS3-41533 0
413 0 FT934-16557 0
414 0 FBIS4-10797 1
415 0 FBIS4-2802 1
412 0 LA021489-0071 1
417 0 LA091489-0178 1
418 0 LA110589-0059 0
420 0 LA042990-0138 1
422 0 LA091990-0164 1
421 0 FT924-6139 0
424 0 FBIS4-27824 1
428 0 FBIS3-61443 1
431 0 FT943-11018 0
434 0 FT943-539 1
432 0 LA101690-0051 0
436 0 LA112690-0054 1
435 0 LA121589-0139 0
437 0 FT941-14029 0
438 0 FT943-12936 1
439 0 FT932-15955 0
440 0 FBIS4-23283 0
445 0 LA020390-0030 0
446 0 FT932-15203 0
447 0 FT933-4886 0
448 0 FT943-4886 0
449 0 LA052390-0176 0
450 0 FT943-13098 1
409 0 LA091689-0123 0
410 0 FT942-10205 0
414 0 FBIS4-10373 1
415 0 FBIS4-45305 0
412 0 FBIS3-19365 0
417 0 LA100990-0018 1
420 0 LA121890-0088 0
422 0 LA040490-0103 1
425 0 FBIS4-42384 1
428 0 LA043089-0062 1
434 0 FBIS4-14822 0
436 0 FT941-923 1
438 0 FT924-11907 0
443 0 FBIS3-43135 1
450 0 FT944-15625 1
413 0 FT931-10999 0
414 0 FBIS4-10222 1
417 0 LA022189-0094 1
422 0 LA051889-0110 1
421 0 FT943-9990 0
423 0 FBIS4-8497 1
425 0 FBIS4-10558 1
424 0 LA110589-0079 0
426 0 LA011190-0201 1
428 0 FT943-5357 1
431 0 FT941-8694 0
433 0 FBIS3-13963 1
432 0 LA021289-0138 0
436 0 FT944-17445 0
439 0 LA022389-0081 0
441 0 FBIS4-45839 1
443 0 FBIS3-43189 1
448 0 FT943-5644 0
404 0 FBIS3-19785 1
450 0 FT943-9719 1
402 0 LA093089-0065 1
401 0 FT924-5091 1
406 0 LA040190-0221 0
407 0 FBIS4-67534 0
410 0 FT924-6931 1
408 0 LA080289-0005 0
414 0 FBIS3-17768 1
415 0 FBIS3-21886 0
412 0 FBIS4-1468 1
418 0 LA061189-0049 0
422 0 LA072590-0146 0
423 0 FBIS4-32111 1
425 0 FBIS4-21186 1
428 0 FBIS4-68624 1
429 0 FR940202-2-00119 0
434 0 FBIS4-15983 1
435 0 FT943-8340 0
438 0 FBIS4-52601 0
440 0 LA072190-0072 0
441 0 FR940802-1-00015 1
442 0 FBIS4-49089 0
444 0 FR940511-1-00090 0
445 0 FT921-11838 1
446 0 FT941-17346 0
443 0 FT944-17976 1
403 0 LA061490-0026 0
404 0 FT942-8241 0
402 0 LA100790-0251 1
409 0 LA092189-0137 0
410 0 FT923-15717 0
413 0 FBIS3-47269 0
414 0 FBIS3-61299 1
412 0 FBIS4-22140 1
416 0 FT933-16365 0
419 0 FBIS4-44893 0
420 0 FT921-8131 0
425 0 FBIS4-46047 1
424 0 FT944-13883 0
426 0 FR940602-1-00023 0
427 0 FBIS3-22135 1
428 0 LA070390-0073 0
430 0 LA123190-0040 0
431 0 FT923-4779 0
433 0 FR940822-0-00067 0
432 0 FBIS3-38225 0
436 0 FBIS3-14750 0
437 0 FBIS3-59700 0
439 0 FT934-7996 0
445 0 FBIS3-41695 0
443 0 FBIS3-44689 0
447 0 LA012489-0022 0
449 0 FBIS4-33295 0
450 0 LA121390-0114 1
402 0 LA100889-0040 1
401 0 FBIS4-68774 0
406 0 FR940817-2-00221 0
407 0 FR941104-1-00045 1
411 0 FBIS3-61057 0
417 0 FT922-10893 0
418 0 LA072389-0042 1
422 0 LA031390-0145 1
421 0 FT924-14671 1
427 0 FR940112-1-00044 1
429 0 FBIS3-41744 1
434 0 FBIS3-15540 1
435 0 FBIS3-1655 1
438 0 FT923-5044 0
440 0 LA052890-0002 0
441 0 FT921-2018 1
442 0 LA012589-0143 0
446 0 LA102789-0180 1
448 0 LA111390-0147 1
403 0 LA032290-0151 1
404 0 FBIS3-19237 1
450 0 FT924-8272 0
402 0 LA060589-0049 1
405 0 LA011590-0098 1
407 0 FBIS3-22269 1
410 0 FT921-6884 0
408 0 LA083090-0002 1
413 0 FT932-12432 0
414 0 LA061890-0107 0
415 0 FBIS3-46302 1
412 0 LA021790-0109 1
416 0 FBIS3-3877 1
419 0 FT933-5056 0
418 0 LA120190-0060 1
420 0 LA032989-0021 1
422 0 LA062090-0064 1
421 0 LA012289-0087 1
423 0 FBIS4-54562 0
425 0 LA030389-0044 0
424 0 LA111389-0004 0
426 0 FR941006-1-00008 0
427 0 LA022590-0188 0
428 0 FR941012-2-00002 0
430 0 LA092389-0141 0
429 0 FR940405-1-00055 1
431 0 FT933-6492 0
433 0 FBIS4-31293 0
434 0 FBIS3-15945 1
432 0 FR941017-1-00042 0
436 0 LA102390-0018 1
435 0 FBIS3-1933 1
437 0 LA061390-0029 0
439 0 LA110889-0024 0
444 0 FR940425-1-00020 0
445 0 FT924-10442 1
446 0 LA102889-0098 1
443 0 FT941-12872 0
447 0 FT944-10631 0
448 0 LA121989-0106 1
403 0 LA020590-0052 0
404 0 FBIS3-19242 1
449 0 FT933-9409 0
402 0 LA022189-0096 0
405 0 LA020190-0053 1
401 0 FT934-17181 0
406 0 FR940617-2-00119 0
407 0 FBIS3-26515 0
409 0 LA081289-0092 0
408 0 LA091789-0200 1
411 0 FR941011-0-00041 0
415 0 FBIS4-4127 0
412 0 LA031989-0099 1
417 0 LA010590-0114 0
416 0 FBIS3-45658 1
418 0 FT921-4731 1
422 0 LA062690-0167 1
421 0 LA012290-0042 0
434 0 FBIS3-16266 1
436 0 FT911-4862 0
435 0 FBIS3-20434 1
438 0 LA020390-0033 0
440 0 FBIS4-35110 0
441 0 LA062590-0046 0
442 0 FR940630-1-00054 0
445 0 FT944-4256 0
446 0 FBIS3-23109 1
448 0 LA041589-0050 1
404 0 FT941-4495 0
450 0 FT924-8086 0
405 0 LA042089-0083 1
410 0 FT944-7884 0
408 0 LA091989-0139 1
414 0 FT924-11032 0
412 0 LA090490-0151 1
416 0 FBIS3-46009 1
419 0 LA121390-0222 0
418 0 LA020589-0188 1
420 0 LA010690-0098 0
422 0 LA091389-0057 1
428 0 FBIS3-20434 0
431 0 FT932-769 1
433 0 FT922-8739 0
434 0 FBIS3-24171 1
432 0 FR940930-0-00212 0
435 0 FBIS3-20435 1
439 0 FT923-7988 0
446 0 FBIS3-23110 1
402 0 FBIS3-42996 0
405 0 LA061490-0072 1
407 0 FT943-8480 1
409 0 FT921-13292 0
408 0 LA092789-0093 1
411 0 FT941-2544 0
412 0 LA091689-0123 1
417 0 LA061290-0132 0
416 0 FBIS4-11524 1
418 0 LA070489-0134 1
422 0 LA021490-0036 1
421 0 FR940511-1-00080 1
426 0 LA061589-0177 0
431 0 FBIS4-44733 1
434 0 FBIS3-42855 1
435 0 FBIS3-40801 0
438 0 FT922-12716 0
445 0 LA051389-0002 0
446 0 FBIS4-9716 1
447 0 FBIS4-44896 0
448 0 FR941221-1-00017 0
404 0 FBIS3-18343 1
405 0 LA070789-0127 0
407 0 LA100989-0033 0
408 0 LA092989-0171 1
412 0 LA092190-0171 1
416 0 FBIS4-49091 1
419 0 FBIS3-43002 1
418 0 LA122289-0152 1
420 0 FR941110-1-00019 0
422 0 LA051490-0024 0
421 0 FR941013-1-00077 0
428 0 LA030190-0110 0
431 0 FT931-2017 1
434 0 FBIS3-56920 1
442 0 LA042389-0096 1
446 0 FBIS4-11802 0
402 0 LA042990-0020 1
410 0 FT922-9239 1
408 0 LA100289-0005 1
413 0 FT944-1455 1
415 0 FBIS4-26902 1
412 0 LA123089-0060 1
416 0 FT921-3244 1
419 0 FBIS3-43040 1
418 0 LA012989-0073 1
427 0 LA041689-0006 0
429 0 FBIS3-60444 0
431 0 FBIS4-44650 1
434 0 FBIS3-61167 1
436 0 FBIS4-44525 0
432 0 FBIS4-20504 0
435 0 LA041590-0153 1
438 0 FT921-6633 1
439 0 FT934-8712 0
442 0 FBIS4-3370 0
445 0 LA052590-0060 0
443 0 FT943-15483 0
447 0 LA051389-0049 0
448 0 FBIS3-61236 0
404 0 FT934-5663 0
402 0 LA112090-0153 1
405 0 FBIS3-42553 1
407 0 FR941104-1-00055 0
409 0 LA010589-0105 0
408 0 LA120489-0058 1
413 0 FT941-11316 0
414 0 FBIS4-66248 0
412 0 FBIS4-23993 1
417 0 FBIS4-23549 0
416 0 FT941-12849 1
418 0 LA070190-0030 1
420 0 FT941-9725 0
422 0 LA051189-0038 0
421 0 FT942-16650 0
425 0 FBIS3-61238 0
426 0 LA041089-0080 0
431 0 FBIS4-44855 1
434 0 FBIS3-61259 1
438 0 FT943-5416 0
440 0 FT933-5438 0
446 0 FBIS3-12936 0
403 0 LA111589-0004 0
449 0 FT934-6703 0
402 0 FBIS4-20645 1
410 0 FT924-1888 1
408 0 FBIS4-25767 1
411 0 LA050490-0070 0
412 0 FBIS3-23337 0
416 0 FT941-12860 1
418 0 LA060489-0053 1
424 0 LA090790-0125 1
427 0 LA120490-0100 1
428 0 LA090990-0090 1
429 0 LA052190-0047 0
431 0 FT934-4378 1
433 0 FT911-4174 1
434 0 FBIS3-61392 1
436 0 LA112989-0069 1
432 0 LA022889-0109 0
437 0 FT911-2332 0
439 0 FT934-703 1
441 0 LA070189-0089 0
444 0 FBIS3-21143 0
445 0 FT931-15039 1
443 0 LA071889-0120 0
447 0 FR940617-2-00029 0
448 0 LA011390-0061 0
450 0 FBIS3-33706 1
402 0 FT931-9496 1
401 0 FT922-9093 1
406 0 LA091990-0010 1
407 0 FT933-2396 1
408 0 FT911-124 1
416 0 FBIS3-26655 1
418 0 LA062889-0123 1
421 0 LA081089-0038 1
425 0 FBIS4-46734 1
426 0 LA021490-0014 1
424 0 FBIS3-10130 1
427 0 FBIS3-41575 1
428 0 FBIS3-46698 1
430 0 LA060190-0066 0
431 0 FBIS4-44769 1
433 0 FT942-11555 1
434 0 FBIS4-15673 1
436 0 LA010189-0124 1
435 0 FT943-6050 1
438 0 FBIS3-29 1
439 0 FT943-6184 1
440 0 FBIS3-20402 1
442 0 LA122890-0062 1
445 0 FT921-4820 1
446 0 FBIS3-22960 1
404 0 FT934-16786 1
449 0 FR940523-0-00045 1
450 0 FBIS3-53469 1
401 0 FT924-5839 1
409 0 FT942-17044 1
407 0 LA030689-0010 1
408 0 FT911-396 1
413 0 FT921-10554 1
414 0 LA042290-0093 1
412 0 LA112989-0105 0
416 0 FT921-1783 1
418 0 LA120290-0197 0
422 0 LA101489-0065 1
421 0 LA080389-0074 1
425 0 FT922-3666 1
426 0 LA090190-0139 1
424 0 FBIS3-55090 0
427 0 FT921-7202 1
428 0 FBIS4-22416 1
429 0 FR940202-2-00107 0
431 0 FR940428-2-00021 0
433 0 LA082990-0005 1
436 0 LA020189-0055 1
432 0 LA010290-0086 0
435 0 FBIS4-49956 0
438 0 FBIS3-67 1
439 0 FBIS3-35 1
440 0 FBIS4-28035 1
441 0 FR941107-2-00231 0
442 0 LA030289-0068 1
445 0 FT921-11847 1
446 0 FT932-13562 1
404 0 FBIS3-38539 0
449 0 FBIS4-23024 1
450 0 FBIS3-54262 1
402 0 FR940822-2-00057 0
401 0 FT941-5518 0
409 0 FT923-11688 1
410 0 FT944-9461 1
407 0 LA071590-0042 1
408 0 FT911-815 1
413 0 FT924-1650 1
411 0 LA100189-0095 1
414 0 FT944-5430 0
416 0 FBIS3-3552 1
419 0 FBIS3-41503 0
421 0 LA061090-0228 0
425 0 FBIS4-21094 1
426 0 LA050990-0092 1
427 0 FT921-9705 1
428 0 FT924-11400 1
433 0 FT924-9510 1
436 0 LA020389-0043 1
438 0 FBIS3-43160 0
439 0 FBIS3-24648 1
440 0 LA112689-0194 1
442 0 LA011390-0057 1
445 0 FT921-11857 1
446 0 FBIS3-34820 1
450 0 FBIS3-54283 1
409 0 FBIS4-43146 0
407 0 LA071889-0158 1
408 0 FT911-1940 1
413 0 FT944-16148 0
411 0 LA101490-0023 0
415 0 FBIS4-29647 1
412 0 FT943-5328 1
417 0 LA110889-0109 0
416 0 FBIS3-4253 0
425 0 LA092890-0001 0
426 0 LA022390-0161 1
427 0 FT924-1885 1
428 0 FT943-6050 1
431 0 FT921-3682 1
433 0 LA031790-0077 0
436 0 LA021090-0057 1
432 0 LA122989-0120 0
439 0 FBIS3-59779 0
440 0 LA112689-0137 1
442 0 LA012089-0137 1
445 0 FT924-4560 1
446 0 FBIS3-13076 1
404 0 FT934-10406 0
450 0 FBIS4-26473 1
402 0 FBIS3-59718 0
405 0 FBIS3-40213 0
410 0 FBIS3-19679 1
407 0 LA080289-0011 1
408 0 FT911-2317 1
414 0 LA040590-0222 0
415 0 FT941-6154 0
418 0 LA091890-0165 0
421 0 FT934-17401 1
426 0 LA020789-0135 1
427 0 FT931-5371 1
424 0 LA061690-0004 0
428 0 FBIS3-43075 1
431 0 FT944-9870 0
436 0 LA021890-0165 1
437 0 FT943-13563 0
438 0 FBIS4-56177 1
440 0 FT942-6206 1
442 0 LA062890-0232 1
445 0 FT924-6652 1
444 0 FT923-1186 0
446 0 FBIS3-23248 0
443 0 LA060789-0150 0
449 0 FBIS4-23025 0
450 0 FBIS4-36522 0
401 0 FT941-230 0
406 0 FT944-18773 0
410 0 FT931-16236 0
407 0 LA082889-0023 1
408 0 FT923-4094 1
411 0 FT931-16470 0
413 0 FBIS4-51135 0
412 0 LA093090-0090 1
417 0 FT942-5299 0
421 0 FT941-6867 0
425 0 FT942-9467 0
426 0 LA052289-0086 1
427 0 FT932-4305 1
428 0 FBIS4-41106 0
430 0 FT911-3300 0
433 0 FT922-3537 0
436 0 LA031189-0053 1
432 0 FBIS4-21406 0
439 0 FBIS4-49855 0
442 0 LA102890-0131 1
445 0 FT932-13754 1
404 0 FBIS3-39676 0
402 0 FR941116-2-00127 0
409 0 LA122189-0212 0
408 0 FT931-1199 1
412 0 FT941-4211 1
418 0 LA062689-0078 0
420 0 FR940617-0-00205 0
426 0 LA102390-0072 0
427 0 LA052389-0072 1
436 0 LA040690-0152 1
435 0 FBIS3-29180 0
438 0 FR940503-2-00146 0
440 0 FBIS4-45041 0
442 0 LA011089-0104 1
445 0 FT934-11650 1
446 0 FBIS4-49755 0
449 0 LA040990-0066 0
450 0 FT942-4603 1
401 0 FBIS4-55036 0
410 0 FT942-13390 1
408 0 FT941-17340 1
411 0 FR940511-0-00076 0
413 0 FBIS4-20472 1
417 0 FT943-4591 0
416 0 FBIS4-20472 0
427 0 LA103190-0163 1
431 0 FBIS3-40223 1
436 0 LA040989-0140 1
439 0 FBIS4-28316 1
442 0 LA121089-0170 1
445 0 FT934-13060 1
450 0 LA053190-0100 1
408 0 LA071789-0097 1
413 0 FBIS4-64311 0
421 0 FBIS4-45670 0
426 0 FBIS4-1667 0
427 0 FT934-14520 1
424 0 LA121390-0062 0
431 0 FBIS3-20967 1
433 0 FT944-9935 0
436 0 LA042790-0171 1
432 0 LA052689-0086 1
438 0 LA031590-0065 0
442 0 LA022190-0007 1
445 0 FT941-6743 1
446 0 FT923-2346 0
447 0 FR940505-1-00234 0
444 0 FT932-13993 0
443 0 FT924-4787 0
403 0 LA010390-0067 1
448 0 FR940830-2-00014 0
404 0 FT934-8230 0
449 0 FT943-677 0
408 0 LA092190-0055 1
415 0 FBIS3-4313 0
418 0 FT923-15735 0
420 0 LA022189-0045 0
425 0 FBIS3-36952 0
427 0 FT942-9704 1
430 0 FBIS3-22135 0
428 0 LA071990-0204 0
429 0 FR940203-1-00050 0
436 0 LA050790-0044 1
432 0 LA080589-0121 0
435 0 FBIS3-236 0
437 0 FBIS3-21153 0
439 0 FBIS3-1580 0
441 0 FT944-3412 0
440 0 FBIS4-22246 0
442 0 LA050389-0011 1
445 0 FT932-6456 1
450 0 LA052189-0027 0
402 0 FBIS3-10954 0
401 0 FBIS4-27277 0
405 0 FBIS3-16450 0
406 0 FR940126-2-00108 0
409 0 FBIS3-48066 0
407 0 FBIS4-49234 0
408 0 LA100489-0073 0
411 0 FBIS3-457 0
413 0 FBIS3-1675 0
414 0 FBIS3-3526 0
412 0 FT933-4232 0
417 0 FBIS3-1580 0
416 0 LA101490-0082 0
419 0 FBIS3-24665 0
421 0 FBIS3-7106 0
426 0 LA041490-0057 1
427 0 FT944-16100 0
424 0 LA032290-0139 1
436 0 LA050790-0045 1
438 0 FBIS3-50579 1
442 0 FT941-15248 0
445 0 FT941-7795 1
446 0 FT931-2963 0
447 0 FBIS3-24505 1
444 0 FR940721-2-00028 1
443 0 LA022189-0021 0
448 0 FT942-4810 1
403 0 LA012990-0041 0
404 0 FT931-16787 1
449 0 FBIS4-23026 1
415 0 FBIS4-27446 1
425 0 FBIS3-44736 1
426 0 LA052890-0098 1
424 0 FT924-12496 1
436 0 LA051289-0174 1
438 0 FT932-2961 1
437 0 LA031189-0069 0
445 0 FT941-8960 1
447 0 FT942-13574 0
444 0 FR940607-0-00046 0
448 0 FT934-1954 1
404 0 FT943-3644 1
449 0 FBIS3-41801 0
450 0 FT924-7491 0
407 0 LA051389-0024 0
413 0 FBIS3-42975 0
414 0 FBIS3-10446 0
415 0 FBIS4-45299 1
417 0 LA042089-0107 0
419 0 FBIS3-42464 1
425 0 FT942-1428 1
426 0 LA032489-0075 1
424 0 LA032990-0042 1
428 0 LA122790-0174 0
436 0 LA051689-0048 1
433 0 FBIS3-58575 0
432 0 FR940223-0-00061 0
435 0 FR940513-0-00082 0
438 0 FT923-11087 1
439 0 FR940104-2-00021 1
440 0 LA081389-0171 0
442 0 FR940207-0-00015 0
445 0 FT942-132 1
446 0 FR940207-0-00015 0
443 0 FBIS4-36939 0
448 0 LA060390-0169 0
403 0 FR941107-2-00017 0
404 0 FT942-12261 1
402 0 LA101090-0147 0
401 0 FR940831-2-00092 0
409 0 FBIS3-13525 0
408 0 LA082189-0033 0
411 0 FT923-7944 0
412 0 FR940825-1-00144 0
416 0 FR940630-2-00172 0
418 0 FR940325-0-00017 0
420 0 FR941110-1-00025 0
421 0 FR940620-0-00062 0
425 0 LA022390-0067 1
426 0 LA021290-0041 1
427 0 FBIS4-46469 0
424 0 LA051090-0104 0
430 0 FBIS4-46469 0
436 0 LA052389-0112 1
438 0 FT924-7498 0
437 0 FBIS3-23 0
439 0 FR940419-2-00018 1
445 0 FT944-16774 0
447 0 FR941117-0-00018 0
444 0 FBIS3-41666 0
404 0 FBIS3-19025 1
449 0 FR940106-2-00052 0
405 0 FBIS3-59742 0
413 0 FBIS3-43011 0
417 0 FBIS4-56568 0
426 0 LA052990-0014 1
431 0 FBIS3-40516 1
436 0 LA060789-0060 1
439 0 FR940419-2-00017 1
442 0 FT934-6389 0
404 0 FBIS4-46194 1
407 0 FT934-12959 1
412 0 FBIS4-68194 1
426 0 FT923-9485 1
431 0 FBIS4-44904 0
432 0 LA110190-0154 0
439 0 FR940810-2-00024 1
448 0 FT931-8338 0
404 0 FT941-4490 1
412 0 FBIS4-68195 1
416 0 FBIS3-45089 0
421 0 LA032790-0144 0
426 0 LA022289-0117 1
427 0 FR940405-1-00138 0
430 0 LA100889-0092 0
428 0 FBIS3-26469 0
429 0 FR940202-2-00097 0
433 0 LA100690-0130 0
435 0 FR940816-1-00079 0
438 0 FBIS3-33021 0
437 0 FR940711-1-00025 0
439 0 FR940810-2-00023 1
442 0 FR940721-2-00068 0
440 0 FR940725-0-00058 0
445 0 FBIS4-66256 0
446 0 FBIS3-33021 0
447 0 FR940617-0-00121 0
444 0 FR940826-0-00100 0
443 0 FT923-7350 0
403 0 LA072690-0056 0
404 0 FT942-8049 1
449 0 FR940906-2-00073 0
402 0 FBIS4-20488 0
401 0 FBIS4-65842 0
405 0 LA022689-0112 1
406 0 FT931-10954 0
409 0 FT943-9798 0
407 0 FR941104-1-00046 0
408 0 LA072189-0002 1
411 0 FT942-9068 0
413 0 FT932-329 0
414 0 FR940926-1-00023 0
412 0 FT922-10112 1
417 0 FR940214-0-00056 0
419 0 FR940526-0-00012 0
418 0 LA090789-0010 0
420 0 FR941019-2-00024 0
423 0 FR940812-2-00229 0
424 0 FBIS3-26006 0
431 0 FBIS4-44913 0
432 0 LA062289-0068 0
439 0 FR940104-2-00020 1
441 0 FBIS4-22994 0
448 0 FBIS4-66185 0
404 0 FT941-3772 1
405 0 LA102590-0235 1
416 0 FBIS3-40497 0
421 0 FBIS4-44913 0
427 0 FBIS4-44913 0
430 0 FBIS4-66185 0
428 0 FBIS3-24619 0
433 0 FBIS3-24653 0
435 0 FBIS3-41666 0
438 0 FBIS4-19 0
439 0 FR940419-2-00016 1
442 0 FBIS3-42400 0
440 0 FBIS3-59264 0
446 0 FBIS3-29 0
447 0 FBIS4-66185 0
444 0 FT934-14283 0
443 0 FR941117-2-00158 0
404 0 FT944-10368 1
449 0 FBIS4-46649 0
402 0 FBIS4-44913 0
401 0 FBIS3-24653 0
405 0 LA122489-0104 0
406 0 FR940719-2-00089 0
409 0 FR941202-2-00139 0
411 0 FR941117-2-00158 0
413 0 FBIS3-58 0
414 0 FBIS3-24653 0
417 0 FBIS3-42400 0
419 0 FBIS4-44913 0
420 0 FBIS3-41666 0
431 0 LA103190-0122 0
432 0 FT934-6025 0
439 0 FR940419-2-00015 1
448 0 FT943-536 0
404 0 FT943-6067 1
439 0 FR940810-2-00022 1
442 0 FBIS4-58970 0
440 0 LA021090-0137 1
443 0 FT924-5594 0
404 0 FT944-10376 1
409 0 LA122690-0064 0
417 0 LA122289-0125 0
420 0 LA011690-0088 0
421 0 FT941-6348 0
427 0 LA082589-0056 1
432 0 FT933-15023 0
435 0 FT941-2916 0
437 0 FBIS3-29777 0
439 0 FR940810-2-00025 1
404 0 FT942-2441 1
402 0 FR940328-2-00119 0
401 0 FBIS4-30880 0
413 0 FBIS3-3939 0
419 0 FBIS3-21029 0
418 0 FBIS4-24522 0
427 0 LA010590-0158 0
431 0 FR940428-2-00015 0
433 0 LA082890-0137 0
438 0 LA012890-0055 0
439 0 FR940104-2-00022 1
442 0 FR940527-2-00086 0
440 0 FBIS4-50569 1
446 0 FR940722-1-00030 0
447 0 FR940406-1-00036 0
448 0 FT932-1366 0
404 0 FBIS4-44285 1
407 0 FR940119-1-00019 0
417 0 FR940112-2-00145 0
421 0 FBIS4-21376 0
424 0 FBIS4-45053 0
432 0 LA021590-0166 0
439 0 FR940810-2-00026 1
440 0 FR941107-2-00058 0
443 0 FT922-4427 0
404 0 FBIS4-65837 1
402 0 FR940204-2-00090 1
427 0 LA080590-0077 1
428 0 FBIS4-46831 1
431 0 FBIS3-21195 0
438 0 FBIS4-32817 1
439 0 FBIS4-2255 0
442 0 LA020290-0044 0
446 0 LA080890-0069 0
404 0 FBIS3-19594 1
449 0 FR940804-2-00091 0
402 0 FR940705-2-00218 0
413 0 FBIS4-4864 1
418 0 LA102190-0073 0
429 0 FR940405-1-00097 1
438 0 FT942-10654 1
432 0 LA102190-0161 0
437 0 FT944-14921 0
440 0 LA022890-0105 0
403 0 LA091489-0031 0
401 0 FT924-5157 1
409 0 FT921-8927 0
407 0 FBIS4-51227 0
413 0 FBIS4-49420 0
414 0 FT944-12680 0
417 0 FBIS4-22232 0
416 0 FBIS3-20660 1
421 0 FT943-10219 0
428 0 FT924-10640 1
431 0 FT924-1130 0
435 0 FT942-13785 0
438 0 FT923-14219 0
439 0 LA111590-0114 0
442 0 LA020390-0129 1
446 0 FBIS3-42218 1
447 0 FR940916-1-00030 0
402 0 LA073090-0057 1
401 0 FT924-5948 1
405 0 FBIS3-42552 1
411 0 FT921-9363 0
419 0 FT932-7870 0
416 0 FBIS4-1561 1
427 0 FT921-8446 1
428 0 FBIS3-12001 1
433 0 FT921-13871 0
442 0 LA041690-0128 0
448 0 FBIS4-46649 0
449 0 FT944-18645 1
401 0 FT932-4582 1
414 0 FBIS3-10878 0
416 0 FBIS3-45857 1
418 0 FR940812-2-00056 0
427 0 LA050689-0095 1
424 0 FBIS4-59106 0
438 0 FBIS4-12734 1
446 0 FR940325-1-00057 0
447 0 LA122990-0083 0
443 0 FT944-10975 0
401 0 FT931-2966 1
409 0 FBIS3-60342 0
417 0 FT942-4796 1
416 0 FBIS4-4248 0
427 0 LA021689-0113 1
428 0 FBIS3-59343 0
438 0 FBIS4-11284 0
439 0 FBIS3-2362 0
442 0 FBIS4-36664 0
440 0 FBIS4-5198 1
401 0 FT932-5627 1
417 0 LA083189-0200 0
421 0 FR940527-0-00057 0
427 0 LA082289-0139 1
440 0 FT942-14617 0
403 0 LA083089-0024 0
401 0 FT924-4075 1
406 0 LA061889-0114 0
423 0 FT924-892 0
424 0 LA012789-0022 1
428 0 FBIS3-15982 1
429 0 LA062090-0050 1
435 0 FT943-8324 1
438 0 LA032489-0175 1
439 0 FT942-11282 1
442 0 FBIS3-60950 0
446 0 LA092289-0068 1
443 0 FBIS4-48079 1
448 0 FT933-10360 0
402 0 LA020789-0112 0
417 0 FBIS4-57538 0
419 0 FBIS4-67398 0
418 0 LA022490-0006 0
424 0 FT924-12871 1
435 0 FT943-36 0
439 0 FBIS3-6487 0
447 0 FT941-10288 0
409 0 LA010289-0027 0
407 0 FT933-5757 1
420 0 LA010390-0086 1
424 0 LA012989-0102 1
442 0 FBIS3-54471 0
448 0 FT943-178 0
402 0 LA040990-0045 1
407 0 LA102090-0048 0
424 0 FT924-1588 1
430 0 LA073089-0143 1
433 0 FT923-2235 0
437 0 FT933-6816 0
441 0 FR940523-2-00059 1
443 0 FBIS4-24194 1
449 0 FT942-14203 0
416 0 FBIS3-20606 1
424 0 FBIS3-57348 1
428 0 FBIS3-27464 0
429 0 FBIS4-11145 0
435 0 FBIS4-67656 0
432 0 LA071189-0069 0
442 0 FBIS3-1987 0
440 0 LA011290-0078 0
444 0 FR940607-0-00050 0
443 0 LA070690-0030 0
448 0 FT944-15143 0
424 0 LA110190-0258 0
447 0 FR940826-0-00087 0
409 0 LA110489-0092 0
420 0 LA090290-0177 0
435 0 FT922-7511 0
403 0 FBIS4-20472 0
448 0 FBIS3-34255 0
449 0 FBIS3-40467 1
411 0 FBIS3-5906 0
419 0 FBIS4-44724 0
418 0 FT944-2707 0
429 0 LA040890-0032 0
439 0 FR941202-2-00139 0
442 0 FBIS4-57228 0
441 0 FT923-453 0
447 0 FR941202-2-00139 0
444 0 FBIS4-33421 0
449 0 FT923-6175 0
417 0 FBIS3-11709 0
416 0 FT934-9356 0
423 0 FBIS4-7637 0
424 0 LA041689-0140 0
428 0 FBIS4-20472 0
433 0 FBIS3-29567 0
432 0 FBIS3-1111 0
443 0 FBIS3-774 0
448 0 FBIS3-3321 0
418 0 FBIS3-77 0
421 0 FR941013-1-00064 0
429 0 FBIS3-10035 0
437 0 FR940822-2-00031 0
442 0 FBIS3-46951 1
440 0 FR940621-2-00114 0
414 0 FT934-4579 0
419 0 FR940425-1-00021 0
430 0 FBIS3-37947 0
435 0 FR940617-2-00165 0
432 0 LA101890-0130 0
447 0 FR940304-1-00178 0
443 0 FT933-11867 1
448 0 FBIS4-14573 0
449 0 LA062289-0200 0
421 0 FT932-19 0
423 0 FBIS4-31844 1
440 0 LA022890-0075 0
444 0 FR941206-1-00134 0
424 0 FBIS3-21338 0
428 0 FT941-16778 1
429 0 FR940628-1-00028 0
435 0 LA102689-0071 0
437 0 FT933-8127 0
433 0 FT932-2172 0
432 0 LA122489-0116 0
443 0 FBIS3-1509 0
405 0 LA052890-0021 1
406 0 FBIS3-61574 0
418 0 FT944-14419 1
421 0 LA080189-0091 0
423 0 FBIS3-30431 1
440 0 FR941206-1-00134 0
444 0 FR940620-0-00169 0
405 0 LA112690-0067 1
416 0 FBIS4-50715 0
423 0 FT932-13808 0
435 0 FBIS4-66172 1
432 0 LA010189-0098 0
403 0 LA082890-0074 0
448 0 FT934-14461 0
405 0 LA060290-0131 0
409 0 LA042190-0024 0
421 0 FR940406-2-00181 0
437 0 LA081589-0076 0
435 0 FBIS4-66212 1
444 0 FR940505-1-00069 0
406 0 LA051190-0179 0
419 0 FBIS4-21487 0
420 0 LA121089-0235 0
423 0 FT932-5013 0
435 0 FBIS3-25790 1
432 0 LA012089-0090 1
440 0 FR940513-1-00105 0
447 0 FT934-172 0
421 0 FR940919-0-00053 0
437 0 FT922-8308 0
435 0 FBIS4-2468 1
433 0 FBIS4-8584 0
432 0 LA042589-0108 1
403 0 LA082390-0094 0
411 0 FBIS3-60342 0
414 0 FBIS3-10101 0
419 0 FT944-2266 0
423 0 FBIS4-53078 0
430 0 FT944-2266 0
435 0 FBIS3-3811 0
432 0 LA052589-0076 1
444 0 FBIS4-67581 0
448 0 FBIS4-15452 0
405 0 LA042790-0070 0
416 0 FBIS3-2752 0
421 0 FR940406-2-00182 0
424 0 FBIS4-46649 0
437 0 FBIS4-67533 0
432 0 LA071289-0062 0
420 0 FR940405-1-00099 0
433 0 LA021490-0060 0
448 0 FBIS4-16146 0
405 0 LA012289-0002 0
414 0 FBIS4-36303 0
437 0 FBIS3-40450 1
432 0 FT931-10985 0
449 0 FBIS3-40 0
416 0 FBIS3-20611 0
437 0 FR941206-1-00134 0
448 0 FT942-12905 0
405 0 FBIS4-46649 0
420 0 FBIS3-40450 0
424 0 FBIS3-33048 0
444 0 FBIS4-68893 0
443 0 FT942-5887 1
403 0 FR940725-2-00141 0
411 0 LA052490-0022 0
416 0 FBIS3-59308 0
432 0 FR940706-0-00054 0
443 0 LA042789-0136 1
449 0 FT942-8985 1
444 0 FBIS4-21345 0
443 0 FT934-7737 1
448 0 LA011589-0130 1
416 0 FT922-14361 1
433 0 FT922-3420 0
447 0 LA010189-0001 0
443 0 FT933-1136 1
403 0 FR940525-1-00051 0
420 0 LA060989-0102 0
441 0 FBIS4-20472 0
444 0 FBIS3-42384 0
443 0 FT922-14214 0
416 0 FBIS4-47629 1
421 0 FBIS4-17980 0
423 0 FR941206-1-00134 0
424 0 FT944-6668 0
430 0 FBIS4-68893 0
437 0 FR940114-2-00049 0
429 0 FBIS4-22945 0
435 0 FT944-13738 0
433 0 FBIS3-37947 0
432 0 FR940617-0-00096 0
403 0 FBIS3-60342 0
449 0 FR941230-0-00119 0
405 0 FR941230-0-00119 0
406 0 FR941212-1-00021 0
409 0 FBIS4-46649 0
414 0 FR940630-2-00029 0
419 0 FR941230-0-00119 0
420 0 FR940202-1-00055 0
447 0 FBIS4-22181 0
444 0 FR940318-0-00168 0
443 0 FT943-192 0
421 0 FBIS4-20694 0
435 0 FBIS4-3651 0
433 0 FBIS4-8802 0
405 0 FBIS3-42550 0
444 0 LA121489-0056 0
443 0 FR941206-1-00134 0
420 0 FR940804-0-00016 0
429 0 FR940202-2-00098 0
403 0 LA111689-0032 0
449 0 LA010790-0029 0
414 0 LA050690-0129 1
409 0 FBIS4-12258 0
421 0 FT942-13005 0
411 0 FT944-15143 0
419 0 FT942-14231 0
420 0 FR940630-1-00013 0
433 0 LA031890-0242 0
429 0 FR940202-2-00099 0
441 0 FR940802-1-00013 1
444 0 FR940617-2-00041 0
403 0 LA072089-0050 0
449 0 LA022689-0006 0
409 0 LA080589-0053 0
433 0 FBIS4-19277 0
449 0 FT922-7537 1
414 0 FT921-13094 0
419 0 LA112590-0148 0
449 0 FT931-10954 0
437 0 FT921-13390 0
444 0 FT924-180 0
441 0 LA070289-0123 0
406 0 LA052790-0101 0
405 0 LA102289-0098 0
411 0 LA101589-0073 0
409 0 FBIS4-43233 0
419 0 LA040190-0197 0
414 0 FT931-17084 0
420 0 LA111390-0098 0
437 0 FBIS4-23114 0
433 0 FT923-1917 0
444 0 FBIS4-44893 0
403 0 FR940112-1-00044 0
411 0 FBIS4-66382 0
409 0 FBIS4-29 0
423 0 FBIS4-8806 0
437 0 FBIS3-58 0
430 0 FBIS3-20796 0
433 0 FT944-15045 0
406 0 LA021890-0038 0
414 0 FT941-16799 0
420 0 LA122189-0163 0
433 0 LA062389-0119 0
444 0 FBIS3-40550 0
449 0 FT933-5254 0
405 0 LA071690-0100 1
411 0 LA071789-0059 1
419 0 FT934-9592 1
409 0 FT921-8049 1
437 0 FT921-4300 1
405 0 LA081989-0069 0
411 0 FT924-1927 1
419 0 FT941-8702 0
409 0 FT921-8099 1
437 0 FT923-9954 0
403 0 LA081590-0161 0
449 0 FBIS3-22587 0
411 0 FT944-6974 1
409 0 FT921-714 1
411 0 LA092289-0001 0
419 0 FR940916-1-00052 0
409 0 FT922-12921 1
414 0 FT932-6585 0
433 0 FT941-5456 0
403 0 FT944-2266 0
449 0 FT923-6764 0
409 0 FT922-13723 1
423 0 FR940104-2-00022 0
437 0 LA072590-0069 0
405 0 LA011589-0005 0
406 0 FBIS4-20450 0
419 0 FT933-1817 0
409 0 FT921-969 1
433 0 LA062589-0049 0
423 0 FBIS4-7683 0
414 0 FBIS3-11898 0
437 0 FBIS4-60734 0
430 0 LA010289-0056 0
433 0 FT921-12803 0
429 0 FR940525-1-00049 0
441 0 FBIS3-8 0
403 0 FT943-1503 0
449 0 FBIS3-4466 0
405 0 FBIS3-20797 0
406 0 FBIS3-22658 0
411 0 FBIS3-29346 0
419 0 FBIS3-42606 0
437 0 FT924-12370 0
433 0 LA052090-0003 0
449 0 FBIS3-60487 0
405 0 LA112089-0048 1
411 0 LA071689-0089 1
419 0 FT933-16801 0
423 0 FBIS4-32018 0
414 0 FR941017-2-00007 0
405 0 FBIS3-42555 1
406 0 FR941021-0-00208 0
411 0 FT922-14087 0
423 0 FT932-10528 0
433 0 LA083089-0134 0
429 0 FR940202-2-00100 0
406 0 FT941-10017 0
411 0 FT921-12794 0
419 0 FR940526-0-00006 0
414 0 FBIS3-29 0
441 0 FR940223-0-00054 0
423 0 FR941202-2-00139 0
429 0 LA122689-0070 0
430 0 LA041889-0111 0
433 0 FBIS3-141 0
441 0 FBIS3-22371 0
406 0 FBIS3-54380 0
419 0 FT942-16263 0
429 0 FBIS3-9101 0
423 0 FT944-2261 0
441 0 LA010189-0002 0
429 0 FBIS3-1020 0
423 0 FBIS3-1881 0
419 0 FBIS3-35000 0
419 0 LA071389-0186 0
429 0 FR940713-1-00011 0
423 0 FT921-12219 0
419 0 LA112290-0010 0
406 0 FBIS3-1674 0
441 0 FT921-596 0
419 0 LA082390-0252 0
430 0 LA121190-0029 0
406 0 LA052589-0194 0
441 0 FBIS4-50850 0
429 0 LA061889-0205 0
423 0 FT934-5236 0
430 0 FT932-3917 0
406 0 FR941213-0-00042 0
441 0 LA052390-0176 0
429 0 LA041890-0007 0
423 0 FBIS3-20830 0
430 0 LA102790-0034 0
406 0 FBIS4-20645 0
441 0 FBIS3-41801 0
429 0 FR941130-0-00122 0
441 0 FR941027-1-00030 0
429 0 FR940202-2-00101 0
441 0 FBIS3-60487 1
441 0 FR940119-0-00034 0
429 0 FT911-4484 0
423 0 FBIS4-31813 0
441 0 FBIS4-22945 0
423 0 LA012089-0084 0
441 0 FT933-11362 0
430 0 LA061789-0067 0
429 0 FR940202-2-00109 1
423 0 FBIS4-8711 0
430 0 FBIS4-52039 0
423 0 LA061290-0094 0
406 0 FBIS3-22509 0
441 0 LA091890-0087 0
429 0 LA042990-0020 0
430 0 FBIS4-52042 0
406 0 LA121789-0114 1
423 0 FBIS3-20796 0
406 0 FR941027-1-00030 0
423 0 FT911-1126 0
406 0 LA081389-0044 0
441 0 FR940830-0-00004 0
429 0 FBIS3-60454 0
441 0 FR941216-0-00074 0
430 0 FT911-5106 0
423 0 FBIS3-26006 0
441 0 FR940603-0-00032 0
430 0 LA051589-0090 0
429 0 FBIS3-25597 0
406 0 LA010189-0001 0
441 0 LA010189-0003 0
429 0 FR941011-2-00089 0
430 0 LA100690-0056 0
406 0 FT924-12563 0
441 0 FR940804-2-00089 0
441 0 LA102489-0127 0
429 0 FR941107-2-00228 0
430 0 FT921-14688 0
406 0 LA120489-0008 0
429 0 FR940405-1-00084 0
429 0 FT921-7987 0
406 0 LA101689-0105 0
430 0 LA050789-0065 0
430 0 LA020290-0101 0
430 0 FBIS3-42400 0
430 0 FT922-4176 0
430 0 FBIS3-41666 0
430 0 FT921-16219 0
430 0 LA081690-0149 0
