401 0 FBIS4-18182 0
403 0 LA033089-0013 1
404 0 FT934-2053 0
402 0 LA062590-0042 1
406 0 LA080489-0045 1
405 0 FT922-11472 1
407 0 LA050889-0063 1
408 0 LA120389-0130 1
401 0 FBIS4-9582 0
410 0 FT934-14347 1
409 0 FT923-13692 1
411 0 FT922-4205 1
412 0 FR941206-1-00137 0
413 0 FT923-9006 1
414 0 FT943-1006 0
403 0 FR940525-1-00062 1
416 0 FBIS3-45088 0
415 0 FBIS4-26800 1
417 0 LA093089-0065 1
418 0 LA102189-0167 1
419 0 LA040190-0174 1
420 0 LA121590-0108 1
422 0 LA032090-0091 1
421 0 FR941206-1-00134 0
423 0 FT933-2528 1
424 0 LA121490-0059 1
425 0 FBIS3-54773 1
427 0 LA082089-0008 1
426 0 LA012990-0011 0
428 0 FBIS4-47098 1
429 0 LA110389-0072 1
430 0 LA061589-0055 1
431 0 LA030589-0277 1
432 0 LA081190-0049 0
433 0 LA080690-0141 0
435 0 FT941-12411 1
434 0 FBIS4-22418 1
436 0 FR940819-1-00053 0
437 0 FT942-10006 0
438 0 FT922-769 0
439 0 FBIS3-23562 0
440 0 FT932-5791 1
441 0 LA061389-0087 1
442 0 FBIS4-13202 0
443 0 FT933-5770 0
444 0 FBIS4-45803 1
445 0 FT924-9001 1
446 0 FT943-11047 1
447 0 FBIS3-40450 1
448 0 FT943-316 0
449 0 FT924-5307 1
450 0 FT943-14084 1
404 0 FBIS4-66076 1
402 0 LA101290-0115 1
406 0 LA051790-0095 1
405 0 LA092489-0134 0
407 0 FT921-6003 1
408 0 LA101490-0142 1
401 0 FT924-4470 1
410 0 FT933-16910 1
409 0 LA120589-0083 1
411 0 LA111289-0106 1
412 0 FBIS3-61015 0
413 0 FT923-10837 1
414 0 FT921-8261 0
403 0 FR940525-1-00079 1
416 0 FBIS3-46008 0
415 0 FBIS3-28711 1
417 0 LA092989-0098 1
418 0 LA081189-0137 1
419 0 FBIS4-20472 0
420 0 LA012489-0059 1
422 0 FT921-406 1
421 0 FR940727-1-00050 0
423 0 FT942-11666 1
424 0 LA121390-0235 1
425 0 LA091590-0091 1
427 0 LA070389-0031 0
426 0 FR940314-0-00003 0
428 0 FBIS4-66212 0
429 0 FR940202-2-00139 0
430 0 LA080389-0111 1
431 0 FBIS3-40520 1
432 0 LA032990-0044 0
433 0 FT932-15098 0
435 0 FT943-5505 0
434 0 FT942-14647 1
436 0 LA101890-0199 0
437 0 FT942-3871 0
438 0 LA022689-0163 0
439 0 LA100589-0058 0
440 0 FT942-3471 1
441 0 LA071989-0117 1
442 0 FBIS3-17422 0
443 0 FT921-14694 0
444 0 FR940318-0-00170 1
445 0 FT924-8156 1
446 0 FT931-887 1
447 0 FT923-9701 1
448 0 FBIS4-17109 0
449 0 LA052190-0106 0
450 0 FT941-12873 1
404 0 FT934-11423 1
402 0 FT933-16361 0
406 0 LA101090-0147 0
405 0 FT944-864 0
407 0 FT941-15416 1
408 0 LA080189-0042 0
401 0 FBIS3-17077 0
410 0 FBIS3-59001 1
409 0 LA031789-0067 0
411 0 LA101289-0146 1
412 0 FBIS4-21704 1
413 0 FBIS4-53871 1
414 0 FT944-12369 1
403 0 LA092890-0067 1
416 0 FBIS3-3711 0
415 0 FBIS3-41250 1
417 0 FT934-9583 0
418 0 LA051889-0088 1
419 0 FBIS3-43002 1
420 0 LA121289-0035 1
422 0 FT923-1946 1
421 0 FT931-2779 0
423 0 FT944-12689 1
424 0 LA061490-0082 0
425 0 FBIS4-46741 1
427 0 LA042390-0089 0
426 0 LA022689-0068 0
428 0 FBIS3-27464 0
429 0 FR940202-2-00108 0
430 0 LA051089-0041 0
431 0 FBIS3-46247 1
432 0 FT942-6174 0
433 0 LA031989-0196 0
435 0 FBIS4-67656 0
434 0 FBIS4-47093 1
436 0 FBIS3-27285 0
437 0 FT941-873 0
438 0 FBIS4-10429 1
439 0 FR940627-2-00078 0
440 0 LA121889-0008 0
441 0 LA112690-0027 1
442 0 FBIS3-52276 0
443 0 FT933-858 0
444 0 FBIS4-44747 1
445 0 FT934-408 1
446 0 FT931-4450 1
447 0 FT922-334 0
448 0 FT921-11935 1
449 0 FT942-14203 0
450 0 FT924-8277 0
404 0 FT943-5955 0
402 0 FR941021-1-00037 0
406 0 LA121189-0042 0
405 0 FBIS3-42549 0
407 0 FT941-5453 1
408 0 FT923-6038 1
401 0 FBIS4-31704 0
410 0 FBIS3-39341 1
409 0 FT941-758 1
411 0 LA120789-0097 0
412 0 FT941-4175 1
413 0 FT923-9281 1
414 0 FT921-9644 1
403 0 LA051889-0006 1
416 0 FBIS3-25805 0
415 0 FBIS3-60025 1
417 0 FR940128-2-00184 0
418 0 LA060890-0112 1
419 0 FBIS3-43040 1
420 0 LA010489-0041 1
422 0 FT911-5359 1
421 0 FBIS4-25731 1
423 0 FT933-2532 1
424 0 FBIS3-24330 0
425 0 LA101890-0111 1
427 0 FT923-10771 1
426 0 LA030390-0076 1
428 0 FBIS3-3671 0
429 0 FT932-10547 1
430 0 LA073089-0143 1
431 0 FBIS4-44815 1
432 0 LA080790-0111 0
433 0 LA012890-0190 0
435 0 FT943-8138 0
434 0 FBIS3-42852 1
436 0 FBIS4-44525 0
437 0 LA020890-0174 0
438 0 FBIS4-56177 1
439 0 FBIS3-2362 0
440 0 LA011290-0078 0
441 0 LA092090-0248 1
442 0 LA071090-0093 1
443 0 FR941012-2-00117 0
444 0 FR940318-0-00173 1
445 0 LA110789-0149 1
446 0 FT931-1884 0
447 0 FR940318-0-00157 1
448 0 FT931-16636 1
449 0 FT922-12251 1
450 0 FT933-748 1
404 0 FT934-5748 0
402 0 FR940817-2-00271 0
406 0 LA111589-0149 0
405 0 FBIS3-59742 0
407 0 LA022689-0070 1
408 0 FT933-13671 0
401 0 LA090490-0093 0
410 0 FT932-16523 1
409 0 LA092189-0137 0
411 0 FT944-6915 1
412 0 FT931-6812 1
413 0 FT933-19 0
414 0 FT922-12873 0
403 0 FR940525-1-00078 1
416 0 FBIS3-1746 0
415 0 LA121690-0051 1
417 0 LA092989-0114 1
418 0 LA040989-0214 0
419 0 FBIS3-41645 0
420 0 LA010389-0040 1
422 0 LA032190-0154 1
421 0 FBIS3-22152 0
423 0 FT942-13554 0
424 0 FBIS3-33048 0
425 0 FBIS3-45903 1
427 0 FR941028-2-00203 0
426 0 LA031490-0004 1
428 0 FBIS4-38757 0
429 0 LA010590-0062 1
430 0 LA031389-0095 0
431 0 FT911-135 1
432 0 LA101690-0051 0
433 0 FBIS4-68893 0
435 0 FBIS3-27959 0
434 0 FBIS3-36117 0
436 0 FBIS3-4209 0
437 0 FBIS3-24653 0
438 0 FT924-13746 0
439 0 FBIS3-58 0
440 0 LA031690-0183 1
441 0 LA092690-0153 0
442 0 LA070889-0019 0
443 0 FBIS4-68893 0
444 0 FR940318-0-00213 1
445 0 FT921-7364 1
446 0 FT941-17346 0
447 0 FR940318-0-00208 1
448 0 FT943-4886 0
449 0 FR940523-0-00036 0
450 0 FT921-3964 1
404 0 FT934-9649 0
402 0 FBIS3-40388 0
406 0 LA111689-0161 0
405 0 LA120290-0016 0
407 0 LA100789-0152 1
408 0 LA061989-0095 0
401 0 FT932-10861 0
410 0 FT924-1015 1
409 0 LA122289-0117 0
411 0 FBIS4-68470 0
412 0 FBIS3-60767 1
413 0 FBIS4-27797 1
414 0 FT944-11926 1
403 0 LA020490-0136 1
416 0 FBIS4-44554 1
415 0 FBIS4-66983 1
417 0 LA093090-0112 1
418 0 LA102190-0073 0
419 0 FBIS4-67400 0
420 0 LA121690-0122 1
422 0 FT934-9676 1
421 0 FBIS4-20694 0
423 0 FBIS4-32072 1
424 0 LA012889-0122 1
425 0 FBIS4-26260 1
427 0 FR941028-2-00201 0
426 0 FR940314-0-00002 0
428 0 FBIS3-25790 0
429 0 LA052190-0106 1
430 0 LA082889-0051 1
431 0 FBIS4-20472 0
432 0 FBIS3-56338 0
433 0 LA090290-0150 0
435 0 LA052290-0096 0
434 0 FBIS4-63677 1
436 0 LA082989-0016 1
437 0 FT942-10389 1
438 0 FBIS3-21296 0
439 0 FT942-14635 1
440 0 LA062190-0015 0
441 0 LA073090-0058 0
442 0 LA110389-0097 0
443 0 FT944-17899 1
444 0 FT943-4354 1
445 0 LA032589-0088 0
446 0 FBIS4-10911 1
447 0 FR940505-1-00225 1
448 0 FBIS4-13392 0
449 0 FBIS4-23031 0
450 0 FT943-9994 1
404 0 FT944-18148 1
402 0 LA050789-0122 1
406 0 FT943-1002 0
405 0 LA080289-0090 0
407 0 FT942-17238 1
408 0 LA101390-0102 1
401 0 FT932-15086 1
410 0 FT931-14276 1
409 0 LA050989-0113 0
411 0 FT932-4727 1
412 0 FT941-4724 1
413 0 FT944-1455 1
414 0 FT943-11487 0
403 0 FR940525-1-00063 1
416 0 FBIS4-44586 1
415 0 FBIS3-60083 1
417 0 LA101489-0015 1
418 0 FT941-15243 1
419 0 LA121389-0085 1
420 0 LA121590-0131 1
422 0 FT933-10293 0
421 0 FT934-17408 1
423 0 FT943-7734 1
424 0 FBIS4-66185 0
425 0 FBIS4-47199 1
427 0 FR940405-1-00137 0
426 0 FBIS3-58 0
428 0 LA013190-0096 0
429 0 FT943-1146 1
430 0 LA020590-0004 0
431 0 FBIS3-59638 0
432 0 LA122190-0129 0
433 0 FT924-14023 1
435 0 FBIS4-44477 0
434 0 FBIS4-45669 0
436 0 FBIS3-27214 0
437 0 FBIS4-67533 0
438 0 FBIS3-50740 1
439 0 FT922-715 0
440 0 FR940513-1-00101 0
441 0 FBIS4-67664 1
442 0 FBIS4-26760 0
443 0 FT932-6262 0
444 0 FBIS4-44913 1
445 0 LA042190-0009 0
446 0 FBIS4-56591 1
447 0 FR940318-0-00152 1
448 0 FT931-8338 0
449 0 FBIS3-29 0
450 0 FT933-5957 1
404 0 FT941-1735 0
402 0 FT933-5693 1
406 0 FBIS4-67660 1
405 0 FT922-11525 1
407 0 LA021190-0107 0
408 0 LA101190-0007 0
401 0 FT944-6909 1
410 0 FT934-6237 1
409 0 FBIS4-68893 0
411 0 LA030589-0073 1
412 0 FBIS3-23020 1
413 0 FT933-12902 1
414 0 FBIS3-10101 0
403 0 LA071290-0133 1
416 0 FBIS3-46276 1
415 0 FBIS3-48525 1
417 0 FT931-12874 1
418 0 LA072589-0049 0
419 0 LA022190-0069 0
420 0 LA112990-0231 1
422 0 FBIS4-51896 0
421 0 FT932-245 0
423 0 FT944-439 1
424 0 LA121590-0063 1
425 0 FBIS4-66195 1
427 0 FBIS4-68893 0
426 0 LA072989-0111 1
428 0 FBIS4-62081 1
429 0 FR940405-1-00041 0
430 0 LA051089-0024 0
431 0 FT922-4414 1
432 0 LA110190-0154 0
433 0 FT941-8333 0
435 0 FT933-15872 0
434 0 FT943-14253 1
436 0 FT943-8887 1
437 0 LA122090-0114 0
438 0 FBIS4-10659 0
439 0 FT923-7988 0
440 0 FBIS4-5198 1
441 0 LA081989-0064 1
442 0 LA072889-0023 0
443 0 FT933-5761 1
444 0 FBIS3-40501 0
445 0 FT943-5763 0
446 0 FT932-16493 1
447 0 FR940318-0-00154 1
448 0 FBIS3-43132 0
449 0 LA111090-0106 0
450 0 FT943-12560 1
404 0 FBIS3-25050 0
402 0 FR940127-2-00200 0
406 0 FBIS4-2251 0
405 0 FT943-10128 1
407 0 FR940505-2-00064 1
408 0 LA082389-0064 0
401 0 FT943-15609 0
410 0 FBIS4-64577 1
409 0 FT923-13817 1
411 0 LA053190-0084 1
412 0 LA041490-0047 0
413 0 FT922-11827 1
414 0 FT932-9441 0
403 0 FR940525-1-00050 1
416 0 FBIS4-2026 1
415 0 FBIS3-60189 1
417 0 LA072990-0201 1
418 0 LA100990-0120 0
419 0 FR941202-2-00139 0
420 0 LA121890-0152 1
422 0 LA062890-0110 0
421 0 FT933-4383 0
423 0 FBIS4-31557 1
424 0 LA033189-0141 1
425 0 FBIS3-58171 1
427 0 FT943-13952 1
426 0 LA072889-0063 1
428 0 FBIS4-44477 0
429 0 LA052190-0047 0
430 0 LA011589-0005 0
431 0 FBIS3-20965 1
432 0 FR941202-2-00139 0
433 0 FBIS4-8584 0
435 0 FT931-892 1
434 0 FBIS3-54829 1
436 0 FT941-7101 1
437 0 FR940224-2-00034 0
438 0 FBIS4-66770 0
439 0 FT931-1310 1
440 0 FT942-14617 0
441 0 FT921-16387 0
442 0 LA121090-0007 0
443 0 FBIS4-1341 0
444 0 FR940318-0-00172 1
445 0 LA080390-0117 0
446 0 FBIS4-18764 0
447 0 FR940318-0-00156 1
448 0 FT931-12892 0
449 0 FBIS3-41669 0
450 0 FT941-4994 0
404 0 FBIS3-18347 0
402 0 LA032290-0148 1
406 0 FT932-7262 1
405 0 LA112190-0043 0
407 0 FR941227-1-00039 0
408 0 FBIS4-68893 0
401 0 FT942-5121 1
410 0 FT932-12074 1
409 0 FBIS4-68194 0
411 0 LA081090-0071 1
412 0 FR940728-2-00138 0
413 0 FT931-11598 0
414 0 FT934-615 0
403 0 FR940603-2-00065 1
416 0 FBIS3-20616 1
415 0 FBIS3-21943 1
417 0 FT932-15646 0
418 0 LA052189-0009 1
419 0 LA040889-0058 0
420 0 LA011989-0129 1
422 0 LA073089-0145 1
421 0 FT934-17401 1
423 0 FBIS4-30975 1
424 0 LA120890-0014 1
425 0 FBIS3-23846 1
427 0 FT943-5736 1
426 0 LA113089-0146 1
428 0 FBIS4-29208 1
429 0 FR940202-2-00140 0
430 0 LA121690-0053 1
431 0 FT943-11018 0
432 0 FT943-1445 0
433 0 FBIS4-52156 0
435 0 LA052089-0101 0
434 0 FT943-539 1
436 0 FT931-15371 0
437 0 FR940405-2-00034 0
438 0 FBIS4-51074 1
439 0 LA092989-0114 0
440 0 FBIS3-67 0
441 0 LA112789-0001 0
442 0 LA101290-0050 0
443 0 FBIS4-46649 0
444 0 FR940607-0-00050 0
445 0 LA011589-0007 0
446 0 FBIS3-13076 1
447 0 FR940318-0-00149 1
448 0 LA011589-0130 1
449 0 FR940804-2-00091 0
450 0 FT943-10634 1
404 0 FBIS3-38414 1
402 0 LA111689-0162 1
406 0 FR941117-0-00147 0
405 0 FT942-5468 0
407 0 FBIS3-41533 0
408 0 LA082990-0118 0
401 0 FT942-5131 1
410 0 FT924-4549 1
409 0 LA091290-0053 0
411 0 FBIS4-67533 0
412 0 FBIS3-12680 1
413 0 FT934-16557 0
414 0 FT923-3729 0
403 0 FT924-979 1
416 0 FBIS3-45816 1
415 0 FBIS3-2893 1
417 0 LA112089-0015 1
418 0 LA082490-0038 0
419 0 LA042290-0216 0
420 0 FBIS3-24469 0
422 0 FBIS4-2312 0
421 0 FR940810-0-00230 0
423 0 FBIS4-7539 0
424 0 LA092290-0086 1
425 0 FBIS3-24145 1
427 0 LA102490-0132 1
426 0 LA011089-0138 1
428 0 FBIS4-27210 1
429 0 FR940104-0-00034 0
430 0 FT911-4886 1
431 0 FT911-129 1
432 0 LA031789-0082 0
433 0 FT924-9527 0
435 0 FT943-5797 1
434 0 FBIS4-14822 0
436 0 FBIS4-68446 1
437 0 FT944-6824 0
438 0 LA073190-0122 0
439 0 FR941202-2-00139 0
440 0 LA040590-0063 1
441 0 FR941202-2-00139 0
442 0 FR941206-1-00134 0
443 0 FBIS3-218 0
444 0 FBIS4-66450 1
445 0 LA020490-0211 0
446 0 FBIS3-23248 0
447 0 FR940318-0-00151 1
448 0 LA030890-0031 0
449 0 FR941202-2-00139 0
450 0 FT941-10100 1
404 0 FBIS3-23037 0
402 0 LA100790-0251 1
406 0 FBIS3-889 0
405 0 FR941202-2-00139 0
407 0 FT933-9176 1
408 0 LA100590-0178 1
401 0 FT924-3284 1
410 0 FT941-13450 1
409 0 FR941202-2-00139 0
411 0 FT941-4422 0
412 0 LA072590-0152 1
413 0 FT933-1180 0
414 0 FBIS3-10878 0
403 0 FT932-1044 1
416 0 FBIS3-44551 1
415 0 FBIS3-41168 1
417 0 LA061290-0132 0
418 0 LA110289-0130 0
419 0 FT944-2707 0
420 0 FR940405-1-00099 0
422 0 LA123190-0042 0
421 0 FR941222-0-00082 0
423 0 FBIS4-55851 1
424 0 LA090990-0089 1
425 0 LA022289-0114 1
427 0 LA011589-0120 1
426 0 LA011189-0135 1
428 0 LA070390-0073 0
429 0 FBIS3-6503 0
430 0 LA060890-0001 0
431 0 FT934-9501 0
432 0 FBIS4-32545 0
433 0 FT941-4064 0
435 0 FBIS4-33000 0
434 0 FBIS3-42632 1
436 0 FT941-7105 1
437 0 FT934-2006 0
438 0 FBIS4-24813 0
439 0 FBIS4-67729 0
440 0 LA060689-0153 1
441 0 FBIS3-22133 0
442 0 FBIS4-49851 0
443 0 FT933-11867 1
444 0 FBIS4-44741 1
445 0 FT944-1870 1
446 0 FR940817-0-00065 0
447 0 FR940318-0-00155 1
448 0 FBIS4-54035 0
449 0 FBIS3-12849 0
450 0 FT942-4289 1
404 0 FR941206-1-00134 0
402 0 LA090789-0028 0
406 0 LA011290-0023 0
405 0 FBIS3-61266 0
407 0 FR941216-2-00101 0
408 0 LA100890-0072 1
401 0 FT944-9692 1
410 0 FT932-17156 1
409 0 LA051990-0107 0
411 0 FBIS3-60342 0
412 0 FBIS3-12129 1
413 0 FT933-15473 1
414 0 FR941117-2-00158 0
403 0 LA011389-0029 1
416 0 FBIS3-3551 0
415 0 FBIS4-26801 1
417 0 LA091489-0178 1
418 0 LA120490-0091 0
419 0 FBIS4-67398 0
420 0 LA112789-0026 0
422 0 LA062290-0062 1
421 0 FBIS3-27134 0
423 0 FBIS4-7637 0
424 0 LA090890-0037 1
425 0 FBIS4-68371 1
427 0 FT933-1362 1
426 0 FBIS3-41073 1
428 0 LA043089-0062 1
429 0 FR940920-2-00083 1
430 0 FBIS3-40450 0
431 0 FR940428-2-00021 0
432 0 FBIS4-47675 0
433 0 FT932-2172 0
435 0 FBIS3-2862 1
434 0 FBIS3-55801 1
436 0 FT923-5087 1
437 0 LA020689-0060 0
438 0 FT944-7133 0
439 0 FT943-14973 0
440 0 LA040390-0172 1
441 0 FR940104-0-00034 0
442 0 FBIS4-12755 0
443 0 FT941-4190 1
444 0 FR940419-2-00036 0
445 0 FT944-2077 1
446 0 LA041590-0028 0
447 0 FR940318-0-00146 1
448 0 FBIS4-66382 0
449 0 FR940314-1-00041 0
450 0 FT924-8272 0
404 0 FBIS3-1296 0
402 0 LA080190-0099 0
406 0 LA061889-0114 0
405 0 LA010889-0109 0
407 0 FBIS3-36078 0
408 0 LA062889-0066 1
401 0 FT931-10513 1
410 0 FT922-751 1
409 0 LA051089-0085 0
411 0 FT942-16788 0
412 0 FBIS3-23065 0
413 0 FBIS4-53869 1
414 0 FT911-4670 0
403 0 LA011289-0149 0
416 0 FT934-9356 0
415 0 FBIS3-48057 1
417 0 LA100790-0251 1
418 0 FT922-1999 1
419 0 FT941-17541 1
420 0 LA121990-0004 0
422 0 LA062190-0236 1
421 0 FBIS4-66480 0
423 0 FBIS3-2 0
424 0 LA030890-0107 1
425 0 FBIS3-10532 1
427 0 FBIS4-67533 0
426 0 LA042490-0008 1
428 0 FT943-11076 1
429 0 FR940628-1-00003 0
430 0 LA070990-0038 0
431 0 FBIS4-47609 1
432 0 FT922-3158 0
433 0 FBIS4-52754 0
435 0 FBIS4-31127 1
434 0 FBIS4-38646 1
436 0 LA030589-0194 1
437 0 FT933-8127 0
438 0 FT924-11275 0
439 0 FR940104-0-00034 0
440 0 LA061290-0034 0
441 0 FT933-7438 0
442 0 FR941107-0-00034 0
443 0 FR941230-0-00123 0
444 0 FBIS4-68893 0
445 0 LA102790-0157 0
446 0 FT933-281 0
447 0 FR940318-0-00147 1
448 0 FBIS4-44913 0
449 0 FT942-2461 0
450 0 FT944-13606 1
404 0 FT934-9911 1
402 0 LA101690-0121 1
406 0 LA052189-0154 0
405 0 FR941027-1-00030 0
407 0 FT942-10464 1
408 0 FT933-9488 1
401 0 FT923-3134 1
410 0 FT934-14160 1
409 0 LA042089-0111 0
411 0 FR940725-2-00141 0
412 0 FT911-3449 0
413 0 FBIS4-28776 0
414 0 LA040590-0222 0
416 0 FBIS4-20504 0
403 0 LA072289-0144 1
415 0 FBIS3-60183 1
417 0 FT942-4796 1
418 0 LA032289-0006 1
419 0 FT941-5694 1
420 0 LA030389-0055 0
422 0 LA081790-0069 1
421 0 FR940805-0-00048 0
423 0 FR940630-0-00071 0
424 0 LA032989-0117 1
425 0 FBIS4-49075 1
427 0 FR941230-0-00120 0
426 0 LA042490-0076 1
428 0 FBIS4-46831 1
429 0 FBIS3-10035 0
430 0 FBIS4-46649 0
431 0 FBIS4-47629 0
432 0 FT931-14353 0
433 0 LA050690-0140 0
435 0 FT922-10566 0
434 0 FBIS3-61393 1
436 0 LA092790-0192 1
437 0 FR940304-1-00100 0
438 0 FBIS4-68893 0
439 0 FR940805-2-00088 0
440 0 LA061290-0137 1
441 0 LA010189-0001 0
442 0 FT924-8668 0
443 0 FT944-2690 0
444 0 FT932-7115 1
445 0 FT941-7858 1
446 0 FT933-15385 1
447 0 FR940318-0-00153 1
448 0 FR940317-1-00121 0
449 0 FT944-18645 1
450 0 FT943-12145 1
404 0 FT934-11680 1
402 0 FT922-7420 1
406 0 LA072690-0178 0
405 0 FBIS3-42517 0
407 0 FT941-15415 1
408 0 LA082189-0033 0
401 0 FT944-9693 1
410 0 FBIS4-44277 1
409 0 LA020990-0106 0
411 0 FT933-8545 1
412 0 FBIS4-19994 1
413 0 FBIS4-66185 0
414 0 FBIS4-32817 0
416 0 FBIS3-1580 0
403 0 LA091489-0031 0
415 0 FBIS4-26653 1
417 0 LA083189-0200 0
418 0 LA113090-0012 1
419 0 FT934-13811 1
420 0 FBIS3-40450 0
422 0 LA102789-0118 1
421 0 FR940406-2-00181 0
423 0 FBIS3-30648 0
424 0 LA050689-0099 1
425 0 LA022490-0076 1
427 0 LA121490-0104 0
426 0 LA112589-0119 1
428 0 FT943-9226 1
429 0 FR940816-2-00056 0
430 0 FT944-2707 0
431 0 FT921-3682 1
432 0 LA071189-0069 0
433 0 FBIS3-36078 0
435 0 FBIS4-66172 1
434 0 FBIS4-68650 1
436 0 FT924-4812 1
437 0 LA081589-0076 0
438 0 FBIS4-2320 0
439 0 LA011589-0013 0
440 0 LA032190-0066 0
441 0 FR940602-1-00023 0
442 0 FBIS4-2254 1
443 0 FT933-5759 0
444 0 FBIS4-67533 0
445 0 FT942-17503 1
446 0 FT933-15380 1
447 0 FR940916-1-00030 0
448 0 FT944-15143 0
449 0 FT943-677 0
450 0 FT922-6883 0
404 0 FT942-16203 0
402 0 FT921-11140 1
406 0 FR940602-1-00023 0
405 0 FT941-17652 1
407 0 FT941-1511 0
408 0 LA102090-0035 0
401 0 FT924-7558 1
410 0 FT941-16995 1
409 0 LA031989-0099 0
411 0 FT934-6249 0
412 0 FBIS4-22140 1
413 0 FBIS4-51135 0
414 0 FBIS3-32084 0
416 0 FBIS3-40450 0
403 0 LA041290-0081 0
415 0 FBIS4-45563 1
417 0 LA010889-0192 0
418 0 LA102890-0220 1
419 0 FT923-438 1
420 0 LA122689-0070 1
422 0 LA092989-0086 1
421 0 FT924-8553 0
423 0 FT944-2702 0
424 0 LA061690-0003 0
425 0 FT943-14585 1
427 0 FBIS4-46649 0
426 0 LA061190-0093 1
428 0 LA030990-0060 0
429 0 FR940202-2-00119 0
430 0 LA011090-0115 0
431 0 FT944-9870 0
432 0 LA052689-0086 1
433 0 FBIS3-18174 0
435 0 LA102689-0071 0
434 0 FBIS4-65007 1
436 0 FT944-5690 0
437 0 LA072089-0163 0
438 0 FT942-4191 0
439 0 FBIS4-68445 0
440 0 FBIS4-44919 0
441 0 FR940323-1-00061 0
442 0 FBIS3-1987 0
443 0 FT933-1184 1
444 0 FT923-1186 0
445 0 FT942-2917 1
446 0 FBIS3-12314 0
447 0 FT922-578 0
448 0 FBIS3-24469 0
449 0 FT944-10375 0
450 0 FT941-13153 1
404 0 FBIS4-67877 0
402 0 FT922-715 1
406 0 LA011590-0099 1
405 0 FT924-286 0
407 0 FT932-12511 1
408 0 FR941230-0-00123 0
401 0 FT932-5626 1
410 0 FT932-11119 1
409 0 FBIS3-20591 0
411 0 FT931-15873 0
412 0 LA021489-0026 1
413 0 FT932-13620 1
414 0 FT921-3603 0
416 0 FBIS4-66185 1
403 0 LA010790-0103 1
415 0 FT921-3152 1
417 0 FBIS3-32936 0
418 0 FT924-9142 1
419 0 FBIS4-44724 0
420 0 LA121890-0088 0
422 0 FT934-9905 1
421 0 FR941216-0-00074 0
423 0 FBIS3-1733 0
424 0 LA061690-0004 0
425 0 LA010390-0055 0
427 0 FT944-2707 0
426 0 LA070389-0068 1
428 0 FBIS3-59343 0
429 0 FBIS4-11145 0
430 0 FBIS3-37947 0
431 0 FT942-13969 1
432 0 FT922-4190 0
433 0 FBIS3-13963 1
435 0 FBIS4-50581 0
434 0 FBIS3-36345 0
436 0 FBIS4-20472 0
437 0 FT942-2256 0
438 0 FR940926-2-00017 0
439 0 FBIS4-49855 0
440 0 FBIS4-64476 0
441 0 FBIS4-45839 1
442 0 FBIS4-13239 0
443 0 FBIS4-24046 0
444 0 FR940128-2-00102 1
445 0 FT941-3868 1
446 0 FBIS4-25625 0
447 0 LA060990-0066 0
448 0 FT944-2707 0
449 0 FT933-7438 1
450 0 FT933-3882 1
404 0 FBIS4-12759 0
402 0 FR940503-2-00002 0
406 0 FT933-5690 1
405 0 LA052890-0021 1
407 0 FT933-5757 1
408 0 LA082690-0108 1
401 0 FT924-7483 1
410 0 FT922-8566 1
409 0 LA051690-0101 0
411 0 FT941-2544 0
412 0 LA021790-0109 1
413 0 FBIS4-7931 0
414 0 FT932-13478 1
416 0 FBIS3-45089 0
403 0 LA083089-0024 0
415 0 FBIS4-30503 1
417 0 LA010689-0154 1
418 0 LA021989-0211 1
419 0 FR940425-1-00020 0
420 0 LA120789-0075 0
422 0 LA110590-0139 1
421 0 FBIS3-7124 0
423 0 FBIS4-32534 1
424 0 LA011889-0113 0
425 0 FT944-6431 0
427 0 FT924-7120 1
426 0 LA092790-0013 1
428 0 FBIS4-20472 0
429 0 FBIS3-41744 1
430 0 LA061689-0067 0
431 0 FT922-9444 1
432 0 FR940902-2-00103 0
433 0 FR940822-0-00067 0
435 0 FBIS4-66212 1
434 0 FT931-11394 0
436 0 FBIS4-31693 0
437 0 FBIS3-46629 0
438 0 FR941013-1-00018 0
439 0 FBIS4-49929 0
440 0 FBIS4-20331 0
441 0 FR940802-1-00015 1
442 0 LA050489-0087 0
443 0 FBIS4-52303 0
444 0 FBIS4-20472 1
445 0 FT943-15291 1
446 0 LA080890-0069 0
447 0 FBIS3-21198 1
448 0 FR940513-0-00074 0
449 0 FR940523-0-00038 0
450 0 FT943-13669 0
404 0 FT934-11487 1
402 0 FR940112-1-00044 0
406 0 FR940513-2-00108 0
405 0 LA112690-0067 1
407 0 FBIS3-60235 1
408 0 FT923-8862 0
401 0 FT924-4344 1
410 0 FT924-3822 1
409 0 FT921-8927 0
411 0 FT931-9403 0
412 0 LA021489-0071 1
413 0 FBIS4-20648 1
414 0 FBIS4-38627 1
416 0 FBIS3-3047 0
403 0 LA042589-0052 0
415 0 FT921-3261 1
417 0 LA100990-0018 1
418 0 LA110589-0059 0
419 0 FBIS3-34929 0
422 0 LA021489-0070 1
420 0 FBIS4-20472 0
421 0 FR940406-2-00182 0
423 0 FBIS4-25261 0
424 0 FBIS4-46649 0
425 0 LA102189-0077 1
427 0 FR941028-2-00213 1
426 0 LA081090-0081 1
428 0 LA101389-0149 0
429 0 FR940405-1-00055 1
430 0 FT934-8096 0
431 0 FT933-4691 0
432 0 FR940620-0-00147 0
433 0 FT911-4174 1
435 0 FBIS3-25790 1
434 0 FBIS3-24320 1
436 0 FBIS3-11568 1
437 0 FT942-10697 1
438 0 FT943-44 1
439 0 FBIS3-26454 0
440 0 FR941025-2-00060 0
441 0 FT923-453 0
442 0 FBIS3-45043 0
443 0 FBIS3-43135 1
444 0 FBIS3-60336 0
445 0 FT933-9689 1
446 0 FBIS3-61562 0
447 0 FBIS4-44896 0
448 0 FT943-1368 0
449 0 FR940804-1-00057 0
450 0 FBIS3-22945 0
404 0 FBIS4-14340 0
402 0 FR940204-2-00090 1
406 0 LA040190-0221 0
405 0 LA060290-0131 0
407 0 FT933-2396 1
408 0 LA080289-0005 0
401 0 FT931-9354 1
410 0 FBIS3-18733 1
409 0 FR941206-1-00134 0
411 0 FR940511-0-00043 0
412 0 LA080589-0053 1
413 0 FT944-17588 1
414 0 FBIS4-38629 1
416 0 FBIS4-50715 0
403 0 LA010390-0067 1
415 0 FBIS4-45307 1
417 0 LA010990-0070 1
418 0 LA091890-0165 0
419 0 FBIS3-22289 0
422 0 LA021089-0101 1
420 0 FR940112-1-00044 1
421 0 FT941-427 0
423 0 FT924-892 0
424 0 LA032990-0163 0
425 0 LA120489-0078 0
427 0 FBIS3-22363 0
426 0 LA030389-0143 1
428 0 FBIS4-46813 0
429 0 LA040890-0032 0
430 0 LA123190-0040 0
431 0 FBIS3-20967 1
432 0 LA102190-0161 0
433 0 FT942-11555 1
435 0 FBIS4-2468 1
434 0 FBIS3-24040 1
436 0 FT931-12899 1
437 0 FT933-1120 0
438 0 FT911-2446 1
439 0 FBIS4-46660 0
440 0 FR940513-1-00099 0
441 0 FT921-2018 1
442 0 FBIS3-25765 0
443 0 FBIS3-43189 1
444 0 FBIS3-22184 0
445 0 FT931-9901 1
446 0 FBIS3-42223 1
447 0 FBIS4-68893 0
448 0 FT943-178 0
449 0 FBIS4-23026 1
450 0 LA021489-0101 1
404 0 FBIS4-12938 0
402 0 FBIS3-58407 0
406 0 FR940817-2-00221 0
405 0 LA012289-0002 0
407 0 FBIS4-67533 0
408 0 FR940728-2-00131 1
401 0 FT923-3130 1
410 0 LA121589-0087 1
409 0 FT941-11932 1
411 0 FR941019-0-00079 0
412 0 LA031789-0067 0
413 0 FBIS4-4864 1
414 0 FBIS3-36211 1
416 0 FBIS4-66352 0
403 0 LA030689-0082 0
415 0 FBIS4-27476 1
417 0 LA022189-0094 1
418 0 LA060890-0107 1
419 0 FBIS4-44893 0
422 0 LA041290-0157 1
420 0 FBIS4-44913 0
421 0 FR941222-1-00024 0
423 0 FT943-1255 0
424 0 LA031689-0099 0
425 0 LA010290-0087 1
427 0 FBIS4-20684 0
426 0 FBIS4-56582 1
428 0 FBIS4-68893 0
429 0 FBIS3-60444 0
430 0 LA092389-0141 0
431 0 FT934-9399 0
432 0 FBIS4-67533 0
433 0 LA082990-0005 1
435 0 FBIS3-3811 0
434 0 FBIS4-68763 1
436 0 FR941221-2-00104 0
437 0 FBIS3-40450 1
438 0 FT934-9708 1
439 0 FR941206-1-00134 0
440 0 LA121789-0089 0
441 0 LA062590-0046 0
442 0 FR940325-1-00057 0
443 0 FT942-5887 1
444 0 FBIS4-66416 0
445 0 FT934-11863 1
446 0 FBIS3-247 0
447 0 FT922-13330 0
448 0 FT942-2178 0
449 0 FBIS4-23025 0
450 0 FT911-4070 1
404 0 FT944-14470 0
402 0 LA112090-0153 1
406 0 LA091990-0010 1
405 0 LA072390-0060 1
407 0 FT933-7330 1
408 0 FR940727-2-00117 1
401 0 FT932-6653 1
410 0 LA070190-0033 1
409 0 LA090690-0076 0
411 0 LA050490-0107 0
412 0 LA041890-0141 0
413 0 FBIS4-49420 0
414 0 FBIS4-9866 1
416 0 FBIS4-66355 1
403 0 FBIS4-20472 0
415 0 FBIS4-26397 1
417 0 FT944-4744 1
418 0 LA080990-0204 0
419 0 FT933-5056 0
422 0 LA062590-0134 0
420 0 LA090290-0177 0
421 0 FR940810-2-00045 0
423 0 FBIS4-8497 1
424 0 LA062190-0255 0
425 0 FBIS4-42384 1
427 0 FR940721-1-00098 0
426 0 LA100690-0040 1
428 0 FT933-7393 1
429 0 LA062090-0050 1
430 0 LA060190-0066 0
431 0 FBIS4-44733 1
432 0 LA122989-0120 0
433 0 FT924-9510 1
435 0 FBIS4-2959 0
434 0 FBIS4-22237 1
436 0 FBIS4-52042 0
437 0 FR941206-1-00134 0
438 0 FT944-12438 1
439 0 FT942-11282 1
440 0 FR940513-1-00105 0
441 0 LA070189-0089 0
442 0 FBIS3-60950 0
443 0 LA042789-0136 1
444 0 FT923-3535 0
445 0 FT942-17115 1
446 0 LA073190-0122 0
447 0 LA122990-0083 0
448 0 FBIS3-34255 0
449 0 FT932-16160 0
450 0 FT911-609 0
404 0 FT934-11322 0
402 0 LA042990-0020 1
406 0 FR940617-2-00119 0
405 0 FBIS4-66382 0
407 0 LA050490-0103 0
408 0 FR940728-2-00132 1
401 0 FT924-10053 1
410 0 LA062090-0079 1
409 0 LA091689-0123 0
411 0 FR940713-2-00086 0
412 0 LA031289-0199 1
413 0 FT934-11976 1
414 0 FBIS3-12046 1
416 0 FBIS4-3730 0
403 0 FT921-739 0
415 0 FBIS4-45564 1
417 0 FT933-2963 0
418 0 FR941230-0-00123 0
419 0 LA121390-0222 0
422 0 LA110789-0019 1
420 0 LA082590-0024 0
421 0 FT924-6139 0
423 0 FBIS4-32111 1
424 0 FBIS3-21338 0
425 0 FBIS4-46047 1
427 0 FR940602-1-00023 0
426 0 LA020789-0158 0
428 0 FBIS3-47040 1
429 0 FR940405-1-00097 1
430 0 FT911-3300 0
431 0 FT922-4578 0
432 0 LA041489-0021 0
433 0 LA031790-0077 0
435 0 LA010790-0036 0
434 0 FBIS3-23778 1
436 0 FR940819-1-00035 0
437 0 FT941-2928 1
438 0 FBIS4-51464 0
439 0 FBIS3-6487 0
440 0 FBIS4-50830 1
441 0 FR940523-2-00059 1
442 0 FR940112-0-00025 0
443 0 FT934-7737 1
444 0 FR941103-1-00015 0
445 0 FT931-11616 1
446 0 FBIS4-12759 0
447 0 FR940318-0-00140 0
448 0 FBIS4-26334 0
449 0 FT924-5647 0
450 0 FT944-15512 1
404 0 FBIS4-65646 0
402 0 FT923-7735 1
406 0 FT944-18773 0
405 0 FT923-5794 0
407 0 FBIS4-20472 0
408 0 FR940906-2-00093 1
401 0 FT924-3530 1
410 0 FT923-3617 1
409 0 LA122189-0212 0
411 0 LA102890-0046 0
412 0 FR941202-2-00139 0
413 0 FT932-13891 1
414 0 FBIS4-10797 1
416 0 FT941-3358 0
403 0 LA041990-0072 1
415 0 FBIS4-28925 1
417 0 FT923-14198 0
418 0 FT932-13263 0
419 0 FBIS3-41503 0
422 0 LA111190-0041 1
420 0 LA121389-0123 1
421 0 FT943-9990 0
423 0 FBIS4-54562 0
424 0 LA060690-0053 1
425 0 FBIS4-10558 1
427 0 LA021689-0113 1
426 0 LA011190-0201 1
428 0 FBIS3-20434 0
429 0 FR940202-2-00107 0
430 0 FBIS3-22135 0
431 0 FBIS3-59502 0
432 0 LA010189-0098 0
433 0 FBIS4-31293 0
435 0 FR941206-1-00134 0
434 0 FBIS3-54831 1
436 0 FT944-2702 0
437 0 FT911-5063 0
438 0 FBIS3-60947 0
439 0 FR940826-0-00049 0
440 0 FT942-8040 1
441 0 FBIS4-22994 0
442 0 FR940112-0-00031 0
443 0 FT933-1136 1
444 0 FBIS4-67581 0
445 0 FT932-2151 1
446 0 FT932-4527 1
447 0 FR941202-2-00139 0
448 0 FBIS3-32012 0
449 0 LA052390-0176 0
450 0 FT943-11046 1
404 0 FBIS3-25124 0
402 0 FBIS4-20645 1
406 0 FR940126-2-00108 0
405 0 FBIS3-13208 0
407 0 LA012589-0100 1
408 0 FR940831-2-00127 1
401 0 FBIS3-38677 0
410 0 FT944-4056 1
409 0 LA081289-0092 0
411 0 FBIS3-61057 0
412 0 FR940304-2-00080 0
413 0 FT922-11476 1
414 0 FBIS4-10373 1
416 0 FT933-16365 0
403 0 FR940525-1-00054 0
415 0 FBIS4-45458 1
417 0 FBIS4-46469 0
418 0 FT944-2266 0
419 0 FBIS3-24665 0
422 0 FT943-7186 1
420 0 LA010589-0033 0
421 0 LA080189-0091 0
423 0 FR940812-2-00229 0
424 0 LA072689-0058 0
425 0 FBIS4-21186 1
427 0 FT921-8446 1
426 0 LA091490-0077 0
428 0 FBIS4-25736 0
429 0 FR940203-1-00050 0
430 0 FBIS4-46469 0
431 0 FT941-1242 1
432 0 FT932-16198 0
433 0 FT922-8739 0
435 0 FT943-8324 1
434 0 FT944-3611 1
436 0 FBIS4-28315 0
437 0 LA031389-0010 0
438 0 FBIS4-56176 1
439 0 FT932-15955 0
440 0 LA112790-0004 0
441 0 FR941107-2-00231 0
442 0 FBIS4-49089 0
443 0 FT922-14214 0
444 0 LA010189-0001 0
445 0 LA033190-0122 0
446 0 FT924-11275 1
447 0 FBIS4-22181 0
448 0 LA080190-0139 1
449 0 FBIS4-33295 0
450 0 FT941-17555 1
404 0 FR940325-1-00057 0
402 0 LA040990-0045 1
406 0 FT931-10954 0
405 0 FT943-3693 1
407 0 FBIS3-41458 0
408 0 FR940727-2-00116 1
401 0 FBIS4-31715 0
410 0 FT924-5835 1
409 0 FT921-13292 0
411 0 LA100189-0095 1
412 0 FBIS3-11290 1
413 0 FT922-11333 1
414 0 FBIS4-10222 1
416 0 FBIS3-3877 1
403 0 FR940725-2-00141 0
415 0 FBIS4-27658 1
417 0 FBIS3-18738 0
418 0 LA022490-0006 0
419 0 FT932-7870 0
422 0 LA121289-0148 1
420 0 FR940602-1-00023 1
421 0 FT924-14671 1
423 0 FBIS3-30431 1
424 0 LA010989-0098 0
425 0 LA071389-0111 1
427 0 FBIS3-41575 1
426 0 FR941206-1-00134 0
428 0 FT933-13206 0
429 0 FR940202-2-00097 0
430 0 LA100889-0092 0
431 0 FBIS3-40450 0
432 0 LA021289-0138 0
433 0 FT923-2235 0
435 0 FT943-36 0
434 0 FT942-14644 1
436 0 LA100590-0074 1
437 0 FT943-13555 1
438 0 FBIS3-21405 0
439 0 LA022389-0081 0
440 0 FBIS3-26460 0
441 0 FT944-3412 0
442 0 FT922-6046 0
443 0 LA050690-0146 0
444 0 FBIS4-44730 1
445 0 FBIS3-23561 0
446 0 FBIS4-12471 0
447 0 FBIS4-46649 0
448 0 LA020889-0093 1
449 0 FBIS3-40467 1
450 0 FT924-13555 1
404 0 FT934-12907 1
402 0 FT934-1290 1
406 0 FR940719-2-00089 0
405 0 LA011590-0098 1
407 0 LA082889-0023 1
408 0 FR940728-2-00129 1
401 0 FBIS4-20472 0
410 0 FBIS3-19523 1
409 0 LA010589-0105 0
411 0 FBIS3-5906 0
412 0 FBIS3-21991 1
413 0 FBIS3-29867 0
414 0 FBIS3-17768 1
416 0 FBIS3-45658 1
403 0 FT944-2707 0
415 0 FBIS4-45309 1
417 0 FBIS4-57538 0
418 0 FT944-2707 0
419 0 FBIS3-42464 1
422 0 LA091390-0023 1
420 0 FR941130-0-00122 0
421 0 LA012289-0087 1
423 0 FT932-13808 0
424 0 FBIS3-20590 0
425 0 LA010490-0176 1
427 0 FT922-7705 1
426 0 LA011889-0022 0
428 0 FT941-16778 1
429 0 FT911-4484 0
430 0 FBIS4-66185 0
431 0 FT923-4774 1
432 0 LA122489-0116 0
433 0 FT921-13871 0
435 0 FBIS3-3812 1
434 0 FBIS3-37482 1
436 0 FR940819-1-00040 0
437 0 FT941-14029 0
438 0 FR941130-0-00141 0
439 0 FT934-7996 0
440 0 FR940304-1-00009 0
441 0 FT921-596 0
442 0 LA012589-0143 0
443 0 FT943-192 0
444 0 FT932-13993 0
445 0 FR940324-2-00072 0
446 0 FBIS3-12936 0
447 0 FT934-172 0
448 0 FT923-6545 0
449 0 FBIS4-23024 1
450 0 FT943-12140 0
404 0 FT934-2050 0
402 0 LA052389-0108 0
406 0 FBIS3-1674 0
405 0 LA020190-0053 1
407 0 FBIS3-60340 1
408 0 LA101489-0074 0
401 0 FBIS4-18596 0
410 0 FT943-14597 0
409 0 LA010289-0027 0
411 0 FR941011-0-00041 0
412 0 FBIS3-52981 1
413 0 FBIS3-24678 1
414 0 FBIS3-61299 1
416 0 FBIS3-46009 1
403 0 FR940525-1-00046 0
415 0 FBIS3-41211 1
417 0 FBIS4-3894 0
418 0 LA071689-0004 0
419 0 FR940425-1-00021 0
422 0 FT944-2524 0
420 0 LA061790-0140 0
421 0 LA012290-0042 0
423 0 FT932-5013 0
424 0 LA012789-0022 1
425 0 FBIS4-59139 1
427 0 FBIS3-22135 1
426 0 FBIS3-20796 0
428 0 FBIS3-24191 1
429 0 FBIS4-22945 0
430 0 FBIS4-68893 0
431 0 FBIS4-44738 1
432 0 FBIS3-38225 0
433 0 FT922-3537 0
435 0 FT942-8228 0
434 0 FBIS3-24321 1
436 0 LA030789-0084 1
437 0 FT933-6816 0
438 0 FBIS4-51171 0
439 0 FT934-703 1
440 0 LA022890-0105 0
441 0 FBIS4-20472 0
442 0 FR940630-1-00054 0
443 0 FR941206-1-00134 0
444 0 FR940826-2-00023 0
445 0 FT944-2101 0
446 0 FT924-8062 1
447 0 FT941-10288 0
448 0 FBIS4-15452 0
449 0 FT923-6175 0
450 0 FT943-12406 1
404 0 FT934-11927 1
402 0 FBIS4-52043 0
406 0 LA051190-0179 0
405 0 LA042089-0083 1
407 0 FR940927-0-00113 0
408 0 LA020289-0156 0
401 0 FBIS3-20090 1
410 0 FBIS3-59008 1
409 0 FT942-17044 1
411 0 LA050490-0070 0
412 0 LA050589-0065 1
413 0 LA011789-0094 0
414 0 LA061890-0107 0
416 0 FBIS4-11524 1
403 0 LA061490-0026 0
415 0 LA010189-0079 0
417 0 FBIS4-25449 0
418 0 FT932-11275 0
419 0 FR940526-0-00012 0
422 0 FBIS3-42400 0
420 0 LA120389-0074 1
421 0 FBIS4-17980 0
423 0 FR941206-1-00134 0
424 0 FT924-12871 1
425 0 FBIS4-58263 1
427 0 FBIS4-37534 0
426 0 FR940523-2-00081 0
428 0 FBIS3-42726 0
429 0 FBIS3-9101 0
430 0 LA041889-0111 0
431 0 FBIS3-40552 1
432 0 LA022889-0109 0
433 0 FT944-9935 0
435 0 FT942-13785 0
434 0 FT934-4666 1
436 0 FT924-4802 1
437 0 FBIS3-59700 0
438 0 FBIS3-33309 1
439 0 FT943-6184 1
440 0 FR941102-1-00119 0
441 0 FBIS3-22371 0
442 0 LA042389-0096 1
443 0 FBIS3-14573 0
444 0 FR940607-0-00051 1
445 0 FBIS4-25261 0
446 0 FT943-15100 0
447 0 FBIS4-68220 0
448 0 FT934-14461 0
449 0 FT933-9409 0
450 0 FT923-13341 0
404 0 FT943-5822 0
402 0 LA121790-0086 0
406 0 FR941212-1-00021 0
405 0 LA061490-0072 1
407 0 LA100989-0033 0
408 0 FT944-14912 0
401 0 FT924-5091 1
410 0 FBIS4-44278 1
409 0 FT923-11688 1
411 0 LA101490-0023 0
412 0 FT943-5328 1
413 0 FR941202-2-00139 0
414 0 FT924-11032 0
416 0 FBIS4-49091 1
403 0 LA082890-0074 0
415 0 FBIS4-52946 1
417 0 LA122289-0125 0
418 0 LA020589-0188 1
419 0 FBIS4-44913 0
422 0 FT932-845 0
420 0 LA042990-0138 1
421 0 FR940511-1-00080 1
423 0 FR940104-2-00022 0
424 0 LA012989-0102 1
425 0 FT944-18638 1
427 0 FR940112-1-00044 1
426 0 FR940114-1-00046 0
428 0 FBIS3-15982 1
429 0 FR940628-1-00028 0
430 0 FT944-2266 0
431 0 FT932-6741 1
432 0 FR941017-1-00042 0
433 0 FBIS3-29567 0
435 0 LA121589-0139 0
434 0 FBIS4-17252 1
436 0 LA061189-0156 1
437 0 FT911-2332 0
438 0 FBIS3-34946 0
439 0 FBIS3-35 1
440 0 FR940630-0-00036 0
441 0 FBIS4-22945 0
442 0 FBIS4-3370 0
443 0 FBIS4-65240 0
444 0 FR940511-1-00090 0
445 0 FT943-5753 0
446 0 FBIS3-115 0
447 0 FR940826-0-00087 0
448 0 FT921-6247 0
449 0 FT934-6703 0
450 0 FBIS4-46649 0
404 0 FBIS3-19785 1
402 0 FBIS4-52042 0
406 0 FBIS3-54380 0
405 0 LA070789-0127 0
407 0 FBIS4-21346 0
408 0 FBIS4-67533 1
401 0 FBIS4-68893 0
410 0 FT941-12878 1
409 0 FBIS4-43146 0
411 0 FT931-16470 0
412 0 FBIS3-11383 0
413 0 FBIS4-21505 0
414 0 FBIS4-66248 0
416 0 FT921-3244 1
403 0 FR940104-0-00034 0
415 0 FBIS4-67209 1
417 0 FT932-8942 0
418 0 LA011190-0156 1
419 0 FBIS3-21029 0
422 0 LA032990-0225 1
420 0 LA060989-0102 0
421 0 FR941013-1-00077 0
423 0 FBIS4-8806 0
424 0 FT924-1588 1
425 0 FT921-14192 1
427 0 LA022590-0188 0
426 0 LA041089-0080 0
428 0 FT931-12510 0
429 0 FBIS3-1020 0
430 0 LA121190-0029 0
431 0 FBIS3-40527 0
432 0 FR940930-0-00212 0
433 0 FBIS3-58575 0
435 0 FT943-8340 0
434 0 FBIS3-23782 1
436 0 FT941-1173 1
437 0 LA061390-0029 0
438 0 FBIS3-60342 0
439 0 FBIS3-24648 1
440 0 FBIS4-23283 0
441 0 LA010189-0002 0
442 0 FR940314-2-00104 0
443 0 FT944-17976 1
444 0 FR941206-1-00134 0
445 0 FT944-1894 0
446 0 FR940602-1-00023 0
447 0 FR940318-0-00150 0
448 0 LA022790-0102 0
449 0 FR940523-0-00045 1
450 0 LA053190-0100 1
404 0 FT942-8241 0
402 0 FR940812-2-00253 1
406 0 FBIS3-61574 0
405 0 LA042790-0070 0
407 0 FBIS3-26515 0
408 0 FR941130-0-00122 0
401 0 FBIS4-52043 0
410 0 FBIS3-19679 1
409 0 LA110489-0092 0
411 0 FR940511-0-00076 0
412 0 FR941230-0-00120 0
413 0 FBIS4-66431 0
414 0 LA042290-0093 1
416 0 FT941-12849 1
403 0 LA051490-0120 0
415 0 FBIS3-21886 0
417 0 FBIS4-29097 1
418 0 LA062689-0078 0
419 0 FR940505-1-00374 0
422 0 LA062690-0167 1
420 0 FT921-8131 0
421 0 FR940919-0-00053 0
423 0 FT944-2261 0
424 0 FBIS3-57348 1
425 0 FBIS3-36841 1
427 0 LA120490-0100 1
426 0 LA031189-0002 1
428 0 FBIS3-61443 1
429 0 FR941130-0-00122 0
430 0 FBIS3-20796 0
431 0 FBIS4-44660 0
432 0 FBIS4-20504 0
433 0 LA100690-0130 0
435 0 FBIS3-1655 1
434 0 FBIS3-61170 1
436 0 LA010689-0090 1
437 0 FT922-8308 0
438 0 LA032489-0175 1
439 0 FBIS3-59779 0
440 0 LA072190-0072 0
441 0 FR941027-1-00030 0
442 0 FBIS3-54471 0
443 0 FBIS3-44689 0
444 0 FR940425-1-00020 0
445 0 FT944-2707 0
446 0 LA092289-0068 1
447 0 LA092289-0054 0
448 0 FBIS4-16146 0
449 0 LA040990-0066 0
450 0 LA021089-0011 0
404 0 FBIS4-44373 1
402 0 LA042990-0032 1
406 0 LA052589-0194 0
405 0 FBIS3-42553 1
407 0 FT933-13637 0
408 0 FT923-6110 1
401 0 FBIS3-38236 0
410 0 FBIS3-57961 1
409 0 LA042190-0024 0
411 0 FBIS3-457 0
412 0 FBIS4-52041 0
413 0 FBIS3-40450 0
414 0 FT944-5430 0
416 0 FT941-12860 1
403 0 LA021590-0062 0
415 0 FT941-6154 0
417 0 FBIS4-29117 1
418 0 FR941012-2-00157 0
419 0 LA112290-0010 0
422 0 LA051889-0110 1
420 0 LA032989-0021 1
421 0 FT942-16650 0
423 0 FT921-12219 0
424 0 LA110190-0258 0
425 0 FBIS4-36719 1
427 0 FT921-7202 1
426 0 LA031189-0043 1
428 0 FT943-5357 1
429 0 LA061889-0205 0
430 0 FT932-3917 0
431 0 FBIS3-20923 0
432 0 FT934-6025 0
433 0 FBIS3-24653 0
435 0 FBIS3-1933 1
434 0 FT933-14717 1
436 0 LA083189-0135 1
437 0 FT943-13563 0
438 0 FBIS4-49095 1
439 0 LA110889-0024 0
440 0 FR941206-1-00134 0
441 0 FBIS4-50850 0
442 0 LA122890-0062 1
443 0 FT922-4427 0
444 0 FBIS3-21143 0
445 0 LA013090-0146 0
446 0 FT931-5364 1
447 0 FR940826-0-00088 0
448 0 FT943-5644 0
449 0 FBIS3-40 0
450 0 FR941202-2-00139 0
404 0 FBIS4-64256 1
402 0 LA052290-0110 0
406 0 FR941213-0-00042 0
405 0 FBIS3-40213 0
407 0 LA092489-0103 0
408 0 FT923-4394 0
401 0 FT941-3931 0
410 0 FT921-7727 1
409 0 FBIS3-48066 0
411 0 FT921-9363 0
412 0 FR940303-2-00161 0
413 0 FBIS4-27541 0
414 0 FBIS3-3526 0
416 0 FBIS3-26655 1
403 0 LA032290-0151 1
415 0 FBIS4-57661 0
417 0 LA082990-0115 0
418 0 LA061189-0049 0
419 0 FR940916-1-00052 0
422 0 FBIS3-42399 0
420 0 LA010690-0098 0
421 0 LA081089-0038 1
423 0 FBIS4-53078 0
424 0 LA110390-0092 0
425 0 FBIS4-62084 1
427 0 FT921-9705 1
426 0 LA070389-0049 0
428 0 FBIS4-68624 1
429 0 LA041890-0007 0
430 0 LA102790-0034 0
431 0 FBIS3-24509 0
432 0 LA012089-0090 1
433 0 LA082890-0137 0
435 0 FBIS3-20434 1
434 0 FBIS3-23779 1
436 0 LA110790-0165 1
437 0 FBIS3-21153 0
438 0 FBIS4-24711 1
439 0 FT934-8712 0
440 0 LA052890-0002 0
441 0 LA052390-0176 0
442 0 LA030289-0068 1
443 0 FBIS3-1509 0
444 0 FR940721-2-00028 1
445 0 LA102890-0167 0
446 0 FT924-10172 1
447 0 LA010189-0001 0
448 0 LA111390-0147 1
449 0 FBIS3-41801 0
450 0 FT944-10340 1
404 0 FBIS3-19237 1
402 0 FT934-2039 1
406 0 FBIS4-20450 0
405 0 FBIS3-16450 0
407 0 FBIS3-45200 0
408 0 LA100189-0062 0
401 0 FT934-15047 0
410 0 FT923-15717 0
409 0 FBIS3-13525 0
411 0 FT923-7944 0
412 0 LA041790-0057 0
413 0 FBIS3-21114 1
414 0 FT934-4579 0
416 0 FT921-1783 1
403 0 LA020590-0052 0
415 0 FBIS4-25105 0
417 0 FT933-15822 1
418 0 FT944-14419 1
419 0 LA112590-0148 0
422 0 FT934-11678 1
420 0 FR941110-1-00019 0
421 0 LA080389-0074 1
423 0 FBIS3-1881 0
424 0 LA110889-0154 0
425 0 FBIS3-22682 1
427 0 FT924-1885 1
426 0 LA072190-0047 0
428 0 FT934-12742 1
429 0 FR940713-1-00011 0
430 0 LA010289-0056 0
431 0 FBIS3-1764 1
432 0 LA042589-0108 1
433 0 FBIS4-19277 0
435 0 FBIS3-20435 1
434 0 FBIS3-24173 1
436 0 LA112690-0054 1
437 0 FT944-14921 0
438 0 FT923-14219 0
439 0 FR941121-2-00083 1
440 0 FBIS4-35110 0
441 0 FBIS3-60487 1
442 0 LA011390-0057 1
443 0 LA071889-0120 0
444 0 FR940505-1-00069 0
445 0 LA120589-0134 0
446 0 FT931-3144 0
447 0 FBIS4-21491 0
448 0 LA121989-0106 1
449 0 LA062289-0200 0
450 0 FT943-15113 1
404 0 FBIS3-19242 1
402 0 LA101190-0070 0
406 0 LA021890-0038 0
405 0 FBIS3-42552 1
407 0 FT921-9483 0
408 0 FT923-1747 1
401 0 FT944-2707 0
410 0 FT931-16236 0
409 0 FBIS3-60342 0
411 0 FT942-9068 0
412 0 FR941206-1-00140 0
413 0 FT923-15618 0
414 0 FBIS3-10446 0
416 0 FBIS3-3552 1
403 0 LA082390-0094 0
415 0 LA052189-0063 0
417 0 FT932-7979 0
418 0 LA072389-0042 1
419 0 FR941230-0-00119 0
422 0 LA070690-0089 1
420 0 LA121089-0235 0
421 0 LA061090-0228 0
423 0 FBIS4-31813 0
424 0 FBIS4-27824 1
425 0 FBIS3-38676 0
427 0 FT931-5371 1
426 0 LA051289-0019 0
428 0 LA090990-0090 1
429 0 LA122689-0070 0
430 0 LA050789-0065 0
431 0 FT911-133 0
432 0 LA052589-0076 1
433 0 FT941-5456 0
435 0 FBIS3-40801 0
434 0 FBIS3-23781 1
436 0 FT941-923 1
437 0 LA031189-0069 0
438 0 FBIS4-2294 1
439 0 FR940816-2-00071 1
440 0 FT933-5438 0
441 0 FR940119-0-00034 0
442 0 LA012089-0137 1
443 0 FT941-12872 0
444 0 FBIS4-33421 0
445 0 FT942-13049 0
446 0 FT942-1754 1
447 0 FR940106-1-00005 0
448 0 LA041589-0050 1
449 0 FR940106-2-00052 0
450 0 FT943-15934 1
404 0 FT941-4495 0
402 0 FT921-10261 0
406 0 FBIS4-20645 0
405 0 LA022689-0112 1
407 0 LA071989-0024 1
408 0 LA083090-0002 1
401 0 FT941-230 0
410 0 FT924-6931 1
409 0 FT943-9798 0
411 0 FR941117-2-00158 0
412 0 FBIS3-23078 0
413 0 FT931-4491 0
414 0 FBIS4-36303 0
416 0 FBIS3-4253 0
403 0 LA111589-0004 0
415 0 FBIS3-4313 0
417 0 FT944-8607 0
418 0 LA120190-0060 1
419 0 FT942-16263 0
422 0 LA010390-0051 1
420 0 FT941-9725 0
421 0 FR940527-0-00057 0
423 0 FT934-5236 0
424 0 LA110589-0079 0
425 0 FBIS3-67 1
427 0 FT932-4305 1
426 0 LA041190-0077 0
428 0 FBIS3-46698 1
429 0 FR940202-2-00098 0
430 0 FBIS3-41666 0
431 0 FBIS3-4413 1
432 0 LA071289-0062 0
433 0 FT943-12594 0
435 0 FT944-13738 0
434 0 FBIS3-42962 1
436 0 FT944-17445 0
437 0 FR940822-2-00031 0
438 0 FBIS3-51134 1
439 0 FR940204-2-00114 1
440 0 FBIS3-20402 1
441 0 LA070289-0123 0
442 0 LA062890-0232 1
443 0 FT943-15483 0
444 0 FR940607-0-00046 0
445 0 LA020390-0030 0
446 0 FT931-5839 0
447 0 FBIS4-44913 0
448 0 FBIS4-40467 0
449 0 FR940906-2-00073 0
450 0 FT934-6691 1
404 0 FBIS3-18343 1
402 0 FBIS4-20472 0
406 0 LA052790-0101 0
405 0 LA102590-0235 1
407 0 FR941221-0-00054 0
408 0 LA091789-0200 1
401 0 LA101389-0166 0
410 0 FT924-6924 1
409 0 LA122690-0064 0
411 0 LA070189-0070 0
412 0 FT941-4019 1
413 0 FT932-15853 1
414 0 FR940926-1-00023 0
416 0 FBIS3-2752 0
403 0 LA012990-0041 0
415 0 FBIS4-21166 1
417 0 FBIS3-11709 0
418 0 FT921-4731 1
419 0 LA082390-0252 0
422 0 LA100389-0138 1
420 0 LA010390-0086 1
421 0 FT941-6867 0
423 0 FBIS3-20830 0
424 0 FT944-6668 0
425 0 FBIS3-29 1
427 0 LA052389-0072 1
426 0 FR941130-0-00122 0
428 0 FBIS4-22416 1
429 0 FR940525-1-00049 0
430 0 LA020290-0101 0
431 0 FBIS3-3923 1
432 0 LA010290-0086 0
433 0 LA021490-0060 0
435 0 FBIS4-3651 0
434 0 FBIS3-23777 1
436 0 FT942-13580 0
437 0 FBIS3-23 0
438 0 FT942-7271 0
439 0 FR940204-2-00115 1
440 0 FBIS4-28035 1
441 0 FBIS3-41801 0
442 0 LA102890-0131 1
443 0 FBIS4-48079 1
444 0 FBIS4-21345 0
445 0 FT921-11838 1
446 0 FT932-15203 0
447 0 FT933-4886 0
448 0 FT942-12905 0
449 0 FBIS4-46649 0
450 0 FT923-14696 1
404 0 FT934-5663 0
402 0 LA100890-0105 0
406 0 FBIS3-22658 0
405 0 LA122489-0104 0
407 0 FBIS4-51227 0
408 0 LA091989-0139 1
401 0 FBIS3-59436 0
410 0 FT924-1888 1
409 0 LA103190-0165 0
411 0 LA051090-0143 1
412 0 FT941-3863 1
413 0 FT922-11720 1
414 0 FBIS3-24653 0
416 0 FBIS3-59308 0
403 0 FR941107-2-00017 0
415 0 FBIS4-2802 1
417 0 LA060790-0212 0
418 0 LA070489-0134 1
419 0 FT944-2266 0
422 0 FT941-8365 1
420 0 LA011690-0088 0
421 0 FR941013-1-00064 0
423 0 FBIS4-7683 0
424 0 FT944-13883 0
425 0 LA010189-0097 0
427 0 LA103190-0163 1
426 0 LA070390-0036 1
428 0 FT924-11400 1
429 0 FR940202-2-00100 0
430 0 FBIS3-42400 0
431 0 FT941-15546 1
432 0 FBIS4-21406 0
433 0 FBIS3-37947 0
435 0 LA041590-0153 1
434 0 FBIS3-55812 1
436 0 LA062090-0061 1
437 0 FR940711-1-00025 0
438 0 FT942-1249 1
439 0 FR940204-2-00116 1
440 0 LA112689-0194 1
441 0 FBIS3-8 0
442 0 LA011089-0104 1
443 0 FBIS4-24194 1
444 0 FBIS3-41666 0
445 0 FBIS3-41695 0
446 0 FBIS3-21279 0
447 0 LA012489-0022 0
448 0 FR941221-1-00017 0
449 0 LA022689-0006 0
450 0 FT943-15066 1
404 0 FT934-8237 0
402 0 FR940405-2-00002 0
406 0 FR941021-0-00208 0
405 0 FBIS4-46649 0
407 0 FBIS3-41666 1
408 0 LA092789-0093 1
401 0 LA122790-0211 0
410 0 LA112489-0133 0
409 0 FBIS4-68796 0
411 0 FT931-9645 0
412 0 FBIS4-52037 0
413 0 FT922-11549 1
414 0 FT944-12680 0
416 0 FT922-14361 1
403 0 LA072690-0056 0
415 0 FBIS4-45305 0
417 0 FBIS3-1051 0
418 0 LA122289-0152 1
419 0 FBIS4-21487 0
422 0 LA021390-0148 1
420 0 FR940617-0-00205 0
421 0 FBIS4-45670 0
423 0 FBIS4-31844 1
424 0 LA090790-0125 1
425 0 FBIS4-19819 1
427 0 FT934-14520 1
426 0 FR940404-0-00043 0
428 0 FT943-6050 1
429 0 FR940202-2-00101 0
430 0 FBIS4-52039 0
431 0 FBIS3-46125 0
432 0 FT931-10985 0
433 0 FBIS3-141 0
435 0 FT943-6050 1
434 0 FBIS3-42960 1
436 0 FBIS3-32795 1
437 0 FBIS3-29777 0
438 0 FT943-12936 1
439 0 FR940204-2-00117 1
440 0 LA112689-0137 1
441 0 FR940223-0-00054 0
442 0 LA121089-0170 1
443 0 LA070690-0030 0
444 0 FR940620-0-00169 0
445 0 FT931-15039 1
446 0 LA102789-0180 1
447 0 FR940617-2-00029 0
448 0 FBIS3-61236 0
449 0 FBIS4-23029 0
450 0 FT943-13871 1
404 0 FT934-16786 1
402 0 FR940104-2-00083 0
406 0 FT941-10017 0
405 0 FBIS3-42550 0
407 0 FBIS3-60342 0
408 0 LA092989-0171 1
401 0 FBIS3-39506 0
410 0 FT922-9239 1
409 0 LA080589-0053 0
411 0 FT944-3703 0
412 0 FR940721-2-00129 0
413 0 FR941021-0-00006 0
414 0 FBIS4-11284 0
416 0 FBIS3-20606 1
403 0 FBIS3-67 0
415 0 FBIS3-26005 1
417 0 FR941130-0-00122 0
418 0 LA012989-0073 1
419 0 FR941213-2-00084 0
422 0 LA082090-0071 1
420 0 LA022189-0045 0
421 0 FBIS3-7106 0
423 0 FBIS4-32018 0
424 0 FBIS3-10130 1
425 0 FBIS4-57870 1
427 0 FT942-9704 1
426 0 FT932-10237 0
428 0 FBIS3-43075 1
429 0 FR940202-2-00099 0
430 0 LA061789-0067 0
431 0 FBIS4-44650 1
432 0 LA080589-0121 0
433 0 FT934-14341 0
435 0 FBIS4-49956 0
434 0 FBIS3-24260 0
436 0 LA091190-0090 1
437 0 FT944-8180 0
438 0 FT924-11907 0
439 0 FR941028-2-00022 1
440 0 FT942-6206 1
441 0 FR940802-1-00013 1
442 0 LA022190-0007 1
443 0 LA060789-0150 0
444 0 FR940826-0-00100 0
445 0 FT921-4820 1
446 0 LA102889-0098 1
447 0 FT944-10631 0
448 0 FT933-10360 0
449 0 FBIS4-68893 0
450 0 FT924-7491 0
404 0 FBIS3-38539 0
402 0 FBIS3-43068 0
406 0 FT943-760 0
405 0 FBIS4-68785 0
407 0 LA071889-0158 1
408 0 LA100289-0005 1
401 0 FBIS4-20504 0
410 0 FBIS3-38434 1
409 0 FT921-714 1
411 0 FR941230-0-00119 0
412 0 FR940825-1-00149 0
413 0 FBIS4-53870 1
414 0 FT932-6585 0
416 0 FBIS4-20472 0
403 0 LA081590-0161 0
415 0 FBIS3-41163 1
417 0 FT931-5157 0
418 0 LA070190-0030 1
419 0 FBIS3-35000 0
422 0 LA010290-0023 1
420 0 FR941110-1-00025 0
421 0 FT932-19 0
423 0 FT932-10528 0
424 0 FBIS3-55090 0
425 0 FBIS4-45204 1
427 0 FT944-16100 0
426 0 FR940602-1-00023 0
428 0 FBIS4-41106 0
429 0 FR940202-2-00109 1
430 0 FBIS4-52042 0
431 0 FT931-2017 1
432 0 FBIS3-1111 0
433 0 FBIS4-43189 0
435 0 FBIS3-29180 0
434 0 FBIS4-17272 1
436 0 LA051389-0023 1
437 0 FT944-1610 0
438 0 FBIS4-52601 0
439 0 FR941222-2-00056 0
440 0 FR940621-2-00114 0
441 0 FT933-11362 0
442 0 LA050389-0011 1
443 0 FT924-4787 0
444 0 FT934-14283 0
445 0 FT921-11847 1
446 0 FBIS3-23109 1
447 0 LA051389-0049 0
448 0 LA011390-0061 0
449 0 LA081390-0052 0
450 0 LA100490-0080 0
404 0 FT934-8230 0
402 0 LA093089-0065 1
406 0 LA092589-0071 0
405 0 LA102289-0098 0
407 0 LA082390-0002 0
408 0 LA120489-0058 1
401 0 FBIS3-38475 1
410 0 FT924-4810 0
409 0 FBIS4-46649 0
411 0 FBIS4-49672 0
412 0 FBIS3-31563 0
413 0 FBIS3-3939 0
414 0 FT921-13094 0
416 0 LA101490-0082 0
403 0 FBIS3-60342 0
415 0 FR940314-1-00041 0
417 0 FT944-4861 1
418 0 LA060489-0053 1
419 0 FT934-9592 1
422 0 LA062990-0029 1
420 0 FR941019-2-00024 0
421 0 FR940620-0-00062 0
423 0 LA012089-0084 0
424 0 LA111389-0004 0
425 0 FBIS3-59990 1
427 0 FR940705-0-00039 0
426 0 LA061289-0077 1
428 0 FR941012-2-00002 0
429 0 FBIS4-20472 0
430 0 LA051589-0090 0
431 0 FBIS3-21244 1
432 0 LA101890-0130 0
433 0 FBIS4-52158 0
435 0 FBIS3-236 0
434 0 FBIS4-17424 0
436 0 FBIS4-22801 0
437 0 FBIS3-24654 0
438 0 FR940602-1-00023 0
439 0 LA010990-0070 0
440 0 FBIS4-45041 0
441 0 LA031390-0003 0
442 0 FT941-15248 0
443 0 FBIS3-774 0
444 0 FBIS3-42384 0
445 0 FT921-11857 1
446 0 FBIS3-23110 1
448 0 LA092990-0005 0
447 0 FBIS3-24505 1
449 0 FBIS3-22587 0
450 0 FT933-5518 1
404 0 FT934-10406 0
402 0 LA100889-0040 1
406 0 FBIS4-46649 0
405 0 FR941230-0-00119 0
407 0 FBIS4-67534 0
408 0 FBIS4-25767 1
401 0 FBIS3-42250 1
410 0 FR941202-2-00139 0
409 0 LA092689-0003 0
411 0 FR941202-2-00139 0
412 0 FBIS3-23332 1
413 0 FT924-15296 0
414 0 FR940630-2-00029 0
416 0 FBIS3-20660 1
403 0 FT923-453 0
415 0 FBIS4-53138 0
417 0 FBIS4-10836 0
418 0 LA062889-0123 1
419 0 LA111190-0211 0
422 0 LA070590-0195 1
420 0 FBIS3-41666 0
421 0 LA032790-0144 0
423 0 FR941202-2-00139 0
424 0 LA121390-0062 0
425 0 FBIS4-66565 1
427 0 LA041689-0006 0
426 0 LA082789-0056 1
428 0 LA030190-0110 0
429 0 FBIS3-18540 0
430 0 LA100690-0056 0
431 0 FT932-769 1
432 0 FR940223-0-00061 0
433 0 FBIS4-8802 0
435 0 FR940513-0-00082 0
434 0 LA081089-0172 0
436 0 FBIS3-14750 0
437 0 LA083090-0077 0
438 0 FT923-5044 0
439 0 LA102089-0100 0
440 0 FBIS4-22246 0
441 0 LA082189-0067 0
442 0 FBIS4-36664 0
443 0 LA022189-0021 0
444 0 FBIS3-40550 0
445 0 FT924-4560 1
446 0 FBIS4-9716 1
448 0 FR940830-2-00014 0
447 0 FR940505-1-00234 0
449 0 FR941017-2-00051 0
450 0 FT944-15625 1
404 0 FBIS3-39676 0
402 0 LA060589-0049 1
406 0 FBIS3-60409 0
405 0 FBIS4-68445 0
407 0 FT921-6846 0
408 0 FT911-124 1
401 0 FT924-5157 1
410 0 FBIS3-23914 0
409 0 FBIS3-14832 0
411 0 FT941-10811 0
412 0 FBIS3-19120 1
413 0 FR940602-1-00023 0
414 0 FT942-498 0
416 0 FBIS4-1561 1
403 0 FT944-2266 0
415 0 FBIS4-52037 0
417 0 FT944-12140 0
418 0 LA120290-0197 0
419 0 LA071389-0186 0
422 0 LA022389-0077 1
420 0 LA122189-0163 0
421 0 FBIS4-44913 0
423 0 FBIS3-9178 0
424 0 LA041689-0140 0
425 0 LA122989-0066 1
427 0 LA030689-0003 1
426 0 LA010589-0034 1
428 0 FT943-6526 0
429 0 LA091690-0018 0
430 0 FT922-4176 0
431 0 FBIS3-40533 1
432 0 FR940617-0-00096 0
433 0 FT944-2690 0
435 0 FR940816-1-00079 0
434 0 FBIS4-15821 1
436 0 LA112989-0069 1
437 0 FR940114-2-00049 0
438 0 LA020390-0033 0
439 0 LA090290-0118 0
440 0 LA022890-0075 0
441 0 FR941206-1-00134 0
442 0 LA121789-0069 0
443 0 FBIS4-36939 0
444 0 FR940728-2-00071 0
445 0 FT924-6652 1
446 0 FBIS4-11802 0
448 0 FBIS3-3321 0
447 0 FBIS3-488 0
449 0 FT922-7537 1
450 0 FT944-13630 1
404 0 FT934-1987 0
402 0 LA022189-0096 0
406 0 FBIS3-22509 0
405 0 FR940831-2-00107 0
407 0 FR941104-1-00045 1
408 0 FT911-396 1
401 0 FT924-4952 1
410 0 FBIS4-68893 0
409 0 FBIS4-43306 0
411 0 FT924-6731 0
412 0 FBIS3-19365 0
413 0 FT944-4626 1
414 0 FR941019-0-00079 0
416 0 FBIS3-45857 1
403 0 LA080289-0067 0
415 0 FBIS3-41249 1
417 0 FT932-5188 0
418 0 LA121889-0106 0
419 0 FT933-1817 0
422 0 LA070990-0048 1
420 0 FT932-132 0
421 0 FT943-10219 0
423 0 FBIS4-8772 0
424 0 LA032290-0139 1
425 0 FBIS4-67150 1
427 0 LA092590-0164 0
426 0 LA011089-0005 1
428 0 FBIS4-3960 1
430 0 FT921-14688 0
429 0 LA042990-0020 0
431 0 FR940111-2-00052 0
432 0 LA062289-0068 0
433 0 FT932-8122 0
435 0 FBIS3-41666 0
434 0 FT933-934 1
436 0 LA010189-0124 1
437 0 FR940428-0-00014 0
438 0 FT922-12716 0
439 0 FBIS4-28316 1
440 0 LA081389-0171 0
441 0 FBIS3-30055 0
442 0 FBIS3-46951 1
443 0 FT944-10975 0
444 0 FBIS3-11027 0
445 0 FT932-13754 1
446 0 FT933-12069 0
448 0 FT942-4810 1
447 0 FT942-13574 0
449 0 FT931-10954 0
450 0 FT944-15846 1
404 0 FBIS3-50526 0
402 0 FBIS3-35 0
406 0 LA121789-0114 1
405 0 FBIS4-46650 0
407 0 FBIS3-22269 1
408 0 FT911-815 1
401 0 FT924-3011 1
410 0 FBIS4-52038 0
409 0 LA102289-0079 0
411 0 LA052490-0022 0
412 0 FBIS4-66382 0
413 0 FT931-7352 1
414 0 FT933-15393 0
416 0 FBIS4-4248 0
403 0 LA042189-0027 0
415 0 FBIS3-28834 1
417 0 LA080890-0144 0
418 0 LA113090-0142 0
419 0 FT941-8702 0
422 0 LA042190-0125 1
420 0 FR940202-1-00055 0
421 0 FT941-6348 0
423 0 LA072290-0207 0
424 0 FT924-12496 1
425 0 LA110890-0039 1
427 0 FBIS3-16452 0
426 0 LA012789-0145 1
428 0 FBIS4-32115 0
430 0 FT921-16219 0
429 0 FBIS3-25597 0
431 0 FT941-8694 0
432 0 FT933-15023 0
433 0 LA122389-0119 0
435 0 FT922-7511 0
434 0 FT922-5369 1
436 0 LA020189-0055 1
437 0 LA072590-0069 0
438 0 FT921-6633 1
439 0 FR941006-0-00056 0
440 0 FR940725-0-00058 0
441 0 LA092689-0119 0
442 0 FBIS3-45511 0
443 0 FT923-7350 0
444 0 FBIS4-20673 0
445 0 FT934-11650 1
446 0 FBIS3-22960 1
448 0 FT934-1954 1
447 0 FR940304-1-00178 0
449 0 FR941230-0-00119 0
450 0 LA050590-0115 0
404 0 FT931-16787 1
402 0 LA010989-0047 1
406 0 LA010189-0001 0
405 0 FT944-128 1
407 0 LA030689-0010 1
408 0 FT911-1940 1
401 0 FT923-7892 1
410 0 FR941130-2-00055 0
409 0 LA041689-0098 0
411 0 FT943-98 0
412 0 LA021989-0162 1
413 0 FT922-13261 0
414 0 FT934-5978 0
416 0 FR940630-2-00172 0
403 0 FR940912-2-00090 0
415 0 FBIS3-41251 1
417 0 FT922-10893 0
418 0 LA091490-0057 0
419 0 LA102689-0217 0
422 0 LA082190-0102 1
420 0 FR940711-2-00084 0
421 0 FBIS4-21376 0
423 0 LA061290-0094 0
424 0 LA032990-0042 1
425 0 FBIS4-20942 1
427 0 LA050689-0095 1
426 0 LA022289-0117 1
428 0 LA071990-0204 0
430 0 FT911-5106 0
429 0 FR940602-1-00023 0
431 0 FT923-4779 0
432 0 FR940706-0-00054 0
433 0 FBIS3-49541 0
435 0 FT941-2916 0
434 0 FT942-12004 1
436 0 LA020389-0043 1
437 0 FR940304-1-00101 0
438 0 FT943-5416 0
439 0 FBIS3-1580 0
440 0 FBIS3-59264 0
441 0 FBIS3-22509 0
442 0 FBIS4-59048 0
443 0 FR941117-2-00158 0
444 0 FBIS3-24513 0
445 0 FT934-13060 1
446 0 FT932-13562 1
448 0 LA060390-0169 0
447 0 FR941117-0-00018 0
449 0 FBIS3-16693 0
450 0 FT943-15923 1
404 0 FT943-3644 1
402 0 LA041790-0126 1
406 0 FR941027-1-00030 0
405 0 LA101789-0032 0
407 0 LA071590-0042 1
408 0 FT911-2317 1
410 0 FT944-2707 0
409 0 LA123089-0085 0
411 0 LA072790-0075 0
412 0 FT924-15439 0
413 0 FT934-6157 0
414 0 FT942-9759 0
416 0 FBIS4-47629 1
415 0 FBIS3-41253 1
417 0 LA010590-0114 0
418 0 LA100189-0175 0
419 0 LA040190-0197 0
422 0 LA091990-0164 1
420 0 LA072089-0139 0
421 0 FR940919-0-00054 0
423 0 LA011589-0005 0
424 0 LA051090-0104 0
425 0 FT921-12539 1
427 0 LA082289-0139 1
426 0 LA022390-0161 1
428 0 FT924-10640 1
430 0 FR941206-1-00134 0
429 0 FR941011-2-00089 0
431 0 LA020690-0057 1
432 0 LA021590-0166 0
433 0 LA092889-0060 0
435 0 FR940617-2-00165 0
434 0 LA051190-0072 0
436 0 LA021090-0057 1
437 0 LA090690-0109 0
438 0 FR941130-0-00134 0
439 0 LA111590-0114 0
440 0 FBIS3-12946 1
441 0 LA091890-0087 0
442 0 FBIS4-57228 0
443 0 FT924-5594 0
444 0 FBIS3-24515 0
445 0 FT941-6743 1
446 0 FBIS3-34820 1
448 0 FBIS3-61055 0
447 0 FR940617-0-00121 0
449 0 FT942-8985 1
450 0 LA111890-0012 0
