251 0 clueweb12-0000wb-01-01965 1
251 0 clueweb12-0005wb-40-31709 1
251 0 clueweb12-0009wb-84-05364 1
251 0 clueweb12-0206wb-59-32292 1
251 0 clueweb12-1100tw-47-08751 1
251 0 clueweb12-1804wb-20-18328 1
251 0 clueweb12-0100wb-13-13091 1
251 0 clueweb12-0207wb-62-25632 1
251 0 clueweb12-0110wb-54-25957 1
251 0 clueweb12-0308wb-28-03934 1
251 0 clueweb12-1315wb-34-30912 1
251 0 clueweb12-0207wb-40-12012 1
251 0 clueweb12-0002wb-34-11095 1
251 0 clueweb12-0002wb-32-28229 1
251 0 clueweb12-0907wb-44-12210 1
251 0 clueweb12-1716wb-96-27852 1
251 0 clueweb12-0208wb-25-08664 1
251 0 clueweb12-0400wb-81-10184 1
251 0 clueweb12-0001wb-61-23921 1
251 0 clueweb12-0001wb-99-01299 1
251 0 clueweb12-0310wb-50-11456 1
251 0 clueweb12-0002wb-19-01278 1
251 0 clueweb12-0002wb-19-01291 1
251 0 clueweb12-0003wb-36-32607 1
251 0 clueweb12-0311wb-22-01592 1
251 0 clueweb12-1709wb-19-37066 1
251 0 clueweb12-0909wb-35-31320 1
251 0 clueweb12-0005wb-19-29156 1
251 0 clueweb12-1405wb-73-13718 1
251 0 clueweb12-0915wb-75-00382 0
251 0 clueweb12-0401wb-71-12147 1
251 0 clueweb12-0000wb-90-32205 1
251 0 clueweb12-1400wb-32-03675 1
251 0 clueweb12-0401wb-21-19311 1
251 0 clueweb12-1000wb-04-21414 1
251 0 clueweb12-0013wb-19-06381 1
251 0 clueweb12-0002wb-58-31899 1
251 0 clueweb12-0002wb-19-01284 0
251 0 clueweb12-0908wb-65-12172 0
251 0 clueweb12-0400wb-20-20803 1
251 0 clueweb12-0300wb-04-06548 1
251 0 clueweb12-0401wb-21-19310 1
251 0 clueweb12-0402wb-83-04992 0
251 0 clueweb12-0401wb-99-08592 0
251 0 clueweb12-0002wb-34-11078 0
251 0 clueweb12-1409wb-93-07097 0
251 0 clueweb12-1909wb-95-24705 1
251 0 clueweb12-0002wb-34-11076 1
251 0 clueweb12-0312wb-23-10073 1
251 0 clueweb12-0208wb-52-10624 1
252 0 clueweb12-1414wb-09-02051 1
252 0 clueweb12-0603wb-64-21776 1
252 0 clueweb12-0602wb-58-05708 1
252 0 clueweb12-0713wb-77-24557 0
252 0 clueweb12-0602wb-58-05709 1
252 0 clueweb12-1902wb-59-23847 1
252 0 clueweb12-0602wb-51-25886 1
252 0 clueweb12-0604wb-57-04240 0
252 0 clueweb12-0110wb-75-32684 0
252 0 clueweb12-0209wb-46-07533 1
252 0 clueweb12-0111wb-51-15488 0
252 0 clueweb12-0710wb-36-21812 1
252 0 clueweb12-1104wb-68-09748 1
252 0 clueweb12-0710wb-43-04000 1
252 0 clueweb12-0710wb-02-08284 1
252 0 clueweb12-0708wb-76-05924 1
252 0 clueweb12-0210wb-47-28612 1
252 0 clueweb12-0206wb-88-17639 1
252 0 clueweb12-0713wb-74-32761 1
252 0 clueweb12-0711wb-29-11763 1
252 0 clueweb12-0605wb-68-27020 0
252 0 clueweb12-0713wb-05-14270 1
252 0 clueweb12-0709wb-23-21512 1
252 0 clueweb12-0715wb-25-22386 0
252 0 clueweb12-0205wb-36-02497 1
252 0 clueweb12-0612wb-11-21230 1
252 0 clueweb12-0713wb-46-33460 1
252 0 clueweb12-0709wb-23-21516 0
252 0 clueweb12-0000wt-01-18481 1
252 0 clueweb12-0007wb-81-24963 0
252 0 clueweb12-0211wb-06-14450 0
252 0 clueweb12-0611wb-80-31541 0
252 0 clueweb12-1800wb-71-03781 1
252 0 clueweb12-0907wb-72-13447 0
252 0 clueweb12-0000wt-01-18482 1
252 0 clueweb12-0602wb-25-21514 0
252 0 clueweb12-0713wb-69-07469 1
252 0 clueweb12-0602wb-83-34303 1
252 0 clueweb12-0602wb-77-07510 1
252 0 clueweb12-1113wb-56-18244 0
252 0 clueweb12-0712wb-68-01785 0
252 0 clueweb12-1315wb-60-01698 1
252 0 clueweb12-0000wb-00-32396 0
252 0 clueweb12-0405wb-89-00721 0
252 0 clueweb12-0208wb-06-16627 1
252 0 clueweb12-0713wb-63-28106 0
252 0 clueweb12-0206wb-88-17642 0
252 0 clueweb12-0207wb-25-31383 0
252 0 clueweb12-0206wb-63-09166 0
252 0 clueweb12-0709wb-77-25554 0
253 0 clueweb12-1600wb-32-12121 0
253 0 clueweb12-0208wb-61-19136 1
253 0 clueweb12-0304wb-36-00841 1
253 0 clueweb12-1702wb-71-16135 1
253 0 clueweb12-0305wb-21-28202 1
253 0 clueweb12-0305wb-31-18978 0
253 0 clueweb12-1108wb-10-04008 1
253 0 clueweb12-1308wb-63-19206 1
253 0 clueweb12-1012wb-13-11360 0
253 0 clueweb12-0305wb-31-18972 1
253 0 clueweb12-0305wb-31-18986 0
253 0 clueweb12-0305wb-47-12403 1
253 0 clueweb12-0305wb-31-18973 0
253 0 clueweb12-0810wb-66-16417 1
253 0 clueweb12-0411wb-13-24286 1
253 0 clueweb12-0403wb-26-24046 0
253 0 clueweb12-1509wb-39-05056 0
253 0 clueweb12-1213wb-72-23950 1
253 0 clueweb12-0309wb-05-07720 0
253 0 clueweb12-0403wb-94-28586 1
253 0 clueweb12-0006wb-91-28207 0
253 0 clueweb12-1200wb-04-05969 1
253 0 clueweb12-1406wb-96-06850 1
253 0 clueweb12-0207wb-50-27273 1
253 0 clueweb12-0003wb-63-10707 1
253 0 clueweb12-1807wb-02-15471 1
253 0 clueweb12-1200wb-77-05629 0
253 0 clueweb12-0305wb-21-28198 0
253 0 clueweb12-1808wb-00-06370 1
253 0 clueweb12-0310wb-96-03302 0
253 0 clueweb12-1600tw-40-21268 0
253 0 clueweb12-0712wb-93-18564 0
253 0 clueweb12-1100wb-63-11557 0
253 0 clueweb12-1807wb-03-27777 1
253 0 clueweb12-0502wb-88-29673 1
253 0 clueweb12-1217wb-78-16656 0
253 0 clueweb12-0011wb-51-25895 1
253 0 clueweb12-1403wb-16-02725 0
253 0 clueweb12-1908wb-96-04029 0
253 0 clueweb12-1007wb-91-08853 0
253 0 clueweb12-0508wb-08-04588 1
253 0 clueweb12-0205wb-50-21510 0
253 0 clueweb12-0407wb-83-10265 0
253 0 clueweb12-0111wb-19-16459 1
253 0 clueweb12-1207wb-41-27688 0
253 0 clueweb12-0701wb-49-32906 0
253 0 clueweb12-0400wb-23-00497 1
253 0 clueweb12-1703wb-20-15464 1
253 0 clueweb12-1706wb-25-14376 1
253 0 clueweb12-0000wb-46-33759 1
254 0 clueweb12-0305wb-42-06791 1
254 0 clueweb12-0601wb-66-00326 1
254 0 clueweb12-0918wb-07-25717 1
254 0 clueweb12-0106wb-47-28483 1
254 0 clueweb12-0918wb-43-20583 0
254 0 clueweb12-0400tw-40-09205 1
254 0 clueweb12-0013wb-07-22110 1
254 0 clueweb12-0310wb-71-14085 1
254 0 clueweb12-0000wb-45-39534 1
254 0 clueweb12-1110wb-45-18927 1
254 0 clueweb12-1307wb-55-11291 1
254 0 clueweb12-0911wb-52-13618 1
254 0 clueweb12-0201wb-28-25898 1
254 0 clueweb12-0001wb-60-12929 1
254 0 clueweb12-0406wb-79-22467 1
254 0 clueweb12-0410wb-57-22052 1
254 0 clueweb12-0104wb-69-03363 1
254 0 clueweb12-0305wb-35-25606 1
254 0 clueweb12-0410wb-57-22054 1
254 0 clueweb12-0410wb-57-22051 1
254 0 clueweb12-0812wb-13-00914 1
254 0 clueweb12-0001wb-69-37267 1
254 0 clueweb12-0410wb-57-22053 1
254 0 clueweb12-0503wb-89-02816 0
254 0 clueweb12-0002wb-58-24242 0
254 0 clueweb12-0507wb-27-24015 0
254 0 clueweb12-0001wb-84-12636 0
254 0 clueweb12-0911wb-52-13617 0
254 0 clueweb12-0911wb-44-11159 1
254 0 clueweb12-0002wb-32-29624 1
254 0 clueweb12-0911wb-52-13626 1
254 0 clueweb12-0001wb-84-12639 0
254 0 clueweb12-0001wb-69-37268 1
254 0 clueweb12-0001wb-84-12637 1
254 0 clueweb12-1211wb-49-08467 0
254 0 clueweb12-0001wb-84-12638 0
254 0 clueweb12-0918wb-19-04524 1
254 0 clueweb12-1713wb-98-18024 0
254 0 clueweb12-0711wb-70-11664 1
254 0 clueweb12-0816wb-86-20721 1
254 0 clueweb12-1106wb-12-05749 0
254 0 clueweb12-0001wb-90-10153 1
254 0 clueweb12-0105wb-68-24880 0
254 0 clueweb12-0911wb-76-02521 1
254 0 clueweb12-0911wb-52-13619 1
254 0 clueweb12-1505wb-08-12191 0
254 0 clueweb12-0911wb-62-24133 1
254 0 clueweb12-1313wb-00-13479 1
254 0 clueweb12-0010wb-95-15797 1
254 0 clueweb12-1200wb-29-10972 0
255 0 clueweb12-1610wb-10-17237 0
255 0 clueweb12-1603wb-72-20077 0
255 0 clueweb12-0010wb-98-24724 0
255 0 clueweb12-0103wb-32-02080 0
255 0 clueweb12-1516wb-80-15938 0
255 0 clueweb12-1608wb-97-02139 0
255 0 clueweb12-0012wb-82-08265 0
255 0 clueweb12-0501wb-17-20831 0
255 0 clueweb12-0012wb-28-08060 0
255 0 clueweb12-0210wb-72-08009 0
255 0 clueweb12-1214wb-19-27320 0
255 0 clueweb12-1203wb-43-01724 0
255 0 clueweb12-0100wb-22-04339 0
255 0 clueweb12-1207wb-93-23156 0
255 0 clueweb12-1004wb-68-03168 0
255 0 clueweb12-1307wb-80-22897 0
255 0 clueweb12-1708wb-10-06047 0
255 0 clueweb12-0105wb-42-30426 0
255 0 clueweb12-1306wb-34-14587 0
255 0 clueweb12-1800wb-84-01172 0
255 0 clueweb12-0500wb-56-07810 0
255 0 clueweb12-1604wb-49-16816 0
255 0 clueweb12-0004wb-32-00276 0
255 0 clueweb12-1902wb-62-12118 0
255 0 clueweb12-0100wb-17-33735 0
255 0 clueweb12-0011wb-11-22791 0
255 0 clueweb12-0001wb-95-17719 0
255 0 clueweb12-0002wb-92-12648 0
255 0 clueweb12-1200wb-43-26294 0
255 0 clueweb12-0000tw-15-02249 0
255 0 clueweb12-1903wb-40-04773 0
255 0 clueweb12-1716wb-51-20507 0
255 0 clueweb12-0400wb-05-22688 0
255 0 clueweb12-1203wb-05-06473 0
255 0 clueweb12-0103wb-68-21113 0
255 0 clueweb12-0104wb-99-20613 0
255 0 clueweb12-1900tw-38-04379 0
255 0 clueweb12-0009wb-17-01027 0
255 0 clueweb12-1007wb-92-09894 0
255 0 clueweb12-1901wb-44-12062 0
255 0 clueweb12-0109wb-23-01967 0
255 0 clueweb12-0011wb-98-32854 0
255 0 clueweb12-1604wb-01-12705 0
255 0 clueweb12-0205wb-87-16382 0
255 0 clueweb12-0012wb-71-13026 0
255 0 clueweb12-0200tw-60-18104 0
255 0 clueweb12-0407wb-65-07282 0
255 0 clueweb12-0109wb-72-02615 0
255 0 clueweb12-1406wb-11-19061 0
255 0 clueweb12-1903wb-40-04772 0
256 0 clueweb12-0209wb-89-18741 1
256 0 clueweb12-1908wb-15-10116 1
256 0 clueweb12-0917wb-32-01347 0
256 0 clueweb12-1515wb-93-15298 1
256 0 clueweb12-1712wb-45-22347 1
256 0 clueweb12-1306wb-08-17917 0
256 0 clueweb12-1713wb-45-21577 1
256 0 clueweb12-1714wb-18-22198 1
256 0 clueweb12-1301wb-02-02129 0
256 0 clueweb12-1715wb-81-18469 1
256 0 clueweb12-1515wb-91-31064 1
256 0 clueweb12-1716wb-29-18225 1
256 0 clueweb12-1713wb-45-21578 1
256 0 clueweb12-0503wb-78-12240 1
256 0 clueweb12-1715wb-81-17407 1
256 0 clueweb12-1715wb-81-18470 1
256 0 clueweb12-0011wb-98-30586 1
256 0 clueweb12-1716wb-29-18226 1
256 0 clueweb12-1515wb-86-30781 1
256 0 clueweb12-1713wb-45-19841 1
256 0 clueweb12-1411wb-87-06776 1
256 0 clueweb12-1515wb-86-30779 1
256 0 clueweb12-1008wb-09-29255 1
256 0 clueweb12-1715wb-28-17380 1
256 0 clueweb12-1410wb-41-18099 1
256 0 clueweb12-0011wb-89-24667 1
256 0 clueweb12-1201wb-97-26152 1
256 0 clueweb12-1912wb-16-02539 1
256 0 clueweb12-1512wb-11-09721 0
256 0 clueweb12-1300tw-28-03697 0
256 0 clueweb12-0302wb-70-10943 0
256 0 clueweb12-1300tw-28-03698 0
256 0 clueweb12-1300tw-28-03696 0
256 0 clueweb12-1312wb-03-08286 0
256 0 clueweb12-0302wb-38-22706 0
256 0 clueweb12-0302wb-26-31514 0
256 0 clueweb12-0905wb-98-08725 0
256 0 clueweb12-0814wb-20-07334 0
256 0 clueweb12-0700tw-80-16335 0
256 0 clueweb12-1905wb-11-13271 0
256 0 clueweb12-0200tw-64-19635 0
256 0 clueweb12-0700tw-80-16336 0
256 0 clueweb12-0002wb-11-02980 0
256 0 clueweb12-1707wb-30-32883 0
256 0 clueweb12-0401wb-54-17992 1
256 0 clueweb12-1714wb-78-17984 1
256 0 clueweb12-1217wb-50-04296 0
256 0 clueweb12-0307wb-75-14482 1
256 0 clueweb12-0202wb-78-08441 0
256 0 clueweb12-1202wb-42-29804 0
257 0 clueweb12-0506wb-50-32569 1
257 0 clueweb12-0000wb-97-21920 1
257 0 clueweb12-0500wb-86-16726 1
257 0 clueweb12-1002wb-21-03607 0
257 0 clueweb12-0308wb-70-17297 1
257 0 clueweb12-0202wb-16-08246 1
257 0 clueweb12-0004wb-39-29224 0
257 0 clueweb12-1407wb-13-05186 0
257 0 clueweb12-0100wb-09-07781 0
257 0 clueweb12-0001wb-37-08116 1
257 0 clueweb12-0100wb-22-19326 1
257 0 clueweb12-1004wb-78-08565 0
257 0 clueweb12-0003wb-23-27167 1
257 0 clueweb12-1709wb-81-15385 1
257 0 clueweb12-0211wb-07-03830 1
257 0 clueweb12-1111wb-40-12670 0
257 0 clueweb12-0401wb-44-04924 1
257 0 clueweb12-0605wb-48-10754 1
257 0 clueweb12-1312wb-57-20255 1
257 0 clueweb12-1018wb-79-25649 1
257 0 clueweb12-1211wb-83-22061 0
257 0 clueweb12-1908wb-99-30487 0
257 0 clueweb12-0510wb-95-05690 1
257 0 clueweb12-1102wb-85-02413 1
257 0 clueweb12-1205wb-05-27812 0
257 0 clueweb12-0108wb-31-01439 1
257 0 clueweb12-1515wb-41-05553 1
257 0 clueweb12-1515wb-05-10357 1
257 0 clueweb12-1516wb-21-02981 1
257 0 clueweb12-1008wb-06-00110 1
257 0 clueweb12-1515wb-41-05547 1
257 0 clueweb12-1600wb-15-15245 1
257 0 clueweb12-1600wb-15-15242 1
257 0 clueweb12-1515wb-48-13635 1
257 0 clueweb12-1908wb-99-30499 0
257 0 clueweb12-0012wb-30-22848 1
257 0 clueweb12-0208wb-80-03253 0
257 0 clueweb12-1106wb-13-08055 1
257 0 clueweb12-1205wb-19-06621 0
257 0 clueweb12-1104wb-70-04610 0
257 0 clueweb12-1705wb-33-03916 0
257 0 clueweb12-0311wb-00-26501 1
257 0 clueweb12-1013wb-52-25400 0
257 0 clueweb12-0602wb-97-15848 1
257 0 clueweb12-0603wb-93-03047 0
257 0 clueweb12-1702wb-39-17225 0
257 0 clueweb12-1020wb-40-09186 1
257 0 clueweb12-1803wb-86-23203 1
257 0 clueweb12-0402wb-63-19278 0
257 0 clueweb12-0407wb-65-03005 0
258 0 clueweb12-0702wb-63-24231 1
258 0 clueweb12-0111wb-63-32404 0
258 0 clueweb12-0208wb-29-14861 0
258 0 clueweb12-0907wb-72-20968 0
258 0 clueweb12-0211wb-59-20468 1
258 0 clueweb12-0304wb-04-25969 0
258 0 clueweb12-0309wb-46-22958 1
258 0 clueweb12-0309wb-68-21464 1
258 0 clueweb12-0001wb-94-14290 1
258 0 clueweb12-0501wb-37-28645 1
258 0 clueweb12-0310wb-27-21538 1
258 0 clueweb12-0104wb-65-05186 1
258 0 clueweb12-0203wb-82-15786 0
258 0 clueweb12-0008wb-73-24196 1
258 0 clueweb12-0404wb-91-02383 0
258 0 clueweb12-0908wb-90-14416 1
258 0 clueweb12-1702wb-28-09867 0
258 0 clueweb12-0208wb-29-14863 1
258 0 clueweb12-1810wb-89-11810 1
258 0 clueweb12-0402wb-59-00552 0
258 0 clueweb12-1907wb-70-34620 1
258 0 clueweb12-0002wb-36-30903 0
258 0 clueweb12-0816wb-22-07318 0
258 0 clueweb12-0100wb-52-17889 0
258 0 clueweb12-0207wb-04-31927 1
258 0 clueweb12-0916wb-17-01968 0
258 0 clueweb12-0804wb-05-12607 0
258 0 clueweb12-1113wb-53-11611 0
258 0 clueweb12-0210wb-09-28616 0
258 0 clueweb12-0110wb-88-12588 0
258 0 clueweb12-0601wb-96-03673 1
258 0 clueweb12-1505wb-54-04754 0
258 0 clueweb12-1411wb-94-15572 0
258 0 clueweb12-0800tw-38-08852 0
258 0 clueweb12-0208wb-11-32746 0
258 0 clueweb12-0304wb-88-05022 1
258 0 clueweb12-0208wb-72-32578 1
258 0 clueweb12-0211wb-11-33391 1
258 0 clueweb12-0209wb-34-21370 0
258 0 clueweb12-1913wb-44-26213 0
258 0 clueweb12-0701wb-71-20073 0
258 0 clueweb12-0916wb-66-08406 1
258 0 clueweb12-1701wb-79-05950 0
258 0 clueweb12-0208wb-81-01872 0
258 0 clueweb12-0309wb-85-00185 0
258 0 clueweb12-0300wb-82-00419 0
258 0 clueweb12-1304wb-63-25257 0
258 0 clueweb12-1712wb-52-17785 0
258 0 clueweb12-0108wb-01-29633 1
258 0 clueweb12-0407wb-59-19279 0
259 0 clueweb12-1300tw-71-16757 1
259 0 clueweb12-1300tw-70-00294 1
259 0 clueweb12-1503wb-13-17532 1
259 0 clueweb12-1414wb-34-10373 1
259 0 clueweb12-1611wb-01-27014 1
259 0 clueweb12-1714wb-24-14580 1
259 0 clueweb12-0101wb-09-16789 1
259 0 clueweb12-1313wb-39-03761 0
259 0 clueweb12-0204wb-38-32159 1
259 0 clueweb12-1200wb-76-07700 1
259 0 clueweb12-1201wb-29-25435 1
259 0 clueweb12-1200wb-79-27006 1
259 0 clueweb12-1809wb-11-21126 1
259 0 clueweb12-1908wb-70-14637 0
259 0 clueweb12-0917wb-64-05762 1
259 0 clueweb12-1607wb-27-19331 1
259 0 clueweb12-0806wb-24-36807 0
259 0 clueweb12-1800wb-43-16442 0
259 0 clueweb12-1213wb-06-08284 0
259 0 clueweb12-0303wb-91-32887 1
259 0 clueweb12-1502wb-34-01847 1
259 0 clueweb12-0708wb-75-04894 1
259 0 clueweb12-0804wb-37-03524 1
259 0 clueweb12-1607wb-07-28532 1
259 0 clueweb12-0207wb-72-22122 0
259 0 clueweb12-0612wb-35-22955 1
259 0 clueweb12-1200wb-76-07679 1
259 0 clueweb12-0106wb-00-00271 1
259 0 clueweb12-0208wb-11-06824 1
259 0 clueweb12-0206wb-05-16115 1
259 0 clueweb12-0204wb-72-06012 1
259 0 clueweb12-0404wb-44-30439 1
259 0 clueweb12-0104wb-75-02761 0
259 0 clueweb12-0612wb-48-27646 1
259 0 clueweb12-1812wb-26-22483 0
259 0 clueweb12-1117wb-48-01978 1
259 0 clueweb12-1012wb-54-28565 1
259 0 clueweb12-0405wb-70-24990 0
259 0 clueweb12-0303wb-29-25618 1
259 0 clueweb12-0300wb-24-11360 1
259 0 clueweb12-0103wb-51-26453 1
259 0 clueweb12-1012wb-76-23770 1
259 0 clueweb12-1503wb-13-17559 1
259 0 clueweb12-0108wb-33-10946 0
259 0 clueweb12-0101wb-18-28209 0
259 0 clueweb12-1311wb-25-02318 1
259 0 clueweb12-1008wb-77-01195 1
259 0 clueweb12-1311wb-84-07325 0
259 0 clueweb12-0210wb-90-33885 1
259 0 clueweb12-1507wb-52-10725 1
260 0 clueweb12-1104wb-77-05531 1
260 0 clueweb12-0708wb-75-18851 0
260 0 clueweb12-0400tw-18-09573 0
260 0 clueweb12-0501wb-16-10737 0
260 0 clueweb12-0407wb-34-15136 0
260 0 clueweb12-0013wb-80-21417 0
260 0 clueweb12-0300tw-66-15002 0
260 0 clueweb12-0002wb-25-28577 0
260 0 clueweb12-1804wb-92-21642 0
260 0 clueweb12-0002wb-53-13100 0
260 0 clueweb12-1813wb-04-04380 0
260 0 clueweb12-0000tw-25-03615 0
260 0 clueweb12-0305wb-08-14726 0
260 0 clueweb12-1016wb-92-16341 0
260 0 clueweb12-1702wb-10-26460 1
260 0 clueweb12-0605wb-47-08786 0
260 0 clueweb12-0708wb-43-21277 0
260 0 clueweb12-0000wb-66-03245 1
260 0 clueweb12-0304wb-11-13548 1
260 0 clueweb12-0001wb-49-06027 0
260 0 clueweb12-0304wb-65-27651 0
260 0 clueweb12-0110wb-58-29350 0
260 0 clueweb12-0917wb-27-31110 0
260 0 clueweb12-0300wb-68-11428 1
260 0 clueweb12-0007wb-54-33177 0
260 0 clueweb12-0308wb-23-18757 0
260 0 clueweb12-0604wb-32-28343 0
260 0 clueweb12-1811wb-13-03841 0
260 0 clueweb12-0108wb-72-16710 0
260 0 clueweb12-0904wb-09-24342 0
260 0 clueweb12-0203wb-79-14630 1
260 0 clueweb12-1600wb-53-26537 0
260 0 clueweb12-0306wb-79-29412 0
260 0 clueweb12-0109wb-14-02853 0
260 0 clueweb12-0001wb-04-27938 0
260 0 clueweb12-0301tw-55-04967 0
260 0 clueweb12-0011wb-18-26582 0
260 0 clueweb12-0916wb-11-02343 0
260 0 clueweb12-0202wb-90-05223 0
260 0 clueweb12-1800tw-26-18374 0
260 0 clueweb12-1616wb-62-07329 0
260 0 clueweb12-1017wb-91-04018 0
260 0 clueweb12-1305wb-60-03190 0
260 0 clueweb12-0800tw-72-16520 0
260 0 clueweb12-0700tw-14-05446 0
260 0 clueweb12-1118wb-21-03405 0
260 0 clueweb12-1400wb-74-13240 0
260 0 clueweb12-0000tw-07-07084 0
260 0 clueweb12-1000wb-34-13956 0
260 0 clueweb12-0007wb-13-04441 0
261 0 clueweb12-1406wb-97-01511 1
261 0 clueweb12-1708wb-36-13377 0
261 0 clueweb12-0206wb-39-12389 0
261 0 clueweb12-0404wb-64-07756 0
261 0 clueweb12-0717wb-19-10254 0
261 0 clueweb12-0200wb-06-04298 0
261 0 clueweb12-0102wb-95-13558 0
261 0 clueweb12-1010wb-34-00632 0
261 0 clueweb12-0814wb-59-19361 0
261 0 clueweb12-1202wb-26-08008 0
261 0 clueweb12-0109wb-42-03245 0
261 0 clueweb12-0206wb-16-32520 0
261 0 clueweb12-0001wb-04-22238 0
261 0 clueweb12-1806wb-18-00239 0
261 0 clueweb12-0402wb-03-24282 1
261 0 clueweb12-0913wb-21-00771 0
261 0 clueweb12-0913wb-21-00775 0
261 0 clueweb12-1202wb-29-22209 0
261 0 clueweb12-1703wb-29-25433 0
261 0 clueweb12-0912wb-52-23839 1
261 0 clueweb12-1813wb-26-09286 0
261 0 clueweb12-0001wb-49-33795 0
261 0 clueweb12-1300wb-54-23025 0
261 0 clueweb12-1203wb-46-27650 0
261 0 clueweb12-1117wb-18-29119 0
261 0 clueweb12-1601wb-41-19222 1
261 0 clueweb12-1602wb-06-09681 1
261 0 clueweb12-0804wb-87-03767 0
261 0 clueweb12-0600tw-37-11885 0
261 0 clueweb12-1909wb-40-23233 0
261 0 clueweb12-1016wb-92-14795 0
261 0 clueweb12-0813wb-87-04287 0
261 0 clueweb12-0908wb-95-21712 0
261 0 clueweb12-1108wb-49-20566 0
261 0 clueweb12-1705wb-30-24646 0
261 0 clueweb12-1301wb-46-16017 0
261 0 clueweb12-0305wb-54-20162 1
261 0 clueweb12-1901wb-76-07112 0
261 0 clueweb12-1009wb-71-21483 0
261 0 clueweb12-0107wb-49-22759 0
261 0 clueweb12-0407wb-92-14546 0
261 0 clueweb12-1807wb-48-13177 0
261 0 clueweb12-0509wb-35-28893 0
261 0 clueweb12-0002wb-44-04123 0
261 0 clueweb12-0108wb-83-27468 0
261 0 clueweb12-1300wb-47-21430 0
261 0 clueweb12-0815wb-29-04976 1
261 0 clueweb12-0303wb-04-06533 0
261 0 clueweb12-0713wb-75-10216 0
261 0 clueweb12-0309wb-46-26088 0
262 0 clueweb12-1114wb-64-14474 1
262 0 clueweb12-0308wb-50-15269 1
262 0 clueweb12-0810wb-75-08294 1
262 0 clueweb12-1806wb-26-31108 1
262 0 clueweb12-1000wb-08-07589 1
262 0 clueweb12-0917wb-98-19710 1
262 0 clueweb12-1908wb-98-10884 1
262 0 clueweb12-1905wb-35-20038 1
262 0 clueweb12-1812wb-91-14325 1
262 0 clueweb12-1510wb-85-28099 1
262 0 clueweb12-1500wb-64-19486 1
262 0 clueweb12-1611wb-99-15917 1
262 0 clueweb12-0300wb-47-29272 1
262 0 clueweb12-0917wb-98-19712 1
262 0 clueweb12-1000wb-08-07591 1
262 0 clueweb12-0300tw-92-11331 1
262 0 clueweb12-0919wb-65-02353 1
262 0 clueweb12-1000wb-32-22467 1
262 0 clueweb12-0920wb-00-06512 1
262 0 clueweb12-1000wb-32-22465 1
262 0 clueweb12-1610wb-72-08484 1
262 0 clueweb12-1610wb-25-07574 1
262 0 clueweb12-1300tw-04-15156 1
262 0 clueweb12-0917wb-42-08654 1
262 0 clueweb12-1000wb-08-07597 1
262 0 clueweb12-0919wb-60-03032 0
262 0 clueweb12-0917wb-98-19716 0
262 0 clueweb12-0919wb-60-03028 0
262 0 clueweb12-0917wb-42-08642 0
262 0 clueweb12-0918wb-41-08160 0
262 0 clueweb12-0918wb-06-23941 0
262 0 clueweb12-1000wb-32-22471 0
262 0 clueweb12-0917wb-42-08644 0
262 0 clueweb12-1000wb-32-22473 0
262 0 clueweb12-0917wb-42-08646 0
262 0 clueweb12-1000wb-08-07593 0
262 0 clueweb12-0917wb-42-08647 0
262 0 clueweb12-0917wb-70-12368 0
262 0 clueweb12-1000wb-47-08914 0
262 0 clueweb12-0917wb-70-12353 0
262 0 clueweb12-0918wb-41-08163 0
262 0 clueweb12-0918wb-06-23933 0
262 0 clueweb12-1906wb-74-17229 0
262 0 clueweb12-1114wb-27-04628 1
262 0 clueweb12-1909wb-14-29115 1
262 0 clueweb12-1909wb-09-20462 1
262 0 clueweb12-0208wb-64-06218 1
262 0 clueweb12-1416wb-21-01910 0
262 0 clueweb12-1112wb-22-08035 1
262 0 clueweb12-1904wb-55-14670 1
263 0 clueweb12-0800wb-46-12789 0
263 0 clueweb12-1315wb-13-13511 0
263 0 clueweb12-0311wb-09-16497 0
263 0 clueweb12-1115wb-23-19238 1
263 0 clueweb12-0807wb-82-29015 1
263 0 clueweb12-0200wb-87-11097 1
263 0 clueweb12-1804wb-14-01418 1
263 0 clueweb12-0206wb-97-08530 1
263 0 clueweb12-1114wb-62-06583 1
263 0 clueweb12-0100wb-18-00631 1
263 0 clueweb12-0802wb-82-08479 0
263 0 clueweb12-0600wb-28-23532 1
263 0 clueweb12-0815wb-24-10573 1
263 0 clueweb12-0101wb-46-04145 1
263 0 clueweb12-0902wb-71-00648 1
263 0 clueweb12-0902wb-71-00649 1
263 0 clueweb12-0205wb-60-29422 1
263 0 clueweb12-0804wb-35-24215 0
263 0 clueweb12-1115wb-80-12185 1
263 0 clueweb12-0101wb-46-04144 1
263 0 clueweb12-1403wb-21-31709 1
263 0 clueweb12-0817wb-08-14040 0
263 0 clueweb12-0917wb-08-06427 0
263 0 clueweb12-0410wb-97-01696 0
263 0 clueweb12-0611wb-73-21330 0
263 0 clueweb12-1500tw-19-05953 1
263 0 clueweb12-0512wb-19-24859 1
263 0 clueweb12-0101wb-60-18376 1
263 0 clueweb12-0905wb-17-20576 0
263 0 clueweb12-0401wb-16-30471 0
263 0 clueweb12-1716wb-58-06497 0
263 0 clueweb12-0908wb-17-19665 0
263 0 clueweb12-1301wb-87-24588 1
263 0 clueweb12-1804wb-55-06343 1
263 0 clueweb12-1114wb-35-09783 0
263 0 clueweb12-1200tw-83-00587 1
263 0 clueweb12-0110wb-55-24430 0
263 0 clueweb12-0509wb-79-22954 1
263 0 clueweb12-0701wb-98-12669 0
263 0 clueweb12-0104wb-44-09098 0
263 0 clueweb12-0100wb-67-21061 0
263 0 clueweb12-0101wb-60-18378 0
263 0 clueweb12-0207wb-20-00001 1
263 0 clueweb12-1012wb-11-19013 0
263 0 clueweb12-0201wb-82-17113 1
263 0 clueweb12-1003wb-82-17850 0
263 0 clueweb12-1102wb-47-08667 1
263 0 clueweb12-0101wb-46-04140 0
263 0 clueweb12-1305wb-51-01351 0
263 0 clueweb12-1402wb-54-06836 0
264 0 clueweb12-1811wb-47-12328 0
264 0 clueweb12-0204wb-93-28737 1
264 0 clueweb12-1306wb-49-15879 0
264 0 clueweb12-0501wb-12-03358 1
264 0 clueweb12-0102wb-75-27256 1
264 0 clueweb12-0112wb-45-02372 1
264 0 clueweb12-1108wb-71-16703 1
264 0 clueweb12-1608wb-67-02075 0
264 0 clueweb12-1905wb-41-04604 1
264 0 clueweb12-1809wb-56-27291 0
264 0 clueweb12-0202wb-09-27865 0
264 0 clueweb12-0500wb-06-17799 1
264 0 clueweb12-0510wb-34-01698 0
264 0 clueweb12-1700wb-28-24835 0
264 0 clueweb12-1001wb-01-22547 1
264 0 clueweb12-0108wb-79-33906 1
264 0 clueweb12-1002wb-26-03382 0
264 0 clueweb12-0108wb-56-11336 0
264 0 clueweb12-0408wb-45-16622 0
264 0 clueweb12-1608wb-67-02074 0
264 0 clueweb12-0109wb-45-17708 1
264 0 clueweb12-0006wb-47-10675 0
264 0 clueweb12-1101wb-53-16038 0
264 0 clueweb12-0204wb-41-24424 0
264 0 clueweb12-0112wb-09-10763 1
264 0 clueweb12-0111wb-56-25833 1
264 0 clueweb12-0205wb-06-17542 0
264 0 clueweb12-0202wb-73-28494 0
264 0 clueweb12-0111wb-56-25840 1
264 0 clueweb12-0411wb-35-03673 1
264 0 clueweb12-0013wb-30-17691 1
264 0 clueweb12-0013wb-42-00426 1
264 0 clueweb12-0310wb-49-22320 1
264 0 clueweb12-0012wb-76-07880 1
264 0 clueweb12-0004wb-62-26053 0
264 0 clueweb12-0013wb-17-27230 1
264 0 clueweb12-0112wb-09-10764 1
264 0 clueweb12-0210wb-45-16275 0
264 0 clueweb12-0112wb-69-05393 1
264 0 clueweb12-0013wb-42-00415 1
264 0 clueweb12-1806wb-58-01095 0
264 0 clueweb12-0406wb-84-20846 1
264 0 clueweb12-0403wb-02-22946 0
264 0 clueweb12-0713wb-36-14339 0
264 0 clueweb12-0111wb-56-25821 1
264 0 clueweb12-1411wb-99-19596 1
264 0 clueweb12-0403wb-02-22945 0
264 0 clueweb12-0606wb-75-29822 0
264 0 clueweb12-0602wb-30-18167 0
264 0 clueweb12-1615wb-80-09377 0
265 0 clueweb12-1706wb-74-09561 0
265 0 clueweb12-1702wb-95-31069 0
265 0 clueweb12-0612wb-68-26252 0
265 0 clueweb12-0011wb-58-37181 0
265 0 clueweb12-0304wb-88-22539 0
265 0 clueweb12-0100tw-12-14489 0
265 0 clueweb12-0304wb-88-22540 0
265 0 clueweb12-0408wb-88-11953 0
265 0 clueweb12-0011wb-15-17154 0
265 0 clueweb12-0917wb-07-26285 0
265 0 clueweb12-1507wb-47-18960 0
265 0 clueweb12-0602wb-76-00798 0
265 0 clueweb12-0011wb-15-15473 1
265 0 clueweb12-0012wb-00-30916 0
265 0 clueweb12-0011wb-02-20835 1
265 0 clueweb12-1400wb-48-01359 0
265 0 clueweb12-0712wb-12-24853 0
265 0 clueweb12-1400wb-74-27049 0
265 0 clueweb12-1507wb-53-13285 0
265 0 clueweb12-0305wb-42-03111 0
265 0 clueweb12-0212wb-08-21179 0
265 0 clueweb12-0103wb-74-07728 0
265 0 clueweb12-0100wb-41-07418 0
265 0 clueweb12-0304wb-14-27166 0
265 0 clueweb12-0011wb-15-15465 1
265 0 clueweb12-1300tw-11-00178 0
265 0 clueweb12-0917wb-71-28148 0
265 0 clueweb12-1907wb-88-12071 0
265 0 clueweb12-0210wb-30-13859 0
265 0 clueweb12-0304wb-31-11757 0
265 0 clueweb12-1708wb-61-16371 0
265 0 clueweb12-0304wb-10-21917 0
265 0 clueweb12-0201wb-54-31087 0
265 0 clueweb12-1400wb-39-15802 0
265 0 clueweb12-1217wb-21-06229 0
265 0 clueweb12-1506wb-98-05571 0
265 0 clueweb12-0608wb-48-22029 0
265 0 clueweb12-1707wb-16-11842 0
265 0 clueweb12-0304wb-88-01100 0
265 0 clueweb12-0100wb-29-06042 0
265 0 clueweb12-0804wb-17-21745 0
265 0 clueweb12-1019wb-63-19589 0
265 0 clueweb12-0700wb-92-34497 0
265 0 clueweb12-0211wb-87-06020 0
265 0 clueweb12-0210wb-37-11054 0
265 0 clueweb12-1909wb-50-28246 0
265 0 clueweb12-0011wb-15-15479 0
265 0 clueweb12-0909wb-95-07828 0
265 0 clueweb12-1500tw-13-13862 0
265 0 clueweb12-0209wb-89-17492 1
266 0 clueweb12-0000wb-02-07823 1
266 0 clueweb12-0000wb-77-27009 1
266 0 clueweb12-1401wb-56-10292 0
266 0 clueweb12-0816wb-41-01471 0
266 0 clueweb12-0000wb-77-27002 1
266 0 clueweb12-0004wb-01-14263 1
266 0 clueweb12-0000wb-91-24826 1
266 0 clueweb12-0000wb-77-27006 1
266 0 clueweb12-0009wb-63-29665 1
266 0 clueweb12-0004wb-75-25644 0
266 0 clueweb12-0004wb-01-14268 1
266 0 clueweb12-0000wb-91-24825 1
266 0 clueweb12-0913wb-47-03877 1
266 0 clueweb12-0000wb-91-24827 1
266 0 clueweb12-0004wb-75-25643 0
266 0 clueweb12-0010wb-90-23730 1
266 0 clueweb12-1707wb-37-13940 1
266 0 clueweb12-0001wb-99-01293 1
266 0 clueweb12-0000wb-77-27008 1
266 0 clueweb12-1706wb-88-13057 0
266 0 clueweb12-1310wb-00-20357 1
266 0 clueweb12-1716wb-41-04129 1
266 0 clueweb12-0009wb-79-20022 1
266 0 clueweb12-0001wb-27-29668 1
266 0 clueweb12-0001wb-99-02444 1
266 0 clueweb12-0405wb-43-02122 1
266 0 clueweb12-0000wb-90-32221 1
266 0 clueweb12-0010wb-57-17038 1
266 0 clueweb12-1813wb-62-33417 1
266 0 clueweb12-1707wb-48-20519 1
266 0 clueweb12-1905wb-53-25578 1
266 0 clueweb12-0400wb-22-22424 1
266 0 clueweb12-0400wb-85-28205 1
266 0 clueweb12-0311wb-58-01851 0
266 0 clueweb12-0302wb-95-05154 1
266 0 clueweb12-0810wb-81-10564 1
266 0 clueweb12-0205wb-61-15208 0
266 0 clueweb12-0008wb-64-04161 0
266 0 clueweb12-0400wb-33-19575 0
266 0 clueweb12-0203wb-60-15441 0
266 0 clueweb12-0811wb-23-14473 1
266 0 clueweb12-0202wb-91-09478 0
266 0 clueweb12-0204wb-74-30466 0
266 0 clueweb12-1707wb-44-00879 0
266 0 clueweb12-1101wb-46-32757 1
266 0 clueweb12-0809wb-97-25778 1
266 0 clueweb12-0815wb-93-19407 1
266 0 clueweb12-1202wb-41-29336 0
266 0 clueweb12-0000wb-77-27001 0
266 0 clueweb12-0000wb-77-27004 0
267 0 clueweb12-0006wb-89-31935 1
267 0 clueweb12-0611wb-15-08833 1
267 0 clueweb12-0401wb-77-02942 1
267 0 clueweb12-1302wb-11-01249 1
267 0 clueweb12-1805wb-84-04273 1
267 0 clueweb12-0307wb-64-03284 1
267 0 clueweb12-0916wb-80-28700 1
267 0 clueweb12-1809wb-06-31371 1
267 0 clueweb12-1504wb-91-22524 1
267 0 clueweb12-1407wb-17-01797 0
267 0 clueweb12-0411wb-72-15381 1
267 0 clueweb12-0005wb-76-04504 1
267 0 clueweb12-0411wb-73-32313 1
267 0 clueweb12-0307wb-64-03282 0
267 0 clueweb12-0307wb-64-03290 0
267 0 clueweb12-1708wb-33-04248 0
267 0 clueweb12-1903wb-00-20713 0
267 0 clueweb12-0005wb-87-27938 1
267 0 clueweb12-0408wb-80-25700 0
267 0 clueweb12-1813wb-75-10959 0
267 0 clueweb12-0700wb-91-24147 0
267 0 clueweb12-0307wb-64-03283 0
267 0 clueweb12-0611wb-26-21456 0
267 0 clueweb12-0307wb-64-03285 0
267 0 clueweb12-1508wb-55-09212 1
267 0 clueweb12-0205wb-56-19291 1
267 0 clueweb12-0509wb-29-24258 1
267 0 clueweb12-0904wb-84-08073 1
267 0 clueweb12-0205wb-22-00278 1
267 0 clueweb12-0203wb-23-07264 1
267 0 clueweb12-0912wb-06-12058 1
267 0 clueweb12-0209wb-06-33447 1
267 0 clueweb12-0104wb-58-20255 0
267 0 clueweb12-0209wb-93-22646 1
267 0 clueweb12-1008wb-52-13458 1
267 0 clueweb12-0205wb-19-25255 1
267 0 clueweb12-0101wb-64-13463 1
267 0 clueweb12-0500wb-06-25434 1
267 0 clueweb12-0104wb-55-19224 1
267 0 clueweb12-0911wb-54-20482 1
267 0 clueweb12-0003wb-84-02678 1
267 0 clueweb12-1315wb-76-19670 1
267 0 clueweb12-0504wb-32-21873 1
267 0 clueweb12-0101wb-71-05613 1
267 0 clueweb12-0201wb-51-32214 1
267 0 clueweb12-0005wb-13-01688 1
267 0 clueweb12-1813wb-75-10958 0
267 0 clueweb12-1812wb-38-11295 1
267 0 clueweb12-0300wb-14-27256 0
267 0 clueweb12-0304wb-32-32653 1
268 0 clueweb12-0006wb-89-32678 1
268 0 clueweb12-0009wb-50-23933 1
268 0 clueweb12-0009wb-20-03721 1
268 0 clueweb12-0013wb-75-07268 1
268 0 clueweb12-1806wb-14-09041 1
268 0 clueweb12-0006wb-33-12993 1
268 0 clueweb12-0006wb-46-13075 1
268 0 clueweb12-0007wb-16-13886 1
268 0 clueweb12-0007wb-60-17146 1
268 0 clueweb12-0600wb-80-19270 0
268 0 clueweb12-0404wb-73-31356 1
268 0 clueweb12-0010wb-87-12910 1
268 0 clueweb12-0604wb-82-25338 0
268 0 clueweb12-0010wb-02-21991 0
268 0 clueweb12-0903wb-63-21857 0
268 0 clueweb12-1504wb-30-02008 0
268 0 clueweb12-0006wb-56-05371 1
268 0 clueweb12-0011wb-02-19390 1
268 0 clueweb12-0100tw-84-04942 0
268 0 clueweb12-0303wb-99-14382 1
268 0 clueweb12-0103wb-37-11108 1
268 0 clueweb12-1200wb-90-05889 1
268 0 clueweb12-1000wb-02-19103 1
268 0 clueweb12-1208wb-68-07601 1
268 0 clueweb12-1813wb-27-14199 1
268 0 clueweb12-1001wb-43-05883 1
268 0 clueweb12-0715wb-51-02843 1
268 0 clueweb12-0009wb-50-23947 1
268 0 clueweb12-1700wb-02-03178 1
268 0 clueweb12-0405wb-74-18634 1
268 0 clueweb12-0200wb-26-24235 1
268 0 clueweb12-0716wb-18-07437 1
268 0 clueweb12-1805wb-02-20258 1
268 0 clueweb12-0912wb-09-00464 1
268 0 clueweb12-0208wb-96-32199 1
268 0 clueweb12-0011wb-15-13953 1
268 0 clueweb12-1612wb-90-13942 1
268 0 clueweb12-1500wb-74-03746 1
268 0 clueweb12-0508wb-00-00412 0
268 0 clueweb12-1208wb-54-00258 0
268 0 clueweb12-0914wb-03-16876 1
268 0 clueweb12-1301wb-59-09175 0
268 0 clueweb12-0202wb-61-06214 1
268 0 clueweb12-0903wb-63-21847 0
268 0 clueweb12-0002wb-54-24491 0
268 0 clueweb12-0200tw-37-14893 0
268 0 clueweb12-0912wb-06-10816 0
268 0 clueweb12-0303wb-51-30997 1
268 0 clueweb12-1314wb-04-22841 1
268 0 clueweb12-1012wb-75-17292 1
269 0 clueweb12-1400wb-90-25770 0
269 0 clueweb12-1907wb-65-23304 1
269 0 clueweb12-0201wb-42-05241 1
269 0 clueweb12-1215wb-21-20207 0
269 0 clueweb12-0003wb-23-03537 1
269 0 clueweb12-1020wb-37-05069 0
269 0 clueweb12-0007wb-12-04368 1
269 0 clueweb12-0005wb-15-19494 0
269 0 clueweb12-1100tw-69-02032 0
269 0 clueweb12-0005wb-15-19514 0
269 0 clueweb12-1714wb-46-27247 0
269 0 clueweb12-0000wb-35-00772 0
269 0 clueweb12-1216wb-41-03268 0
269 0 clueweb12-1005wb-90-20095 0
269 0 clueweb12-1216wb-29-25997 0
269 0 clueweb12-0005wb-76-18949 0
269 0 clueweb12-0203wb-69-27773 0
269 0 clueweb12-1616wb-09-24821 1
269 0 clueweb12-0410wb-77-14187 0
269 0 clueweb12-0512wb-46-20464 0
269 0 clueweb12-1007wb-50-12263 0
269 0 clueweb12-0011wb-14-07531 0
269 0 clueweb12-1700wb-29-21467 0
269 0 clueweb12-0304wb-52-14922 0
269 0 clueweb12-1405wb-12-22269 0
269 0 clueweb12-0002wb-37-09162 0
269 0 clueweb12-0101wb-92-27156 0
269 0 clueweb12-1509wb-40-15411 0
269 0 clueweb12-1301wb-59-31937 0
269 0 clueweb12-1907wb-65-23305 1
269 0 clueweb12-0109wb-01-06403 0
269 0 clueweb12-0100wb-71-13403 0
269 0 clueweb12-1714wb-99-00554 1
269 0 clueweb12-0003wb-12-30833 0
269 0 clueweb12-0312wb-16-09029 0
269 0 clueweb12-0003wb-70-12993 0
269 0 clueweb12-0706wb-55-02582 0
269 0 clueweb12-0013wb-03-26597 0
269 0 clueweb12-0301wb-66-05425 0
269 0 clueweb12-0811wb-54-24561 0
269 0 clueweb12-0003wb-97-18642 0
269 0 clueweb12-0000wb-65-25270 0
269 0 clueweb12-0007wb-32-06601 1
269 0 clueweb12-0808wb-30-24575 0
269 0 clueweb12-0401wb-90-25631 1
269 0 clueweb12-0002wb-71-30792 0
269 0 clueweb12-0400wb-61-13135 0
269 0 clueweb12-1506wb-69-14569 0
269 0 clueweb12-0403wb-88-06113 0
269 0 clueweb12-0811wb-47-20072 0
270 0 clueweb12-0208wb-74-24219 0
270 0 clueweb12-0605wb-69-23739 0
270 0 clueweb12-0708wb-08-10874 0
270 0 clueweb12-0000wb-28-21696 1
270 0 clueweb12-1600wb-64-17766 0
270 0 clueweb12-0305wb-70-20734 1
270 0 clueweb12-0008wb-79-01222 0
270 0 clueweb12-1513wb-06-11707 1
270 0 clueweb12-0002wb-00-06057 0
270 0 clueweb12-1701wb-16-33284 0
270 0 clueweb12-0605wb-60-27239 0
270 0 clueweb12-1312wb-29-01648 0
270 0 clueweb12-0207wb-37-20063 0
270 0 clueweb12-0005wb-86-23279 0
270 0 clueweb12-0302wb-11-11280 0
270 0 clueweb12-1200tw-91-14083 0
270 0 clueweb12-1506wb-63-21393 0
270 0 clueweb12-0209wb-52-03341 0
270 0 clueweb12-0207wb-81-32606 0
270 0 clueweb12-0607wb-65-22382 0
270 0 clueweb12-1311wb-29-13503 0
270 0 clueweb12-0404wb-28-33070 0
270 0 clueweb12-0207wb-75-00856 0
270 0 clueweb12-0606wb-05-23298 0
270 0 clueweb12-0707wb-01-18107 0
270 0 clueweb12-0005wb-55-20783 0
270 0 clueweb12-1019wb-28-05394 0
270 0 clueweb12-0910wb-73-03457 0
270 0 clueweb12-0107wb-26-18214 0
270 0 clueweb12-0402wb-04-18470 0
270 0 clueweb12-0300tw-38-21818 0
270 0 clueweb12-0210wb-78-28212 0
270 0 clueweb12-1201wb-87-23138 0
270 0 clueweb12-1115wb-17-25191 0
270 0 clueweb12-1104wb-29-06837 0
270 0 clueweb12-0208wb-66-11602 0
270 0 clueweb12-0201wb-44-16338 0
270 0 clueweb12-0809wb-89-11078 0
270 0 clueweb12-0006wb-93-13860 0
270 0 clueweb12-1611wb-10-27469 0
270 0 clueweb12-0007wb-03-02098 0
270 0 clueweb12-0207wb-98-24072 0
270 0 clueweb12-0510wb-64-17666 1
270 0 clueweb12-0006wb-21-18368 0
270 0 clueweb12-0606wb-05-23299 1
270 0 clueweb12-0208wb-82-26965 1
270 0 clueweb12-1016wb-81-11551 1
270 0 clueweb12-1611wb-41-22823 0
270 0 clueweb12-0107wb-36-13877 0
270 0 clueweb12-0812wb-55-28424 0
271 0 clueweb12-0209wb-19-28989 0
271 0 clueweb12-0006wb-21-10545 0
271 0 clueweb12-1118wb-17-32705 0
271 0 clueweb12-1716wb-31-14675 0
271 0 clueweb12-1102wb-50-21303 0
271 0 clueweb12-0100wb-26-08512 0
271 0 clueweb12-1810wb-25-14425 0
271 0 clueweb12-0002wb-59-17691 0
271 0 clueweb12-0917wb-88-17638 0
271 0 clueweb12-1606wb-21-06057 0
271 0 clueweb12-1509wb-02-11719 0
271 0 clueweb12-1502wb-39-24391 0
271 0 clueweb12-0212wb-13-27339 0
271 0 clueweb12-1117wb-65-17873 0
271 0 clueweb12-0716wb-87-06583 0
271 0 clueweb12-0212wb-13-27340 0
271 0 clueweb12-0002wb-73-19865 0
271 0 clueweb12-1604wb-57-08499 0
271 0 clueweb12-1904wb-45-19434 0
271 0 clueweb12-0917wb-95-00197 0
271 0 clueweb12-0006wb-79-28526 1
271 0 clueweb12-0407wb-62-03646 1
271 0 clueweb12-0102wb-98-23969 0
271 0 clueweb12-0004wb-65-14367 1
271 0 clueweb12-0917wb-90-27256 1
271 0 clueweb12-0408wb-11-18414 1
271 0 clueweb12-0905wb-26-27557 0
271 0 clueweb12-0400tw-50-11078 0
271 0 clueweb12-0006wb-56-03662 1
271 0 clueweb12-0918wb-58-03941 1
271 0 clueweb12-0407wb-60-19990 1
271 0 clueweb12-0011wb-15-17838 0
271 0 clueweb12-0914wb-71-28640 0
271 0 clueweb12-0407wb-45-06783 0
271 0 clueweb12-0006wb-89-31142 0
271 0 clueweb12-0407wb-51-34968 0
271 0 clueweb12-0208wb-90-09933 0
271 0 clueweb12-0010wb-59-03253 0
271 0 clueweb12-0207wb-30-15840 0
271 0 clueweb12-1210wb-70-16413 0
271 0 clueweb12-0913wb-15-24531 0
271 0 clueweb12-0007wb-76-20343 0
271 0 clueweb12-0011wb-69-07335 0
271 0 clueweb12-1714wb-06-19597 0
271 0 clueweb12-0408wb-97-17827 0
271 0 clueweb12-1305wb-04-07764 0
271 0 clueweb12-0211wb-41-31102 0
271 0 clueweb12-0212wb-31-10104 0
271 0 clueweb12-1613wb-85-22099 1
271 0 clueweb12-1216wb-09-03013 0
272 0 clueweb12-1504wb-90-16883 1
272 0 clueweb12-0810wb-38-01409 0
272 0 clueweb12-0106wb-70-20344 1
272 0 clueweb12-0409wb-76-02776 1
272 0 clueweb12-0409wb-37-32013 1
272 0 clueweb12-0106wb-70-20348 1
272 0 clueweb12-0409wb-67-00249 1
272 0 clueweb12-0409wb-85-17123 1
272 0 clueweb12-0409wb-85-17124 1
272 0 clueweb12-0106wb-47-18035 1
272 0 clueweb12-0106wb-65-18697 1
272 0 clueweb12-0409wb-36-10814 1
272 0 clueweb12-0110wb-22-22521 1
272 0 clueweb12-0109wb-82-08930 1
272 0 clueweb12-0106wb-70-20345 1
272 0 clueweb12-0409wb-74-08335 1
272 0 clueweb12-0106wb-14-15155 1
272 0 clueweb12-0409wb-49-12255 1
272 0 clueweb12-0110wb-31-01782 1
272 0 clueweb12-0106wb-14-15154 1
272 0 clueweb12-0110wb-40-30641 1
272 0 clueweb12-0409wb-39-21082 1
272 0 clueweb12-0109wb-04-10471 1
272 0 clueweb12-0110wb-22-22522 1
272 0 clueweb12-0110wb-05-00608 1
272 0 clueweb12-0409wb-94-26725 1
272 0 clueweb12-0409wb-67-00252 1
272 0 clueweb12-0111wb-37-01141 0
272 0 clueweb12-0409wb-62-04801 1
272 0 clueweb12-0110wb-12-29075 1
272 0 clueweb12-0109wb-66-22015 1
272 0 clueweb12-0106wb-38-07951 1
272 0 clueweb12-0106wb-65-18696 1
272 0 clueweb12-0409wb-55-27640 0
272 0 clueweb12-0106wb-38-07950 1
272 0 clueweb12-0110wb-95-18312 1
272 0 clueweb12-0409wb-43-27937 1
272 0 clueweb12-0409wb-36-10815 0
272 0 clueweb12-0109wb-18-16624 1
272 0 clueweb12-0109wb-04-10470 0
272 0 clueweb12-0109wb-26-24220 1
272 0 clueweb12-0409wb-67-00250 0
272 0 clueweb12-0110wb-47-31832 1
272 0 clueweb12-0109wb-66-22016 1
272 0 clueweb12-0110wb-76-32128 1
272 0 clueweb12-0106wb-47-18037 1
272 0 clueweb12-0012wb-75-07914 0
272 0 clueweb12-0109wb-79-04621 1
272 0 clueweb12-1713wb-68-20628 0
272 0 clueweb12-1505wb-15-20192 0
273 0 clueweb12-0200wb-08-26822 1
273 0 clueweb12-0917wb-00-27070 0
273 0 clueweb12-0212wb-12-32020 0
273 0 clueweb12-1310wb-54-23244 0
273 0 clueweb12-1117wb-20-31318 0
273 0 clueweb12-0108wb-13-27186 0
273 0 clueweb12-0112wb-05-17870 1
273 0 clueweb12-0310wb-68-07558 1
273 0 clueweb12-0009wb-38-12069 1
273 0 clueweb12-0008wb-75-01140 1
273 0 clueweb12-0310wb-50-29927 1
273 0 clueweb12-0108wb-83-27176 0
273 0 clueweb12-0704wb-18-00787 1
273 0 clueweb12-1311wb-35-00932 0
273 0 clueweb12-0510wb-41-01301 0
273 0 clueweb12-0510wb-44-18418 1
273 0 clueweb12-1408wb-98-23120 1
273 0 clueweb12-0301wb-29-28442 0
273 0 clueweb12-0101wb-77-26543 0
273 0 clueweb12-0206wb-05-26741 0
273 0 clueweb12-1311wb-35-00933 0
273 0 clueweb12-1311wb-38-05589 0
273 0 clueweb12-0004wb-01-14146 0
273 0 clueweb12-1311wb-47-22077 0
273 0 clueweb12-1808wb-59-24057 0
273 0 clueweb12-0304wb-02-14401 0
273 0 clueweb12-0202wb-99-26311 1
273 0 clueweb12-0110wb-79-20775 0
273 0 clueweb12-0501wb-98-04640 0
273 0 clueweb12-0200tw-66-09955 0
273 0 clueweb12-1609wb-64-06925 0
273 0 clueweb12-0204wb-61-01007 0
273 0 clueweb12-1311wb-38-05588 0
273 0 clueweb12-0001wb-43-34799 0
273 0 clueweb12-0305wb-90-17570 0
273 0 clueweb12-0808wb-73-01980 0
273 0 clueweb12-1311wb-35-00935 0
273 0 clueweb12-1501wb-16-08950 0
273 0 clueweb12-0104wb-18-24894 0
273 0 clueweb12-1806wb-03-02078 0
273 0 clueweb12-1315wb-86-12490 0
273 0 clueweb12-1009wb-61-21413 0
273 0 clueweb12-1003wb-73-22197 0
273 0 clueweb12-1402wb-63-13233 0
273 0 clueweb12-1002wb-27-30813 0
273 0 clueweb12-1707wb-61-23754 0
273 0 clueweb12-0812wb-87-04255 0
273 0 clueweb12-0409wb-96-19884 0
273 0 clueweb12-1804wb-97-19874 0
273 0 clueweb12-0302wb-35-29227 0
274 0 clueweb12-1015wb-14-04922 0
274 0 clueweb12-0000wb-31-33974 0
274 0 clueweb12-1304wb-58-04312 0
274 0 clueweb12-1904wb-93-10279 0
274 0 clueweb12-0501wb-71-24159 0
274 0 clueweb12-1912wb-56-10915 1
274 0 clueweb12-1912wb-56-10914 1
274 0 clueweb12-0301wb-13-19167 1
274 0 clueweb12-0301wb-06-20568 1
274 0 clueweb12-1912wb-56-10924 1
274 0 clueweb12-1912wb-56-10923 1
274 0 clueweb12-0300wb-90-13982 1
274 0 clueweb12-0300wb-90-13981 1
274 0 clueweb12-1912wb-56-10902 1
274 0 clueweb12-0301wb-06-20559 1
274 0 clueweb12-1020wb-17-13911 1
274 0 clueweb12-0300wb-98-20074 1
274 0 clueweb12-0300wb-90-13980 1
274 0 clueweb12-1912wb-57-31650 0
274 0 clueweb12-1018wb-75-02946 1
274 0 clueweb12-1912wb-57-31663 1
274 0 clueweb12-0301wb-06-20558 1
274 0 clueweb12-1912wb-56-10922 1
274 0 clueweb12-0301wb-18-21386 1
274 0 clueweb12-0301wb-18-21387 1
274 0 clueweb12-0210wb-50-34125 0
274 0 clueweb12-1911wb-88-17763 1
274 0 clueweb12-0301wb-06-20563 1
274 0 clueweb12-0200wb-33-16916 0
274 0 clueweb12-0111wb-55-13689 0
274 0 clueweb12-0109wb-51-26395 0
274 0 clueweb12-0108wb-87-28135 0
274 0 clueweb12-1020wb-17-13902 0
274 0 clueweb12-1912wb-13-08301 0
274 0 clueweb12-0211wb-50-23325 0
274 0 clueweb12-1020wb-17-13907 0
274 0 clueweb12-1912wb-62-19427 0
274 0 clueweb12-0301wb-27-05902 0
274 0 clueweb12-1018wb-61-22384 0
274 0 clueweb12-1020wb-17-13906 0
274 0 clueweb12-0400tw-91-10851 1
274 0 clueweb12-0700wb-84-06229 0
274 0 clueweb12-0400tw-91-10852 1
274 0 clueweb12-1912wb-35-02094 0
274 0 clueweb12-0004wb-12-11995 0
274 0 clueweb12-1912wb-40-29817 0
274 0 clueweb12-1004wb-53-02244 0
274 0 clueweb12-0100wb-32-20490 1
274 0 clueweb12-0601wb-71-19046 1
274 0 clueweb12-1100wb-65-22672 0
275 0 clueweb12-0406wb-36-17811 0
275 0 clueweb12-0012wb-26-20810 0
275 0 clueweb12-1214wb-80-18633 0
275 0 clueweb12-0102wb-76-00563 1
275 0 clueweb12-1008wb-52-02429 0
275 0 clueweb12-1913wb-35-26319 1
275 0 clueweb12-1913wb-35-26323 1
275 0 clueweb12-1914wb-08-05825 1
275 0 clueweb12-1914wb-08-05826 1
275 0 clueweb12-1914wb-08-05848 1
275 0 clueweb12-1207wb-26-16975 0
275 0 clueweb12-1914wb-22-31675 1
275 0 clueweb12-0102wb-82-31172 0
275 0 clueweb12-0406wb-61-04924 0
275 0 clueweb12-0401wb-39-10093 0
275 0 clueweb12-1914wb-08-05834 1
275 0 clueweb12-1716wb-33-20508 1
275 0 clueweb12-1913wb-12-14499 1
275 0 clueweb12-1205wb-05-21360 0
275 0 clueweb12-0208wb-91-08248 0
275 0 clueweb12-0406wb-26-12629 0
275 0 clueweb12-0715wb-28-03648 0
275 0 clueweb12-1701wb-11-07695 0
275 0 clueweb12-1316wb-37-28592 0
275 0 clueweb12-1913wb-35-26310 1
275 0 clueweb12-1914wb-08-05835 1
275 0 clueweb12-0306wb-88-03739 0
275 0 clueweb12-1914wb-08-05793 1
275 0 clueweb12-1914wb-22-31676 1
275 0 clueweb12-1914wb-08-05794 1
275 0 clueweb12-1206wb-70-04179 0
275 0 clueweb12-1914wb-08-05827 1
275 0 clueweb12-1900tw-32-20698 0
275 0 clueweb12-1406wb-49-07445 0
275 0 clueweb12-1807wb-33-22821 0
275 0 clueweb12-0012wb-37-30673 0
275 0 clueweb12-0101wb-81-22612 1
275 0 clueweb12-0813wb-62-13181 1
275 0 clueweb12-1600wb-49-30846 0
275 0 clueweb12-0006wb-46-05032 0
275 0 clueweb12-1106wb-21-07564 0
275 0 clueweb12-1808wb-76-19723 0
275 0 clueweb12-0611wb-36-17266 0
275 0 clueweb12-0607wb-29-01304 0
275 0 clueweb12-0210wb-95-10362 0
275 0 clueweb12-0805wb-16-03045 1
275 0 clueweb12-0007wb-51-22087 0
275 0 clueweb12-1813wb-65-11875 0
275 0 clueweb12-1715wb-98-01961 0
275 0 clueweb12-0808wb-11-04728 0
276 0 clueweb12-0804wb-79-26797 1
276 0 clueweb12-1502wb-03-00724 1
276 0 clueweb12-0805wb-13-01645 1
276 0 clueweb12-0406wb-13-16074 1
276 0 clueweb12-1716wb-71-08211 0
276 0 clueweb12-0000wb-37-27508 1
276 0 clueweb12-1800wb-78-24058 0
276 0 clueweb12-1208wb-72-14454 1
276 0 clueweb12-0700wb-19-21526 1
276 0 clueweb12-0000wb-66-03540 1
276 0 clueweb12-0000wb-00-37000 1
276 0 clueweb12-1008wb-68-28609 0
276 0 clueweb12-1003wb-83-22721 1
276 0 clueweb12-0609wb-60-29602 1
276 0 clueweb12-1007wb-28-23729 0
276 0 clueweb12-0103wb-39-28956 1
276 0 clueweb12-1210wb-91-20403 1
276 0 clueweb12-1204wb-01-19171 1
276 0 clueweb12-1204wb-01-19177 1
276 0 clueweb12-1311wb-84-15045 0
276 0 clueweb12-1407wb-59-01198 0
276 0 clueweb12-1020wb-51-16264 1
276 0 clueweb12-1406wb-79-02767 0
276 0 clueweb12-0601wb-59-28365 1
276 0 clueweb12-1704wb-80-03063 1
276 0 clueweb12-0305wb-19-01334 1
276 0 clueweb12-1200wb-83-12351 1
276 0 clueweb12-1801wb-82-16440 1
276 0 clueweb12-0812wb-09-18577 1
276 0 clueweb12-0006wb-01-08156 1
276 0 clueweb12-0010wb-58-17252 1
276 0 clueweb12-1311wb-13-05485 0
276 0 clueweb12-0003wb-36-32729 0
276 0 clueweb12-0002wb-19-07224 1
276 0 clueweb12-1115wb-67-05771 0
276 0 clueweb12-1115wb-67-05772 0
276 0 clueweb12-1115wb-67-05769 0
276 0 clueweb12-1115wb-67-05770 0
276 0 clueweb12-1804wb-02-29484 0
276 0 clueweb12-0206wb-59-15108 1
276 0 clueweb12-0306wb-50-33917 0
276 0 clueweb12-1204wb-01-19175 0
276 0 clueweb12-0709wb-79-00723 1
276 0 clueweb12-0504wb-34-08591 1
276 0 clueweb12-0505wb-13-18637 1
276 0 clueweb12-0406wb-72-30724 1
276 0 clueweb12-0814wb-55-02847 1
276 0 clueweb12-0500wb-05-23255 1
276 0 clueweb12-1802wb-06-02382 0
276 0 clueweb12-1109wb-37-03034 1
277 0 clueweb12-0103wb-30-08005 0
277 0 clueweb12-0006wb-89-25651 0
277 0 clueweb12-0012wb-82-16841 0
277 0 clueweb12-1115wb-70-10897 1
277 0 clueweb12-1116wb-12-15977 1
277 0 clueweb12-1113wb-81-07411 1
277 0 clueweb12-1116wb-24-18652 1
277 0 clueweb12-1116wb-20-08392 1
277 0 clueweb12-1115wb-82-27919 1
277 0 clueweb12-0202wb-78-01741 1
277 0 clueweb12-1115wb-76-16920 1
277 0 clueweb12-0601wb-79-29321 0
277 0 clueweb12-0709wb-93-16709 0
277 0 clueweb12-1116wb-20-08393 1
277 0 clueweb12-1000tw-88-00617 0
277 0 clueweb12-0103wb-68-26039 0
277 0 clueweb12-0401wb-52-06342 0
277 0 clueweb12-1114wb-29-12902 0
277 0 clueweb12-0103wb-38-35356 0
277 0 clueweb12-1116wb-12-15978 1
277 0 clueweb12-1000tw-88-00616 0
277 0 clueweb12-1113wb-64-19328 1
277 0 clueweb12-1400tw-16-05969 0
277 0 clueweb12-0103wb-49-07749 0
277 0 clueweb12-1117wb-72-27034 0
277 0 clueweb12-1800tw-50-08662 1
277 0 clueweb12-1117wb-69-23240 0
277 0 clueweb12-1500tw-71-05795 0
277 0 clueweb12-1110wb-83-16900 0
277 0 clueweb12-1212wb-26-00395 0
277 0 clueweb12-1110wb-79-06865 0
277 0 clueweb12-0111wb-04-30680 1
277 0 clueweb12-0111wb-24-08783 1
277 0 clueweb12-1808wb-37-10293 0
277 0 clueweb12-1207wb-45-05361 0
277 0 clueweb12-1412wb-32-07370 0
277 0 clueweb12-0412wb-12-22392 0
277 0 clueweb12-0200wb-89-02833 0
277 0 clueweb12-0407wb-31-12184 0
277 0 clueweb12-0007wb-69-04946 1
277 0 clueweb12-0912wb-54-03488 0
277 0 clueweb12-0206wb-25-29277 0
277 0 clueweb12-1709wb-72-21786 1
277 0 clueweb12-0904wb-11-06920 0
277 0 clueweb12-1700wb-37-10123 0
277 0 clueweb12-0100wb-21-22041 0
277 0 clueweb12-1018wb-73-19357 0
277 0 clueweb12-1500tw-41-20731 0
277 0 clueweb12-1207wb-82-12620 0
277 0 clueweb12-0411wb-96-25607 1
278 0 clueweb12-1904wb-00-14593 0
278 0 clueweb12-0005wb-69-26100 0
278 0 clueweb12-1813wb-23-11400 0
278 0 clueweb12-0405wb-79-26150 0
278 0 clueweb12-0201wb-78-29928 0
278 0 clueweb12-1904wb-28-11121 0
278 0 clueweb12-1511wb-18-14470 0
278 0 clueweb12-1901wb-36-12567 0
278 0 clueweb12-1903wb-74-12603 0
278 0 clueweb12-0109wb-24-20724 0
278 0 clueweb12-1409wb-59-21803 0
278 0 clueweb12-1904wb-03-07429 0
278 0 clueweb12-1208wb-51-23416 0
278 0 clueweb12-0203wb-51-33577 0
278 0 clueweb12-1615wb-62-22764 0
278 0 clueweb12-0713wb-53-13442 0
278 0 clueweb12-0400wb-27-09937 0
278 0 clueweb12-0209wb-49-05333 0
278 0 clueweb12-0800wb-47-00335 0
278 0 clueweb12-0109wb-24-20725 0
278 0 clueweb12-1100tw-17-11936 0
278 0 clueweb12-1000tw-98-05069 0
278 0 clueweb12-1012wb-48-08757 0
278 0 clueweb12-0010wb-63-12286 0
278 0 clueweb12-1504wb-23-05190 0
278 0 clueweb12-1012wb-48-08754 0
278 0 clueweb12-0602wb-95-15283 0
278 0 clueweb12-0106wb-60-14113 0
278 0 clueweb12-1000tw-05-20424 0
278 0 clueweb12-0304wb-60-11184 0
278 0 clueweb12-1206wb-96-02421 0
278 0 clueweb12-0603wb-66-03300 0
278 0 clueweb12-0920wb-00-05718 0
278 0 clueweb12-0001wb-60-03995 0
278 0 clueweb12-1411wb-99-04863 0
278 0 clueweb12-0716wb-04-12266 0
278 0 clueweb12-0005wb-77-26735 0
278 0 clueweb12-0103wb-52-20746 0
278 0 clueweb12-1009wb-68-02011 0
278 0 clueweb12-1016wb-37-13490 0
278 0 clueweb12-0914wb-73-19756 0
278 0 clueweb12-1017wb-80-07773 0
278 0 clueweb12-0806wb-76-04556 0
278 0 clueweb12-1012wb-59-27061 0
278 0 clueweb12-0001wb-57-36942 0
278 0 clueweb12-1006wb-74-08027 0
278 0 clueweb12-1012wb-59-27058 0
278 0 clueweb12-0400tw-87-17266 0
278 0 clueweb12-0004wb-38-00440 0
278 0 clueweb12-1716wb-50-06353 0
279 0 clueweb12-0300tw-69-00239 1
279 0 clueweb12-1405wb-50-01995 1
279 0 clueweb12-0918wb-58-27296 0
279 0 clueweb12-1007wb-25-22531 0
279 0 clueweb12-0201wb-45-10015 1
279 0 clueweb12-0108wb-89-23174 1
279 0 clueweb12-1503wb-58-06376 0
279 0 clueweb12-0905wb-23-06445 0
279 0 clueweb12-0403wb-99-20345 1
279 0 clueweb12-0110wb-27-10848 1
279 0 clueweb12-0606wb-80-35396 1
279 0 clueweb12-1701wb-87-23802 1
279 0 clueweb12-1512wb-49-02527 0
279 0 clueweb12-1511wb-99-25778 0
279 0 clueweb12-0403wb-42-13788 1
279 0 clueweb12-0606wb-31-12834 0
279 0 clueweb12-0109wb-89-33908 1
279 0 clueweb12-1305wb-80-12741 1
279 0 clueweb12-1515wb-82-29131 1
279 0 clueweb12-0010wb-14-25763 1
279 0 clueweb12-0301wb-22-11039 1
279 0 clueweb12-0309wb-85-17519 0
279 0 clueweb12-0202wb-61-28328 0
279 0 clueweb12-0205wb-12-21500 1
279 0 clueweb12-0109wb-74-08310 1
279 0 clueweb12-0900wb-14-14674 0
279 0 clueweb12-1713wb-68-17086 1
279 0 clueweb12-0612wb-08-10903 0
279 0 clueweb12-0205wb-38-15215 0
279 0 clueweb12-0303wb-79-26282 1
279 0 clueweb12-0309wb-32-23672 0
279 0 clueweb12-0111wb-59-08897 0
279 0 clueweb12-0404wb-00-02434 1
279 0 clueweb12-0212wb-02-24785 1
279 0 clueweb12-0510wb-25-12883 1
279 0 clueweb12-0010wb-98-05310 0
279 0 clueweb12-0008wb-44-03536 0
279 0 clueweb12-0600wb-02-28479 1
279 0 clueweb12-0205wb-61-33098 0
279 0 clueweb12-0607wb-89-20928 1
279 0 clueweb12-0006wb-40-16350 1
279 0 clueweb12-0202wb-11-05435 0
279 0 clueweb12-0012wb-54-24940 0
279 0 clueweb12-0408wb-76-05667 0
279 0 clueweb12-1020wb-09-10969 1
279 0 clueweb12-0110wb-01-24312 0
279 0 clueweb12-0909wb-45-17578 1
279 0 clueweb12-0502wb-10-04810 0
279 0 clueweb12-0311wb-49-28610 0
279 0 clueweb12-1407wb-11-26223 1
280 0 clueweb12-1808wb-23-20870 0
280 0 clueweb12-0910wb-12-14686 0
280 0 clueweb12-0211wb-88-20226 1
280 0 clueweb12-1806wb-73-08348 0
280 0 clueweb12-1414wb-87-13997 1
280 0 clueweb12-0205wb-61-31751 0
280 0 clueweb12-0713wb-28-11850 1
280 0 clueweb12-0700wb-14-21191 1
280 0 clueweb12-1800tw-15-13822 0
280 0 clueweb12-1808wb-01-07275 1
280 0 clueweb12-0503wb-50-00165 1
280 0 clueweb12-0900tw-18-20192 1
280 0 clueweb12-0901wb-54-18460 0
280 0 clueweb12-0812wb-86-18993 0
280 0 clueweb12-0006wb-33-06958 1
280 0 clueweb12-0814wb-95-26948 0
280 0 clueweb12-1108wb-12-17377 1
280 0 clueweb12-1509wb-46-10477 1
280 0 clueweb12-0602wb-09-09997 1
280 0 clueweb12-0714wb-76-03215 1
280 0 clueweb12-0901wb-54-18461 0
280 0 clueweb12-0713wb-10-18471 0
280 0 clueweb12-1701wb-77-15796 0
280 0 clueweb12-1302wb-94-13025 1
280 0 clueweb12-0713wb-28-11826 0
280 0 clueweb12-1218wb-35-28701 1
280 0 clueweb12-0108wb-52-06550 1
280 0 clueweb12-0109wb-28-04433 1
280 0 clueweb12-0710wb-73-20136 1
280 0 clueweb12-0406wb-79-00909 1
280 0 clueweb12-0507wb-21-21036 1
280 0 clueweb12-0105wb-96-04117 0
280 0 clueweb12-0304wb-26-05748 0
280 0 clueweb12-0410wb-35-24286 1
280 0 clueweb12-1018wb-64-19983 0
280 0 clueweb12-0700wb-64-20084 0
280 0 clueweb12-0200wb-18-14932 1
280 0 clueweb12-1714wb-67-04833 0
280 0 clueweb12-0201wb-95-09384 1
280 0 clueweb12-1509wb-43-24432 1
280 0 clueweb12-0003wb-22-09848 1
280 0 clueweb12-0200wb-27-21261 1
280 0 clueweb12-1312wb-96-20834 1
280 0 clueweb12-0603wb-55-00242 1
280 0 clueweb12-0108wb-45-11415 1
280 0 clueweb12-0109wb-32-14538 1
280 0 clueweb12-0200wb-04-00431 1
280 0 clueweb12-0814wb-95-26946 0
280 0 clueweb12-0312wb-31-24124 0
280 0 clueweb12-1800wb-65-24497 0
281 0 clueweb12-1802wb-17-01430 1
281 0 clueweb12-0004wb-73-12238 1
281 0 clueweb12-0000wb-02-07689 1
281 0 clueweb12-1000tw-14-17824 1
281 0 clueweb12-0002wb-60-15371 1
281 0 clueweb12-0000wb-47-03199 1
281 0 clueweb12-1101wb-57-07890 0
281 0 clueweb12-0900tw-35-07703 1
281 0 clueweb12-1804wb-22-21282 1
281 0 clueweb12-0205wb-42-23537 1
281 0 clueweb12-1802wb-17-01433 0
281 0 clueweb12-0105wb-06-26818 1
281 0 clueweb12-0711wb-29-01290 1
281 0 clueweb12-0005wb-18-13022 1
281 0 clueweb12-1812wb-82-20454 0
281 0 clueweb12-0211wb-11-08240 1
281 0 clueweb12-1803wb-86-23505 0
281 0 clueweb12-1910wb-37-20153 0
281 0 clueweb12-0512wb-55-29635 1
281 0 clueweb12-0512wb-10-12955 1
281 0 clueweb12-1206wb-95-08138 0
281 0 clueweb12-0108wb-92-11229 1
281 0 clueweb12-0106wb-54-17394 1
281 0 clueweb12-1803wb-66-16735 0
281 0 clueweb12-0001wb-78-18008 1
281 0 clueweb12-0505wb-55-24955 1
281 0 clueweb12-0710wb-02-01445 1
281 0 clueweb12-0818wb-68-20423 1
281 0 clueweb12-0707wb-88-07316 1
281 0 clueweb12-1803wb-66-16736 0
281 0 clueweb12-1802wb-17-01419 1
281 0 clueweb12-1005wb-26-26151 1
281 0 clueweb12-0711wb-29-01289 1
281 0 clueweb12-0205wb-16-01378 0
281 0 clueweb12-1105wb-10-22195 0
281 0 clueweb12-0003wb-35-15874 1
281 0 clueweb12-0007wb-89-17697 1
281 0 clueweb12-1010wb-36-09399 1
281 0 clueweb12-0710wb-97-00233 0
281 0 clueweb12-0815wb-85-13470 0
281 0 clueweb12-1019wb-19-06403 1
281 0 clueweb12-0710wb-97-00234 0
281 0 clueweb12-0201wb-48-10117 1
281 0 clueweb12-0110wb-61-17779 0
281 0 clueweb12-0104wb-14-17539 0
281 0 clueweb12-0900tw-23-13239 0
281 0 clueweb12-0109wb-68-33161 1
281 0 clueweb12-0106wb-40-18074 1
281 0 clueweb12-1412wb-84-27490 0
281 0 clueweb12-1715wb-55-27972 1
282 0 clueweb12-0913wb-55-26324 1
282 0 clueweb12-1303wb-55-08405 1
282 0 clueweb12-1303wb-65-09705 1
282 0 clueweb12-0100wb-62-13191 0
282 0 clueweb12-1107wb-71-07936 1
282 0 clueweb12-1514wb-68-31763 1
282 0 clueweb12-1104wb-55-14368 1
282 0 clueweb12-1103wb-59-34416 1
282 0 clueweb12-1104wb-67-01747 1
282 0 clueweb12-1103wb-97-08303 1
282 0 clueweb12-1103wb-59-34415 1
282 0 clueweb12-1108wb-04-25684 1
282 0 clueweb12-0103wb-57-21579 1
282 0 clueweb12-1303wb-58-13959 1
282 0 clueweb12-1107wb-63-15804 1
282 0 clueweb12-0100wb-06-03964 1
282 0 clueweb12-0300wb-74-22670 1
282 0 clueweb12-0915wb-33-24278 1
282 0 clueweb12-0000wb-71-21209 1
282 0 clueweb12-0309wb-11-24825 1
282 0 clueweb12-0405wb-00-25777 0
282 0 clueweb12-1303wb-58-13960 1
282 0 clueweb12-0407wb-29-06378 0
282 0 clueweb12-0110wb-38-11887 1
282 0 clueweb12-0310wb-35-02461 1
282 0 clueweb12-1311wb-09-24543 0
282 0 clueweb12-1004wb-69-27832 0
282 0 clueweb12-1004wb-78-10120 0
282 0 clueweb12-0511wb-88-29629 0
282 0 clueweb12-1712wb-09-17024 0
282 0 clueweb12-0301wb-01-07299 0
282 0 clueweb12-0300wb-09-23421 0
282 0 clueweb12-1201wb-38-06375 0
282 0 clueweb12-0013wb-06-08002 0
282 0 clueweb12-1202wb-50-13384 0
282 0 clueweb12-0409wb-10-16221 0
282 0 clueweb12-0104wb-04-21749 0
282 0 clueweb12-0400tw-14-16626 1
282 0 clueweb12-1303wb-55-08406 0
282 0 clueweb12-0800tw-63-01468 1
282 0 clueweb12-0106wb-27-08426 1
282 0 clueweb12-0915wb-75-11888 0
282 0 clueweb12-0301wb-55-20811 0
282 0 clueweb12-1003wb-76-19841 0
282 0 clueweb12-0009wb-65-03218 1
282 0 clueweb12-0005wb-89-11233 1
282 0 clueweb12-0912wb-29-03943 1
282 0 clueweb12-0006wb-57-18459 1
282 0 clueweb12-0601wb-99-04349 1
282 0 clueweb12-0911wb-61-19893 1
283 0 clueweb12-1509wb-05-04527 1
283 0 clueweb12-1509wb-79-13136 1
283 0 clueweb12-1509wb-83-07083 1
283 0 clueweb12-1509wb-83-07084 1
283 0 clueweb12-1509wb-79-13135 1
283 0 clueweb12-1509wb-50-22508 1
283 0 clueweb12-1509wb-05-04526 1
283 0 clueweb12-1509wb-50-22502 1
283 0 clueweb12-1509wb-50-22501 1
283 0 clueweb12-1509wb-83-07078 1
283 0 clueweb12-1509wb-83-07076 1
283 0 clueweb12-1509wb-45-19790 1
283 0 clueweb12-1509wb-83-07077 1
283 0 clueweb12-1509wb-50-22504 1
283 0 clueweb12-1509wb-50-22503 1
283 0 clueweb12-1509wb-49-21558 1
283 0 clueweb12-1509wb-79-13137 1
283 0 clueweb12-1509wb-79-13138 1
283 0 clueweb12-1509wb-02-12542 1
283 0 clueweb12-1509wb-79-13134 1
283 0 clueweb12-1509wb-83-07081 1
283 0 clueweb12-1509wb-79-13133 1
283 0 clueweb12-1509wb-83-07079 1
283 0 clueweb12-1509wb-83-07080 1
283 0 clueweb12-1509wb-83-07082 1
283 0 clueweb12-1509wb-05-04525 1
283 0 clueweb12-1509wb-49-21559 1
283 0 clueweb12-1509wb-50-22507 1
283 0 clueweb12-1509wb-05-04528 1
283 0 clueweb12-1509wb-50-22509 1
283 0 clueweb12-1509wb-50-22510 1
283 0 clueweb12-1509wb-02-12540 1
283 0 clueweb12-1509wb-50-22511 1
283 0 clueweb12-1509wb-02-12541 1
283 0 clueweb12-1509wb-50-22505 0
283 0 clueweb12-1914wb-00-14563 1
283 0 clueweb12-1803wb-67-25337 1
283 0 clueweb12-0811wb-68-09896 1
283 0 clueweb12-1116wb-35-04326 1
283 0 clueweb12-1011wb-87-11384 1
283 0 clueweb12-1013wb-30-09411 1
283 0 clueweb12-0612wb-40-29168 1
283 0 clueweb12-0000tw-32-11822 0
283 0 clueweb12-0008wb-65-12299 1
283 0 clueweb12-0008wb-65-12303 1
283 0 clueweb12-1411wb-43-15935 1
283 0 clueweb12-0906wb-70-25783 1
283 0 clueweb12-0905wb-55-09616 1
283 0 clueweb12-1411wb-48-06836 1
283 0 clueweb12-0906wb-70-25780 1
284 0 clueweb12-1908wb-53-28430 1
284 0 clueweb12-1106wb-10-10838 1
284 0 clueweb12-1900wb-01-22959 1
284 0 clueweb12-0207wb-81-13618 1
284 0 clueweb12-0300wb-37-17557 1
284 0 clueweb12-0106wb-80-33652 1
284 0 clueweb12-0201wb-25-13063 1
284 0 clueweb12-0201wb-34-04887 1
284 0 clueweb12-1117wb-35-31711 1
284 0 clueweb12-1909wb-88-30503 1
284 0 clueweb12-1905wb-83-26162 0
284 0 clueweb12-0203wb-66-25744 1
284 0 clueweb12-1905wb-08-01946 1
284 0 clueweb12-0203wb-58-31278 1
284 0 clueweb12-1909wb-97-07073 1
284 0 clueweb12-1908wb-12-17819 1
284 0 clueweb12-1808wb-01-10547 1
284 0 clueweb12-0203wb-42-19664 1
284 0 clueweb12-0107wb-31-26743 1
284 0 clueweb12-0201wb-15-14093 1
284 0 clueweb12-1905wb-32-14112 1
284 0 clueweb12-0302wb-01-11839 1
284 0 clueweb12-0203wb-89-07431 1
284 0 clueweb12-1514wb-66-26264 1
284 0 clueweb12-1300tw-08-16111 1
284 0 clueweb12-1502wb-47-12260 0
284 0 clueweb12-0203wb-89-07429 1
284 0 clueweb12-0211wb-91-25902 1
284 0 clueweb12-0211wb-84-32635 1
284 0 clueweb12-0303wb-35-13882 1
284 0 clueweb12-1907wb-18-00295 1
284 0 clueweb12-1907wb-02-19412 1
284 0 clueweb12-0209wb-42-10770 1
284 0 clueweb12-1500tw-10-02441 1
284 0 clueweb12-1514wb-77-28993 1
284 0 clueweb12-0201wb-52-14802 1
284 0 clueweb12-0203wb-26-21716 1
284 0 clueweb12-1905wb-91-17842 1
284 0 clueweb12-0211wb-91-25903 1
284 0 clueweb12-1802wb-42-09022 1
284 0 clueweb12-1906wb-69-02054 1
284 0 clueweb12-1021wb-14-07859 1
284 0 clueweb12-1907wb-02-19406 1
284 0 clueweb12-0203wb-80-05752 1
284 0 clueweb12-0108wb-78-27419 0
284 0 clueweb12-1808wb-13-12029 1
284 0 clueweb12-1810wb-33-01112 1
284 0 clueweb12-1502wb-19-01071 1
284 0 clueweb12-1505wb-58-03816 1
284 0 clueweb12-1907wb-84-19315 0
285 0 clueweb12-0917wb-01-20869 1
285 0 clueweb12-1811wb-79-17998 1
285 0 clueweb12-1814wb-13-02407 1
285 0 clueweb12-1408wb-16-23358 1
285 0 clueweb12-0508wb-54-01504 1
285 0 clueweb12-0800wb-00-06063 1
285 0 clueweb12-1600wb-84-03931 1
285 0 clueweb12-0100tw-83-19482 0
285 0 clueweb12-0202wb-69-08637 1
285 0 clueweb12-0005wb-04-16439 1
285 0 clueweb12-0202wb-13-26678 1
285 0 clueweb12-0918wb-60-21059 0
285 0 clueweb12-1402wb-15-06423 1
285 0 clueweb12-0204wb-68-06641 1
285 0 clueweb12-0202wb-85-33777 1
285 0 clueweb12-0203wb-02-31312 1
285 0 clueweb12-1002wb-20-06531 0
285 0 clueweb12-0000wb-76-38493 1
285 0 clueweb12-0205wb-03-30363 1
285 0 clueweb12-0402wb-94-31233 1
285 0 clueweb12-0012wb-41-05600 1
285 0 clueweb12-0402wb-94-31217 1
285 0 clueweb12-0203wb-23-05795 1
285 0 clueweb12-0911wb-42-23622 1
285 0 clueweb12-0101wb-70-20294 1
285 0 clueweb12-0002wb-56-22026 1
285 0 clueweb12-0207wb-36-07647 1
285 0 clueweb12-0412wb-14-03954 1
285 0 clueweb12-1103wb-53-17141 1
285 0 clueweb12-1005wb-38-00857 1
285 0 clueweb12-1118wb-63-16766 0
285 0 clueweb12-1405wb-04-14426 1
285 0 clueweb12-0919wb-12-25689 0
285 0 clueweb12-0202wb-69-08639 1
285 0 clueweb12-0200wb-36-15715 0
285 0 clueweb12-0010wb-64-15286 1
285 0 clueweb12-0202wb-77-28040 1
285 0 clueweb12-0202wb-27-20013 1
285 0 clueweb12-0917wb-37-12196 0
285 0 clueweb12-0202wb-27-20014 1
285 0 clueweb12-0207wb-39-13872 1
285 0 clueweb12-1806wb-10-14646 1
285 0 clueweb12-1007wb-81-31092 0
285 0 clueweb12-0207wb-36-07642 1
285 0 clueweb12-0806wb-24-33408 0
285 0 clueweb12-1912wb-62-28012 0
285 0 clueweb12-0810wb-67-04063 0
285 0 clueweb12-0002wb-43-36682 1
285 0 clueweb12-0912wb-50-08838 1
285 0 clueweb12-1103wb-99-21625 0
286 0 clueweb12-1713wb-47-24348 1
286 0 clueweb12-0709wb-98-02228 1
286 0 clueweb12-0406wb-60-02344 1
286 0 clueweb12-0600wb-82-26179 1
286 0 clueweb12-1404wb-00-29423 0
286 0 clueweb12-1913wb-23-26690 0
286 0 clueweb12-0004wb-87-05564 0
286 0 clueweb12-0108wb-95-28525 0
286 0 clueweb12-0103wb-58-04489 0
286 0 clueweb12-0104wb-50-00674 1
286 0 clueweb12-1909wb-59-19048 1
286 0 clueweb12-0801wb-93-24405 1
286 0 clueweb12-0500wb-15-08470 0
286 0 clueweb12-0304wb-11-04721 0
286 0 clueweb12-0102wb-41-29031 1
286 0 clueweb12-0209wb-15-25751 1
286 0 clueweb12-1512wb-12-11371 0
286 0 clueweb12-0211wb-46-17851 0
286 0 clueweb12-0009wb-98-21549 1
286 0 clueweb12-0011wb-99-09921 1
286 0 clueweb12-0309wb-38-19902 1
286 0 clueweb12-0311wb-13-19196 1
286 0 clueweb12-0509wb-81-27658 1
286 0 clueweb12-0311wb-80-21894 1
286 0 clueweb12-1611wb-24-20587 1
286 0 clueweb12-0006wb-43-29852 1
286 0 clueweb12-0001wb-08-30955 1
286 0 clueweb12-0006wb-68-21443 1
286 0 clueweb12-0006wb-37-14076 1
286 0 clueweb12-1107wb-96-20947 1
286 0 clueweb12-1019wb-53-23135 1
286 0 clueweb12-1413wb-42-33976 1
286 0 clueweb12-0209wb-04-09507 1
286 0 clueweb12-0006wb-37-14082 1
286 0 clueweb12-0603wb-75-12456 1
286 0 clueweb12-0309wb-14-23825 0
286 0 clueweb12-0212wb-15-28368 0
286 0 clueweb12-0209wb-67-19499 0
286 0 clueweb12-1110wb-27-02515 0
286 0 clueweb12-1301wb-02-09478 0
286 0 clueweb12-0916wb-57-11641 0
286 0 clueweb12-0201wb-96-12585 0
286 0 clueweb12-0308wb-93-05906 0
286 0 clueweb12-0310wb-40-25632 0
286 0 clueweb12-1409wb-49-04390 0
286 0 clueweb12-0307wb-53-10952 0
286 0 clueweb12-1607wb-31-29046 0
286 0 clueweb12-0714wb-72-04285 0
286 0 clueweb12-0011wb-50-20921 0
286 0 clueweb12-0307wb-24-15994 0
287 0 clueweb12-0817wb-25-15773 1
287 0 clueweb12-1311wb-99-15375 1
287 0 clueweb12-1205wb-23-07264 1
287 0 clueweb12-0206wb-09-26211 1
287 0 clueweb12-1021wb-00-09466 1
287 0 clueweb12-1600wb-84-18233 0
287 0 clueweb12-1204wb-91-03885 1
287 0 clueweb12-1912wb-52-26855 1
287 0 clueweb12-1515wb-83-19937 0
287 0 clueweb12-1505wb-79-06860 1
287 0 clueweb12-1101wb-78-01127 1
287 0 clueweb12-0901wb-02-25108 1
287 0 clueweb12-0816wb-93-23351 1
287 0 clueweb12-0508wb-75-03227 1
287 0 clueweb12-0511wb-61-15703 1
287 0 clueweb12-1710wb-51-09108 1
287 0 clueweb12-1515wb-83-19935 0
287 0 clueweb12-1204wb-65-03488 1
287 0 clueweb12-0310wb-48-08260 1
287 0 clueweb12-0310wb-48-08247 1
287 0 clueweb12-1912wb-52-26858 0
287 0 clueweb12-1200wb-75-14100 0
287 0 clueweb12-1912wb-58-13094 0
287 0 clueweb12-1515wb-83-19944 0
287 0 clueweb12-0103wb-36-10311 0
287 0 clueweb12-1515wb-87-08752 0
287 0 clueweb12-1502wb-13-27336 0
287 0 clueweb12-1900wb-84-23157 0
287 0 clueweb12-1515wb-90-18085 0
287 0 clueweb12-1020wb-28-27837 0
287 0 clueweb12-0103wb-87-16217 1
287 0 clueweb12-0411wb-63-07994 1
287 0 clueweb12-1804wb-95-08485 0
287 0 clueweb12-1312wb-98-02284 0
287 0 clueweb12-0106wb-14-15659 0
287 0 clueweb12-1411wb-37-21740 0
287 0 clueweb12-1411wb-11-23998 0
287 0 clueweb12-0603wb-68-24841 1
287 0 clueweb12-0610wb-06-12589 0
287 0 clueweb12-0200wb-19-13136 1
287 0 clueweb12-0902wb-00-07601 1
287 0 clueweb12-0818wb-31-00330 1
287 0 clueweb12-0918wb-26-05328 1
287 0 clueweb12-0818wb-24-21240 1
287 0 clueweb12-0207wb-40-09030 1
287 0 clueweb12-0207wb-40-09029 1
287 0 clueweb12-0106wb-98-05992 1
287 0 clueweb12-0309wb-61-01518 1
287 0 clueweb12-0310wb-13-12141 1
287 0 clueweb12-0609wb-47-07565 1
288 0 clueweb12-0003wb-22-13790 1
288 0 clueweb12-1018wb-57-17604 0
288 0 clueweb12-0200tw-48-13392 0
288 0 clueweb12-0001wb-84-32261 1
288 0 clueweb12-0401tw-09-19675 0
288 0 clueweb12-0206wb-21-02680 1
288 0 clueweb12-0209wb-27-11625 1
288 0 clueweb12-1107wb-11-00183 1
288 0 clueweb12-1107wb-15-04768 1
288 0 clueweb12-0001wb-37-11643 0
288 0 clueweb12-0000wb-83-16122 1
288 0 clueweb12-0300tw-01-10259 0
288 0 clueweb12-1021wb-11-09865 1
288 0 clueweb12-1513wb-89-14514 0
288 0 clueweb12-1513wb-39-26729 0
288 0 clueweb12-1016wb-43-04555 1
288 0 clueweb12-0301tw-46-00344 0
288 0 clueweb12-1606wb-85-05801 1
288 0 clueweb12-1802wb-03-20736 0
288 0 clueweb12-1311wb-04-09024 1
288 0 clueweb12-1000tw-53-15767 1
288 0 clueweb12-1313wb-43-14261 1
288 0 clueweb12-1312wb-38-09619 1
288 0 clueweb12-0002wb-44-04260 0
288 0 clueweb12-1401wb-53-23705 1
288 0 clueweb12-1401wb-40-23315 1
288 0 clueweb12-1401wb-57-01020 1
288 0 clueweb12-1401wb-57-01019 1
288 0 clueweb12-1401wb-53-23711 1
288 0 clueweb12-1600tw-29-09781 1
288 0 clueweb12-1700tw-30-11859 1
288 0 clueweb12-1700tw-28-15437 1
288 0 clueweb12-1513wb-13-24908 1
288 0 clueweb12-0200wb-34-09756 1
288 0 clueweb12-0109wb-36-26822 1
288 0 clueweb12-0713wb-51-23685 0
288 0 clueweb12-1600tw-45-17902 1
288 0 clueweb12-1215wb-93-11588 1
288 0 clueweb12-1401wb-53-23712 1
288 0 clueweb12-1401wb-57-01018 1
288 0 clueweb12-0209wb-00-05037 1
288 0 clueweb12-0902wb-01-23881 1
288 0 clueweb12-1213wb-63-11736 1
288 0 clueweb12-1216wb-29-14488 1
288 0 clueweb12-0506wb-26-16547 1
288 0 clueweb12-1309wb-67-26457 1
288 0 clueweb12-1400tw-68-00216 1
288 0 clueweb12-1400tw-69-17795 1
288 0 clueweb12-1400tw-68-00215 1
288 0 clueweb12-1400tw-68-00214 1
289 0 clueweb12-1007wb-20-31070 0
289 0 clueweb12-0303wb-36-00947 0
289 0 clueweb12-0305wb-92-18942 0
289 0 clueweb12-0711wb-77-26799 0
289 0 clueweb12-0407wb-89-03119 0
289 0 clueweb12-0713wb-49-27508 0
289 0 clueweb12-0305wb-10-15892 0
289 0 clueweb12-0919wb-14-03863 0
289 0 clueweb12-1501wb-93-21048 0
289 0 clueweb12-0916wb-94-11803 0
289 0 clueweb12-0709wb-56-05763 1
289 0 clueweb12-0708wb-72-00222 0
289 0 clueweb12-0710wb-39-11637 0
289 0 clueweb12-0009wb-50-24734 0
289 0 clueweb12-0203wb-50-02537 0
289 0 clueweb12-0710wb-91-27893 0
289 0 clueweb12-0109wb-13-00812 0
289 0 clueweb12-0708wb-72-00221 0
289 0 clueweb12-1810wb-82-11162 0
289 0 clueweb12-0106wb-74-03903 0
289 0 clueweb12-0002wb-26-20897 0
289 0 clueweb12-1213wb-72-06652 0
289 0 clueweb12-0609wb-69-20646 0
289 0 clueweb12-1214wb-20-25702 1
289 0 clueweb12-0816wb-97-19096 0
289 0 clueweb12-0917wb-36-09170 0
289 0 clueweb12-0005wb-37-01462 0
289 0 clueweb12-0303wb-59-19623 0
289 0 clueweb12-1004wb-86-05973 0
289 0 clueweb12-0712wb-70-25956 0
289 0 clueweb12-0918wb-29-14863 0
289 0 clueweb12-0301wb-88-23781 0
289 0 clueweb12-0305wb-89-10863 0
289 0 clueweb12-1714wb-82-20080 0
289 0 clueweb12-0105wb-24-33260 0
289 0 clueweb12-0303wb-35-06010 0
289 0 clueweb12-1010wb-96-14016 0
289 0 clueweb12-0100tw-05-10428 0
289 0 clueweb12-1603wb-80-19773 0
289 0 clueweb12-0709wb-56-05764 0
289 0 clueweb12-0004wb-65-11330 0
289 0 clueweb12-1810wb-48-03364 1
289 0 clueweb12-0917wb-25-17497 0
289 0 clueweb12-1505wb-76-21159 1
289 0 clueweb12-0712wb-51-24850 0
289 0 clueweb12-1811wb-35-22912 0
289 0 clueweb12-0916wb-98-18142 0
289 0 clueweb12-1300wb-54-19832 0
289 0 clueweb12-0710wb-00-31906 1
289 0 clueweb12-0812wb-88-25706 0
290 0 clueweb12-0310wb-24-04990 1
290 0 clueweb12-0012wb-15-14365 1
290 0 clueweb12-0102wb-25-18226 1
290 0 clueweb12-0108wb-63-25020 0
290 0 clueweb12-1109wb-14-03225 0
290 0 clueweb12-0310wb-32-22735 0
290 0 clueweb12-0011wb-44-10111 0
290 0 clueweb12-1506wb-60-24227 0
290 0 clueweb12-0807wb-81-15813 1
290 0 clueweb12-1600wb-48-05158 1
290 0 clueweb12-1804wb-48-04309 1
290 0 clueweb12-0816wb-95-19647 1
290 0 clueweb12-1906wb-80-09479 0
290 0 clueweb12-0608wb-42-07286 0
290 0 clueweb12-1000wb-04-11073 0
290 0 clueweb12-0608wb-09-16142 0
290 0 clueweb12-0207wb-37-16222 0
290 0 clueweb12-1406wb-69-13721 0
290 0 clueweb12-0905wb-07-20083 0
290 0 clueweb12-0502wb-28-23013 0
290 0 clueweb12-0005wb-68-16568 0
290 0 clueweb12-0204wb-56-20068 1
290 0 clueweb12-1400wb-35-21329 0
290 0 clueweb12-1713wb-30-07760 1
290 0 clueweb12-0817wb-60-09406 0
290 0 clueweb12-1513wb-92-08700 0
290 0 clueweb12-1601wb-59-06299 1
290 0 clueweb12-1404wb-22-18056 0
290 0 clueweb12-1601wb-52-10058 0
290 0 clueweb12-0110wb-06-05446 0
290 0 clueweb12-0405wb-64-26408 0
290 0 clueweb12-0111wb-69-21443 0
290 0 clueweb12-1406wb-82-13813 0
290 0 clueweb12-0508wb-02-32063 0
290 0 clueweb12-1111wb-37-10463 0
290 0 clueweb12-1506wb-32-18601 0
290 0 clueweb12-0209wb-68-30926 1
290 0 clueweb12-1704wb-58-15588 0
290 0 clueweb12-0710wb-00-09485 0
290 0 clueweb12-1711wb-52-15442 0
290 0 clueweb12-0013wb-37-02347 0
290 0 clueweb12-0817wb-43-02257 0
290 0 clueweb12-0501wb-26-06850 0
290 0 clueweb12-1805wb-89-00198 0
290 0 clueweb12-0908wb-82-07519 0
290 0 clueweb12-0403wb-97-29977 0
290 0 clueweb12-0100wb-78-09731 1
290 0 clueweb12-0012wb-69-09215 1
290 0 clueweb12-0810wb-10-17909 1
290 0 clueweb12-0204wb-20-15818 0
291 0 clueweb12-1414wb-55-24884 0
291 0 clueweb12-1416wb-51-22585 0
291 0 clueweb12-0610wb-81-19003 0
291 0 clueweb12-1201wb-84-26221 0
291 0 clueweb12-1416wb-32-27643 0
291 0 clueweb12-0211wb-14-25794 0
291 0 clueweb12-0000wt-00-04394 1
291 0 clueweb12-0212wb-03-09233 0
291 0 clueweb12-1208wb-56-20654 0
291 0 clueweb12-1416wb-47-06498 0
291 0 clueweb12-0405wb-68-10031 0
291 0 clueweb12-1416wb-47-06500 0
291 0 clueweb12-0409wb-12-18833 0
291 0 clueweb12-0815wb-58-21913 0
291 0 clueweb12-1416wb-42-00495 0
291 0 clueweb12-0405wb-59-33542 0
291 0 clueweb12-1201wb-92-27408 0
291 0 clueweb12-1416wb-51-22542 0
291 0 clueweb12-1415wb-98-21453 0
291 0 clueweb12-1416wb-18-21855 0
291 0 clueweb12-0707wb-61-20503 0
291 0 clueweb12-0204wb-64-22962 0
291 0 clueweb12-1416wb-47-06453 0
291 0 clueweb12-1416wb-47-06504 0
291 0 clueweb12-0205wb-63-33993 0
291 0 clueweb12-0706wb-22-08166 1
291 0 clueweb12-0006wb-55-17962 0
291 0 clueweb12-1201wb-97-02454 0
291 0 clueweb12-1416wb-32-27624 0
291 0 clueweb12-1416wb-07-04740 0
291 0 clueweb12-1416wb-47-06518 0
291 0 clueweb12-0209wb-80-17879 1
291 0 clueweb12-0211wb-29-34321 0
291 0 clueweb12-1710wb-66-20046 0
291 0 clueweb12-0311wb-21-13002 1
291 0 clueweb12-0211wb-35-34917 0
291 0 clueweb12-1415wb-98-21450 0
291 0 clueweb12-1416wb-47-06502 0
291 0 clueweb12-1208wb-67-10875 0
291 0 clueweb12-1908wb-50-07545 0
291 0 clueweb12-0204wb-31-04436 0
291 0 clueweb12-1416wb-42-00494 0
291 0 clueweb12-1807wb-12-26988 0
291 0 clueweb12-1416wb-42-00442 0
291 0 clueweb12-1416wb-03-33817 0
291 0 clueweb12-1416wb-32-27675 0
291 0 clueweb12-0102wb-93-31691 0
291 0 clueweb12-0211wb-29-34322 0
291 0 clueweb12-1416wb-47-06510 0
291 0 clueweb12-1208wb-67-10876 0
292 0 clueweb12-0006wb-56-05007 1
292 0 clueweb12-0006wb-01-16007 1
292 0 clueweb12-1714wb-68-21939 1
292 0 clueweb12-0501wb-28-11276 1
292 0 clueweb12-0502wb-88-30083 1
292 0 clueweb12-1308wb-54-03370 1
292 0 clueweb12-1310wb-27-37580 1
292 0 clueweb12-1310wb-58-21720 1
292 0 clueweb12-1310wb-77-31241 1
292 0 clueweb12-1310wb-96-33765 1
292 0 clueweb12-1311wb-52-27548 1
292 0 clueweb12-0501wb-28-11290 1
292 0 clueweb12-0501wb-28-11296 1
292 0 clueweb12-0501wb-30-01709 1
292 0 clueweb12-0501wb-44-01632 1
292 0 clueweb12-0501wb-52-34465 1
292 0 clueweb12-0501wb-56-24608 1
292 0 clueweb12-0501wb-56-24614 1
292 0 clueweb12-0501wb-67-08907 1
292 0 clueweb12-0501wb-69-17496 1
292 0 clueweb12-0501wb-72-30808 1
292 0 clueweb12-0501wb-74-22884 1
292 0 clueweb12-0501wb-78-04687 1
292 0 clueweb12-0501wb-84-29129 1
292 0 clueweb12-0501wb-97-00165 1
292 0 clueweb12-0502wb-02-07398 0
292 0 clueweb12-0502wb-21-07466 0
292 0 clueweb12-0502wb-41-04584 0
292 0 clueweb12-0502wb-46-07594 1
292 0 clueweb12-0502wb-46-07606 0
292 0 clueweb12-0502wb-60-02995 1
292 0 clueweb12-0502wb-60-03008 0
292 0 clueweb12-0502wb-72-19328 0
292 0 clueweb12-0502wb-77-32889 0
292 0 clueweb12-0502wb-77-32895 1
292 0 clueweb12-0502wb-77-32908 1
292 0 clueweb12-0503wb-00-21111 1
292 0 clueweb12-0503wb-16-24355 0
292 0 clueweb12-0503wb-32-16161 0
292 0 clueweb12-0503wb-37-30314 0
292 0 clueweb12-0503wb-37-30320 0
292 0 clueweb12-0503wb-37-30333 0
292 0 clueweb12-0503wb-44-32085 0
292 0 clueweb12-1308wb-64-26607 0
292 0 clueweb12-1308wb-70-21204 0
292 0 clueweb12-1308wb-93-03489 1
292 0 clueweb12-1308wb-94-26655 0
292 0 clueweb12-1309wb-34-32820 0
292 0 clueweb12-1309wb-39-13683 0
292 0 clueweb12-1309wb-68-05503 0
293 0 clueweb12-1200tw-71-18939 1
293 0 clueweb12-1716wb-46-20638 1
293 0 clueweb12-1004wb-69-01768 1
293 0 clueweb12-0110wb-51-26032 0
293 0 clueweb12-1616wb-67-19390 1
293 0 clueweb12-1716wb-48-10974 1
293 0 clueweb12-1805wb-03-02585 0
293 0 clueweb12-0010wb-53-20029 1
293 0 clueweb12-0011wb-87-17327 1
293 0 clueweb12-0309wb-14-20934 1
293 0 clueweb12-1602wb-79-04379 0
293 0 clueweb12-0010wb-53-20030 1
293 0 clueweb12-1908wb-56-14234 1
293 0 clueweb12-0800wb-05-13358 0
293 0 clueweb12-1018wb-58-00705 0
293 0 clueweb12-1200tw-45-13042 0
293 0 clueweb12-0901wb-21-13877 0
293 0 clueweb12-0901wb-17-15146 0
293 0 clueweb12-1000tw-41-12486 0
293 0 clueweb12-1900tw-54-11395 0
293 0 clueweb12-1314wb-26-11539 0
293 0 clueweb12-0300tw-23-04696 1
293 0 clueweb12-1416wb-62-07180 1
293 0 clueweb12-0603wb-01-26986 0
293 0 clueweb12-1405wb-76-16167 0
293 0 clueweb12-1010wb-33-19284 0
293 0 clueweb12-1300wb-43-07090 0
293 0 clueweb12-0105wb-95-06927 1
293 0 clueweb12-1500tw-89-19681 0
293 0 clueweb12-0202wb-11-23452 0
293 0 clueweb12-1201wb-33-20109 0
293 0 clueweb12-0903wb-60-16527 1
293 0 clueweb12-0919wb-50-30647 1
293 0 clueweb12-0003wb-83-06213 0
293 0 clueweb12-1215wb-30-01350 0
293 0 clueweb12-0208wb-18-25083 0
293 0 clueweb12-0900wb-99-25010 0
293 0 clueweb12-0004wb-08-21157 0
293 0 clueweb12-0901wb-21-13872 0
293 0 clueweb12-1502wb-87-08934 0
293 0 clueweb12-0013wb-46-20950 0
293 0 clueweb12-0304wb-83-22456 0
293 0 clueweb12-1716wb-40-13786 0
293 0 clueweb12-1300tw-84-10304 1
293 0 clueweb12-0001wb-79-09856 0
293 0 clueweb12-0703wb-74-24569 1
293 0 clueweb12-0703wb-83-25687 1
293 0 clueweb12-1000tw-43-19908 0
293 0 clueweb12-1000tw-41-12510 0
293 0 clueweb12-1000tw-43-19911 0
294 0 clueweb12-0603wb-04-23227 0
294 0 clueweb12-0305wb-78-14193 0
294 0 clueweb12-1701wb-68-07616 0
294 0 clueweb12-0001wb-00-35926 1
294 0 clueweb12-0411wb-05-33335 1
294 0 clueweb12-1503wb-32-22799 0
294 0 clueweb12-0704wb-13-06637 1
294 0 clueweb12-0108wb-66-33863 1
294 0 clueweb12-0311wb-26-28140 0
294 0 clueweb12-1306wb-43-11714 0
294 0 clueweb12-0201wb-86-09788 0
294 0 clueweb12-0507wb-13-18690 0
294 0 clueweb12-0605wb-83-26931 0
294 0 clueweb12-0815wb-58-23326 1
294 0 clueweb12-1502wb-18-23726 1
294 0 clueweb12-0209wb-88-29318 0
294 0 clueweb12-0000wb-71-05820 1
294 0 clueweb12-1709wb-95-17226 1
294 0 clueweb12-0007wb-35-00351 0
294 0 clueweb12-0012wb-20-22407 1
294 0 clueweb12-1101wb-43-19205 0
294 0 clueweb12-0208wb-92-31674 1
294 0 clueweb12-1515wb-59-20152 1
294 0 clueweb12-0707wb-19-10439 1
294 0 clueweb12-1810wb-79-01354 1
294 0 clueweb12-1300wb-99-12853 1
294 0 clueweb12-1107wb-19-33226 1
294 0 clueweb12-1214wb-14-29511 1
294 0 clueweb12-0810wb-47-05058 0
294 0 clueweb12-0000wb-58-26019 0
294 0 clueweb12-0900tw-26-17712 1
294 0 clueweb12-0101wb-27-09159 1
294 0 clueweb12-0212wb-10-17090 0
294 0 clueweb12-0310wb-58-21250 1
294 0 clueweb12-1701wb-27-18133 0
294 0 clueweb12-0102wb-24-06572 0
294 0 clueweb12-0009wb-75-05751 0
294 0 clueweb12-0702wb-73-01743 0
294 0 clueweb12-1103wb-86-20292 1
294 0 clueweb12-0902wb-22-04218 0
294 0 clueweb12-0001wb-15-01923 0
294 0 clueweb12-0013wb-79-10978 0
294 0 clueweb12-0702wb-08-02038 0
294 0 clueweb12-1301wb-60-04255 1
294 0 clueweb12-0108wb-84-31944 1
294 0 clueweb12-0913wb-49-24989 1
294 0 clueweb12-0405wb-28-06119 0
294 0 clueweb12-0200wb-61-02486 0
294 0 clueweb12-0111wb-17-07693 0
294 0 clueweb12-1105wb-09-14861 0
295 0 clueweb12-0405wb-72-16557 1
295 0 clueweb12-1509wb-47-08681 0
295 0 clueweb12-0111wb-33-15349 1
295 0 clueweb12-1700wb-59-29968 1
295 0 clueweb12-1903wb-68-00166 1
295 0 clueweb12-1900wb-20-02840 1
295 0 clueweb12-0202wb-35-03541 0
295 0 clueweb12-0205wb-84-02938 0
295 0 clueweb12-1512wb-08-22653 1
295 0 clueweb12-1510wb-86-04772 1
295 0 clueweb12-1803wb-08-10187 0
295 0 clueweb12-1511wb-63-07510 1
295 0 clueweb12-1802wb-46-27095 1
295 0 clueweb12-0200tw-26-00276 1
295 0 clueweb12-0200tw-26-00277 1
295 0 clueweb12-0202wb-26-17075 0
295 0 clueweb12-1802wb-43-26669 0
295 0 clueweb12-1511wb-63-07514 1
295 0 clueweb12-0800tw-46-21040 0
295 0 clueweb12-1802wb-62-15030 1
295 0 clueweb12-1404wb-64-13720 1
295 0 clueweb12-1405wb-00-07074 1
295 0 clueweb12-1407wb-36-02630 1
295 0 clueweb12-1802wb-46-27098 0
295 0 clueweb12-1405wb-11-00544 1
295 0 clueweb12-1802wb-62-15029 0
295 0 clueweb12-1305wb-09-11390 1
295 0 clueweb12-1404wb-30-04190 1
295 0 clueweb12-1304wb-61-18949 1
295 0 clueweb12-1802wb-54-24358 0
295 0 clueweb12-1802wb-77-05625 0
295 0 clueweb12-1802wb-43-26665 0
295 0 clueweb12-1802wb-40-27352 0
295 0 clueweb12-1305wb-09-11395 1
295 0 clueweb12-1802wb-69-19845 0
295 0 clueweb12-1802wb-62-15031 0
295 0 clueweb12-1305wb-09-11389 1
295 0 clueweb12-1901wb-09-06235 1
295 0 clueweb12-1802wb-46-27099 0
295 0 clueweb12-1405wb-11-00542 0
295 0 clueweb12-1802wb-40-27349 0
295 0 clueweb12-1803wb-11-13157 0
295 0 clueweb12-1900wb-66-07453 1
295 0 clueweb12-0009wb-17-01031 0
295 0 clueweb12-1802wb-59-16484 0
295 0 clueweb12-0202wb-36-32546 1
295 0 clueweb12-1311wb-00-16347 1
295 0 clueweb12-0308wb-68-01777 1
295 0 clueweb12-1113wb-68-09587 1
295 0 clueweb12-0910wb-68-03208 0
296 0 clueweb12-0100tw-72-02241 0
296 0 clueweb12-0110wb-61-07114 1
296 0 clueweb12-1512wb-03-10968 1
296 0 clueweb12-1118wb-28-19669 1
296 0 clueweb12-0107wb-74-26330 1
296 0 clueweb12-0105wb-98-02359 1
296 0 clueweb12-0102wb-03-21354 0
296 0 clueweb12-0602wb-24-18788 1
296 0 clueweb12-0102wb-23-16376 0
296 0 clueweb12-0009wb-14-13159 0
296 0 clueweb12-0100wb-07-26245 0
296 0 clueweb12-0110wb-52-03541 0
296 0 clueweb12-0609wb-80-11626 1
296 0 clueweb12-0013wb-09-09421 0
296 0 clueweb12-1401wb-52-12094 0
296 0 clueweb12-0011wb-52-11640 1
296 0 clueweb12-1511wb-70-35158 1
296 0 clueweb12-0202wb-84-03890 0
296 0 clueweb12-1809wb-85-22273 1
296 0 clueweb12-0002wb-41-30313 0
296 0 clueweb12-0208wb-62-04361 0
296 0 clueweb12-0203wb-34-11103 0
296 0 clueweb12-0606wb-31-00084 1
296 0 clueweb12-0001wb-42-00956 0
296 0 clueweb12-0300wb-07-13625 1
296 0 clueweb12-1811wb-59-14695 0
296 0 clueweb12-0409wb-74-06244 1
296 0 clueweb12-0202wb-96-00907 1
296 0 clueweb12-0106wb-90-12387 0
296 0 clueweb12-1207wb-56-13781 1
296 0 clueweb12-0109wb-28-23682 0
296 0 clueweb12-1408wb-44-12210 1
296 0 clueweb12-0304wb-63-25563 1
296 0 clueweb12-0105wb-54-28204 1
296 0 clueweb12-0607wb-82-20052 1
296 0 clueweb12-0012wb-20-16422 1
296 0 clueweb12-0815wb-88-00331 1
296 0 clueweb12-0011wb-61-25477 1
296 0 clueweb12-0112wb-27-00162 1
296 0 clueweb12-0203wb-55-04124 1
296 0 clueweb12-0511wb-30-01539 1
296 0 clueweb12-0202wb-97-00778 1
296 0 clueweb12-0203wb-95-02960 1
296 0 clueweb12-0300wb-19-28843 1
296 0 clueweb12-0210wb-36-17010 1
296 0 clueweb12-0212wb-20-14613 1
296 0 clueweb12-0211wb-36-06953 1
296 0 clueweb12-0300wb-30-15283 1
296 0 clueweb12-1008wb-05-28645 1
296 0 clueweb12-0012wb-41-09681 1
297 0 clueweb12-0602wb-68-10611 1
297 0 clueweb12-0302wb-52-02807 1
297 0 clueweb12-0408wb-59-13615 1
297 0 clueweb12-1709wb-65-09278 0
297 0 clueweb12-0011wb-44-09775 1
297 0 clueweb12-0609wb-65-03064 1
297 0 clueweb12-1705wb-57-08419 1
297 0 clueweb12-1607wb-27-05051 1
297 0 clueweb12-0812wb-13-12132 1
297 0 clueweb12-0013wb-81-07782 1
297 0 clueweb12-0002wb-44-00400 1
297 0 clueweb12-0409wb-05-21800 1
297 0 clueweb12-0106wb-07-21434 0
297 0 clueweb12-0006wb-53-11037 1
297 0 clueweb12-1110wb-85-17696 1
297 0 clueweb12-1107wb-31-13038 0
297 0 clueweb12-1414wb-36-09398 1
297 0 clueweb12-0203wb-49-10740 0
297 0 clueweb12-1414wb-43-13919 1
297 0 clueweb12-0107wb-91-09966 1
297 0 clueweb12-0502wb-20-34324 1
297 0 clueweb12-0805wb-87-07921 1
297 0 clueweb12-0000wb-90-32230 1
297 0 clueweb12-1705wb-05-12087 1
297 0 clueweb12-0201wb-20-08239 1
297 0 clueweb12-0300wb-32-20746 1
297 0 clueweb12-0200wb-88-14674 1
297 0 clueweb12-0900tw-34-09883 0
297 0 clueweb12-0809wb-84-08059 1
297 0 clueweb12-0110wb-40-33897 1
297 0 clueweb12-1511wb-06-13581 1
297 0 clueweb12-0101wb-41-13015 1
297 0 clueweb12-1607wb-46-28018 1
297 0 clueweb12-0500wb-48-27720 0
297 0 clueweb12-0211wb-15-32580 1
297 0 clueweb12-0600wb-54-13794 0
297 0 clueweb12-0000wt-00-00325 1
297 0 clueweb12-0605wb-94-31210 1
297 0 clueweb12-0304wb-31-17890 1
297 0 clueweb12-0411wb-34-33009 0
297 0 clueweb12-0603wb-14-09257 1
297 0 clueweb12-1602wb-62-22522 1
297 0 clueweb12-0302wb-96-27091 1
297 0 clueweb12-0914wb-07-27465 0
297 0 clueweb12-0605wb-84-07698 1
297 0 clueweb12-0007wb-40-33923 1
297 0 clueweb12-0300wb-40-08874 1
297 0 clueweb12-0210wb-28-34487 1
297 0 clueweb12-0303wb-77-19272 0
297 0 clueweb12-1303wb-42-13482 1
298 0 clueweb12-1400wb-53-09114 1
298 0 clueweb12-0501wb-65-03168 1
298 0 clueweb12-1514wb-15-22519 1
298 0 clueweb12-0106wb-67-10939 1
298 0 clueweb12-0705wb-12-21554 1
298 0 clueweb12-0814wb-65-07706 1
298 0 clueweb12-0906wb-33-01899 1
298 0 clueweb12-0705wb-46-32284 1
298 0 clueweb12-1100tw-95-02482 1
298 0 clueweb12-1313wb-95-07365 1
298 0 clueweb12-0705wb-58-11245 1
298 0 clueweb12-1400wb-94-03461 1
298 0 clueweb12-0612wb-73-07198 1
298 0 clueweb12-0612wb-33-16694 1
298 0 clueweb12-0817wb-68-04339 1
298 0 clueweb12-0603wb-00-33216 1
298 0 clueweb12-1904wb-78-14633 1
298 0 clueweb12-1301wb-54-09547 1
298 0 clueweb12-0509wb-57-14839 1
298 0 clueweb12-1316wb-07-21835 1
298 0 clueweb12-1901wb-38-30376 1
298 0 clueweb12-0108wb-31-17081 1
298 0 clueweb12-0608wb-78-28140 1
298 0 clueweb12-0400wb-07-26419 1
298 0 clueweb12-0106wb-43-14232 1
298 0 clueweb12-0111wb-86-16264 1
298 0 clueweb12-0300wb-07-13390 1
298 0 clueweb12-1003wb-98-02283 1
298 0 clueweb12-0202wb-14-15828 1
298 0 clueweb12-0612wb-66-17943 1
298 0 clueweb12-1210wb-24-09474 1
298 0 clueweb12-0200wb-88-22400 1
298 0 clueweb12-1611wb-72-25474 0
298 0 clueweb12-0504wb-57-00334 1
298 0 clueweb12-1301wb-36-25868 0
298 0 clueweb12-0504wb-03-07057 0
298 0 clueweb12-1009wb-83-06102 0
298 0 clueweb12-0310wb-26-12676 0
298 0 clueweb12-0611wb-20-06953 1
298 0 clueweb12-0200wb-94-18992 0
298 0 clueweb12-0200wb-94-18994 0
298 0 clueweb12-0303wb-95-32185 0
298 0 clueweb12-1910wb-23-00217 0
298 0 clueweb12-1207wb-97-20686 0
298 0 clueweb12-0110wb-54-00959 1
298 0 clueweb12-0906wb-03-04105 0
298 0 clueweb12-1401wb-19-24296 1
298 0 clueweb12-0601wb-41-09846 1
298 0 clueweb12-0610wb-36-20854 1
298 0 clueweb12-0501wb-79-18827 1
299 0 clueweb12-0900tw-75-02768 0
299 0 clueweb12-1106wb-60-12413 0
299 0 clueweb12-1000tw-35-13844 0
299 0 clueweb12-0800tw-76-11557 1
299 0 clueweb12-1300tw-81-01854 1
299 0 clueweb12-1101tw-03-21469 1
299 0 clueweb12-1100tw-97-10010 1
299 0 clueweb12-1100tw-99-20315 1
299 0 clueweb12-1100tw-97-10011 1
299 0 clueweb12-1204wb-62-25727 1
299 0 clueweb12-1600tw-12-16386 0
299 0 clueweb12-0800tw-74-18760 1
299 0 clueweb12-1100tw-97-10012 1
299 0 clueweb12-0800tw-74-18762 1
299 0 clueweb12-1900tw-05-17904 1
299 0 clueweb12-1513wb-35-23807 1
299 0 clueweb12-0800tw-74-18763 1
299 0 clueweb12-1000tw-94-08843 0
299 0 clueweb12-1300tw-81-13104 1
299 0 clueweb12-1300tw-81-13105 1
299 0 clueweb12-0900tw-04-11350 1
299 0 clueweb12-1001tw-00-08113 0
299 0 clueweb12-1001tw-00-08114 0
299 0 clueweb12-0900tw-39-15931 1
299 0 clueweb12-0900tw-39-15930 1
299 0 clueweb12-1200tw-38-06892 1
299 0 clueweb12-1204wb-62-25726 1
299 0 clueweb12-1101tw-18-02891 1
299 0 clueweb12-1101tw-18-02892 0
299 0 clueweb12-1500tw-61-09226 0
299 0 clueweb12-1101tw-18-02890 0
299 0 clueweb12-1100tw-47-14880 0
299 0 clueweb12-1712wb-75-19099 1
299 0 clueweb12-1900tw-41-17002 1
299 0 clueweb12-1806wb-41-06875 0
299 0 clueweb12-1204wb-75-03322 0
299 0 clueweb12-0800tw-74-18761 0
299 0 clueweb12-0800tw-73-03009 0
299 0 clueweb12-1100tw-52-13060 1
299 0 clueweb12-1101tw-18-02888 0
299 0 clueweb12-1000tw-72-19168 0
299 0 clueweb12-1000tw-70-14265 0
299 0 clueweb12-1000tw-75-18444 0
299 0 clueweb12-1000tw-84-18344 0
299 0 clueweb12-1000tw-70-14262 0
299 0 clueweb12-1000tw-13-14727 0
299 0 clueweb12-0900tw-75-02769 0
299 0 clueweb12-1000tw-84-18345 0
299 0 clueweb12-0900tw-75-02770 0
299 0 clueweb12-1406wb-98-12667 0
300 0 clueweb12-0511wb-05-19311 0
300 0 clueweb12-0912wb-68-23973 0
300 0 clueweb12-1013wb-09-13028 1
300 0 clueweb12-0007wb-55-08186 0
300 0 clueweb12-1505wb-67-11348 0
300 0 clueweb12-0401wb-82-25616 0
300 0 clueweb12-0206wb-26-19692 0
300 0 clueweb12-0109wb-21-08287 0
300 0 clueweb12-1206wb-87-16378 1
300 0 clueweb12-1603wb-43-11329 1
300 0 clueweb12-1706wb-01-06810 0
300 0 clueweb12-0510wb-22-02895 0
300 0 clueweb12-0306wb-53-29959 1
300 0 clueweb12-1020wb-25-27222 0
300 0 clueweb12-0405wb-50-13826 0
300 0 clueweb12-0108wb-25-11640 0
300 0 clueweb12-1411wb-39-02921 0
300 0 clueweb12-1411wb-81-10586 1
300 0 clueweb12-0200wb-04-15236 1
300 0 clueweb12-1600wb-48-32660 0
300 0 clueweb12-1501wb-55-10891 0
300 0 clueweb12-1712wb-90-12235 0
300 0 clueweb12-1605wb-74-12271 0
300 0 clueweb12-1807wb-61-18793 0
300 0 clueweb12-0202wb-87-08263 0
300 0 clueweb12-0804wb-47-04796 1
300 0 clueweb12-0813wb-55-08363 1
300 0 clueweb12-1207wb-45-12339 1
300 0 clueweb12-0913wb-73-18915 0
300 0 clueweb12-1209wb-27-30588 1
300 0 clueweb12-0107wb-21-04944 0
300 0 clueweb12-1705wb-08-10623 0
300 0 clueweb12-0405wb-26-14214 0
300 0 clueweb12-1203wb-02-36839 0
300 0 clueweb12-0209wb-57-10676 0
300 0 clueweb12-1415wb-23-05611 0
300 0 clueweb12-0803wb-66-22490 1
300 0 clueweb12-0803wb-66-22486 0
300 0 clueweb12-1204wb-20-16999 0
300 0 clueweb12-0200wb-89-27692 0
300 0 clueweb12-1011wb-52-07910 1
300 0 clueweb12-1814wb-70-09239 1
300 0 clueweb12-1006wb-85-28429 1
300 0 clueweb12-1311wb-59-23651 0
300 0 clueweb12-0108wb-20-15236 0
300 0 clueweb12-1118wb-63-03549 0
300 0 clueweb12-0503wb-58-19621 0
300 0 clueweb12-0807wb-01-18713 1
300 0 clueweb12-1812wb-00-27455 1
300 0 clueweb12-1811wb-49-13206 1
