251 0 clueweb12-0909wb-35-31320 1
251 0 clueweb12-0206wb-59-32292 1
251 0 clueweb12-0002wb-32-28229 1
251 0 clueweb12-0005wb-40-24623 1
251 0 clueweb12-0013wb-19-06381 1
251 0 clueweb12-0006wb-33-07815 1
251 0 clueweb12-0002wb-19-01278 1
251 0 clueweb12-0009wb-84-05364 1
251 0 clueweb12-0208wb-60-20497 1
251 0 clueweb12-0005wb-40-31709 1
251 0 clueweb12-0807wb-96-19628 1
251 0 clueweb12-0808wb-06-00161 1
251 0 clueweb12-0913wb-41-11258 0
251 0 clueweb12-0602wb-09-02477 0
251 0 clueweb12-1511wb-99-31408 0
251 0 clueweb12-1513wb-89-14855 1
251 0 clueweb12-0207wb-62-25632 1
251 0 clueweb12-0308wb-28-03934 1
251 0 clueweb12-0112wb-19-18184 1
251 0 clueweb12-0208wb-52-10624 1
251 0 clueweb12-0002wb-34-11095 1
251 0 clueweb12-0000wb-01-01965 1
251 0 clueweb12-0311wb-22-01592 1
251 0 clueweb12-0002wb-19-01291 1
251 0 clueweb12-0009wb-69-11957 1
251 0 clueweb12-0002wb-34-11076 1
251 0 clueweb12-0100wb-13-13091 1
251 0 clueweb12-0208wb-25-08664 1
251 0 clueweb12-0002wb-34-11084 1
251 0 clueweb12-1115wb-68-00711 1
251 0 clueweb12-0005wb-87-29993 1
251 0 clueweb12-1709wb-19-37066 1
251 0 clueweb12-0300wb-04-06548 1
251 0 clueweb12-1100tw-47-08751 1
251 0 clueweb12-0703wb-79-27204 1
251 0 clueweb12-0607wb-35-23218 0
251 0 clueweb12-0001wb-99-01299 1
251 0 clueweb12-1716wb-96-27852 1
251 0 clueweb12-1804wb-20-18328 1
251 0 clueweb12-0310wb-50-11456 1
251 0 clueweb12-0110wb-54-25957 1
251 0 clueweb12-0402wb-83-04996 0
251 0 clueweb12-0300wb-12-05329 1
251 0 clueweb12-0502wb-67-05728 1
251 0 clueweb12-0915wb-99-28778 1
251 0 clueweb12-0815wb-04-10004 0
251 0 clueweb12-1400wb-32-03675 1
251 0 clueweb12-0913wb-75-00556 0
251 0 clueweb12-1910wb-42-00582 1
251 0 clueweb12-1910wb-37-25683 0
252 0 clueweb12-0900wb-33-02598 1
252 0 clueweb12-0211wb-66-14474 1
252 0 clueweb12-0818wb-84-22473 1
252 0 clueweb12-0818wb-81-06719 1
252 0 clueweb12-0900wb-33-02599 1
252 0 clueweb12-0819wb-09-23613 1
252 0 clueweb12-0818wb-75-12920 1
252 0 clueweb12-0900wb-33-02600 1
252 0 clueweb12-0818wb-84-22475 1
252 0 clueweb12-0818wb-53-25680 1
252 0 clueweb12-0818wb-81-06722 1
252 0 clueweb12-0818wb-81-06726 1
252 0 clueweb12-0818wb-59-24868 1
252 0 clueweb12-0603wb-64-21777 1
252 0 clueweb12-0818wb-81-06723 1
252 0 clueweb12-0911wb-12-05181 1
252 0 clueweb12-1110wb-87-15284 1
252 0 clueweb12-1414wb-09-02051 1
252 0 clueweb12-0602wb-58-05708 1
252 0 clueweb12-1111wb-00-22665 1
252 0 clueweb12-1111wb-00-22666 1
252 0 clueweb12-1111wb-56-18152 0
252 0 clueweb12-1118wb-22-24939 0
252 0 clueweb12-0713wb-74-32761 1
252 0 clueweb12-0604wb-66-16413 0
252 0 clueweb12-0708wb-76-05921 0
252 0 clueweb12-0206wb-88-17639 1
252 0 clueweb12-0710wb-36-21812 1
252 0 clueweb12-0710wb-02-08284 1
252 0 clueweb12-0205wb-36-02497 1
252 0 clueweb12-0716wb-06-09219 0
252 0 clueweb12-0302wb-83-05876 1
252 0 clueweb12-0911wb-42-03360 0
252 0 clueweb12-1104wb-68-09748 1
252 0 clueweb12-0605wb-68-27020 0
252 0 clueweb12-0704wb-40-09678 0
252 0 clueweb12-0818wb-81-06716 1
252 0 clueweb12-1206wb-40-25916 1
252 0 clueweb12-0818wb-65-21544 1
252 0 clueweb12-0904wb-11-25907 1
252 0 clueweb12-0904wb-11-25908 1
252 0 clueweb12-0904wb-11-25906 1
252 0 clueweb12-0905wb-29-17092 1
252 0 clueweb12-0905wb-29-17093 1
252 0 clueweb12-0905wb-29-17094 1
252 0 clueweb12-0903wb-22-02552 1
252 0 clueweb12-0904wb-10-06820 1
252 0 clueweb12-0818wb-84-22474 1
252 0 clueweb12-0905wb-29-17118 1
252 0 clueweb12-0818wb-65-21547 1
253 0 clueweb12-1207wb-00-20715 0
253 0 clueweb12-0011wb-51-25895 1
253 0 clueweb12-0000wb-46-33759 1
253 0 clueweb12-1703wb-20-15464 1
253 0 clueweb12-1706wb-25-14376 1
253 0 clueweb12-1600wb-32-12121 0
253 0 clueweb12-0600wb-37-25559 1
253 0 clueweb12-0906wb-97-15202 0
253 0 clueweb12-1705wb-30-30203 1
253 0 clueweb12-1702wb-95-23938 1
253 0 clueweb12-0208wb-61-19136 1
253 0 clueweb12-1906wb-79-15571 1
253 0 clueweb12-1702wb-71-16135 1
253 0 clueweb12-0503wb-78-26135 1
253 0 clueweb12-1712wb-27-05829 1
253 0 clueweb12-0602wb-15-18498 1
253 0 clueweb12-1717wb-00-20278 1
253 0 clueweb12-1216wb-77-33880 1
253 0 clueweb12-1513wb-06-13253 1
253 0 clueweb12-0005wb-17-11685 1
253 0 clueweb12-0904wb-30-26947 1
253 0 clueweb12-0405wb-92-21058 1
253 0 clueweb12-1908wb-96-04029 0
253 0 clueweb12-0301wb-92-01923 1
253 0 clueweb12-0400wb-23-00497 1
253 0 clueweb12-0006wb-91-28207 0
253 0 clueweb12-0101wb-80-11142 1
253 0 clueweb12-1801wb-80-23017 0
253 0 clueweb12-1213wb-72-23950 1
253 0 clueweb12-1402wb-83-29619 1
253 0 clueweb12-0701wb-01-32844 1
253 0 clueweb12-0003wb-63-10707 1
253 0 clueweb12-0109wb-79-14226 0
253 0 clueweb12-0304wb-36-00841 1
253 0 clueweb12-1012wb-13-11360 0
253 0 clueweb12-0001wb-70-14213 1
253 0 clueweb12-0106wb-80-33644 1
253 0 clueweb12-0108wb-86-00771 1
253 0 clueweb12-0401wb-96-15806 0
253 0 clueweb12-0409wb-28-18884 0
253 0 clueweb12-0305wb-21-28202 1
253 0 clueweb12-0305wb-31-18978 0
253 0 clueweb12-0305wb-78-32015 1
253 0 clueweb12-1405wb-39-25716 1
253 0 clueweb12-0500wb-06-25056 1
253 0 clueweb12-1205wb-28-10799 0
253 0 clueweb12-0305wb-31-18972 1
253 0 clueweb12-0305wb-31-18986 0
253 0 clueweb12-1308wb-63-19206 1
253 0 clueweb12-1200wb-04-05969 1
254 0 clueweb12-0305wb-42-06791 1
254 0 clueweb12-0601wb-66-00326 1
254 0 clueweb12-0918wb-07-25717 1
254 0 clueweb12-0106wb-47-28483 1
254 0 clueweb12-0918wb-43-20583 0
254 0 clueweb12-0915wb-28-09786 0
254 0 clueweb12-0609wb-39-21041 1
254 0 clueweb12-0816wb-86-20721 1
254 0 clueweb12-0404wb-37-13169 0
254 0 clueweb12-0305wb-35-25606 1
254 0 clueweb12-1314wb-72-12410 0
254 0 clueweb12-0002wb-32-29624 1
254 0 clueweb12-0717wb-32-06825 1
254 0 clueweb12-0303wb-85-19731 1
254 0 clueweb12-0918wb-43-20581 0
254 0 clueweb12-0602wb-38-05071 0
254 0 clueweb12-0916wb-81-11716 0
254 0 clueweb12-0001wb-85-16951 1
254 0 clueweb12-0203wb-47-00959 1
254 0 clueweb12-1315wb-90-05637 1
254 0 clueweb12-1500wb-53-26700 1
254 0 clueweb12-0202wb-70-19014 1
254 0 clueweb12-0918wb-19-04524 1
254 0 clueweb12-0703wb-76-03203 1
254 0 clueweb12-1416wb-06-26117 1
254 0 clueweb12-1415wb-76-26576 0
254 0 clueweb12-0911wb-52-13617 0
254 0 clueweb12-1214wb-26-09125 1
254 0 clueweb12-0308wb-01-09848 1
254 0 clueweb12-0001wb-27-29638 0
254 0 clueweb12-0309wb-03-10984 0
254 0 clueweb12-1717wb-43-22076 1
254 0 clueweb12-0503wb-89-02816 0
254 0 clueweb12-0916wb-38-16890 1
254 0 clueweb12-0103wb-66-05864 1
254 0 clueweb12-0104wb-12-01054 0
254 0 clueweb12-0911wb-44-11159 1
254 0 clueweb12-0911wb-52-13619 1
254 0 clueweb12-0911wb-52-13618 1
254 0 clueweb12-0911wb-76-02521 1
254 0 clueweb12-0911wb-62-24133 1
254 0 clueweb12-0911wb-52-13626 1
254 0 clueweb12-0911wb-52-13631 1
254 0 clueweb12-1802wb-59-27704 1
254 0 clueweb12-1609wb-13-07767 1
254 0 clueweb12-0006wb-59-12601 0
254 0 clueweb12-0006wb-06-15252 0
254 0 clueweb12-0001wb-90-10153 1
254 0 clueweb12-0001wb-85-16947 1
254 0 clueweb12-0104wb-69-03363 1
255 0 clueweb12-0109wb-23-01967 0
255 0 clueweb12-1200wb-43-26294 0
255 0 clueweb12-0012wb-82-08265 0
255 0 clueweb12-1307wb-80-22897 0
255 0 clueweb12-1203wb-43-01724 0
255 0 clueweb12-0103wb-32-02080 0
255 0 clueweb12-1603wb-72-20077 0
255 0 clueweb12-0210wb-72-08009 0
255 0 clueweb12-1900wb-83-26878 0
255 0 clueweb12-1004wb-68-03168 0
255 0 clueweb12-0112wb-01-13428 0
255 0 clueweb12-1516wb-80-15938 0
255 0 clueweb12-0501wb-17-20831 0
255 0 clueweb12-0100wb-22-04339 0
255 0 clueweb12-0105wb-42-30426 0
255 0 clueweb12-1214wb-19-27320 0
255 0 clueweb12-0002wb-92-12636 0
255 0 clueweb12-1800wb-84-01172 0
255 0 clueweb12-1610wb-10-17237 0
255 0 clueweb12-0008wb-39-11217 0
255 0 clueweb12-0500wb-56-07810 0
255 0 clueweb12-0009wb-17-01027 0
255 0 clueweb12-1608wb-97-02139 0
255 0 clueweb12-1608wb-19-30015 0
255 0 clueweb12-1200wb-49-28633 0
255 0 clueweb12-0106wb-67-00678 0
255 0 clueweb12-0107wb-94-32574 0
255 0 clueweb12-1716wb-51-20507 0
255 0 clueweb12-0400wb-05-22688 0
255 0 clueweb12-1004wb-68-03169 0
255 0 clueweb12-0001wb-95-17719 0
255 0 clueweb12-0102wb-01-17137 0
255 0 clueweb12-1708wb-10-06047 0
255 0 clueweb12-1210wb-87-17200 0
255 0 clueweb12-1903wb-37-25863 0
255 0 clueweb12-0002wb-92-12648 0
255 0 clueweb12-0307wb-24-21988 0
255 0 clueweb12-0012wb-28-08060 0
255 0 clueweb12-0010wb-98-24724 0
255 0 clueweb12-0102wb-90-16858 0
255 0 clueweb12-0002wb-44-32115 1
255 0 clueweb12-0500wb-59-16043 1
255 0 clueweb12-0211wb-00-19653 0
255 0 clueweb12-0012wb-71-13026 0
255 0 clueweb12-1414wb-79-17331 0
255 0 clueweb12-1207wb-93-23156 0
255 0 clueweb12-0204wb-88-26042 0
255 0 clueweb12-0012wb-47-23643 0
255 0 clueweb12-0306wb-42-30896 0
255 0 clueweb12-0103wb-86-29659 0
256 0 clueweb12-1716wb-70-18701 1
256 0 clueweb12-0006wb-68-11974 1
256 0 clueweb12-1202wb-87-05723 1
256 0 clueweb12-1308wb-31-16096 1
256 0 clueweb12-0100wb-83-12566 1
256 0 clueweb12-0800tw-69-00786 0
256 0 clueweb12-1312wb-12-32470 0
256 0 clueweb12-0209wb-89-18741 1
256 0 clueweb12-1109wb-13-16327 0
256 0 clueweb12-0410wb-19-09168 1
256 0 clueweb12-0306wb-97-24670 0
256 0 clueweb12-1515wb-93-15298 1
256 0 clueweb12-1306wb-08-17917 0
256 0 clueweb12-1900wb-53-05395 0
256 0 clueweb12-1712wb-45-22347 1
256 0 clueweb12-1713wb-45-21577 1
256 0 clueweb12-0204wb-02-20187 1
256 0 clueweb12-0100wb-92-19973 1
256 0 clueweb12-0501wb-75-15329 0
256 0 clueweb12-0715wb-35-04545 1
256 0 clueweb12-1407wb-89-02629 1
256 0 clueweb12-1201wb-97-26152 1
256 0 clueweb12-0309wb-50-02528 1
256 0 clueweb12-0201wb-89-10173 1
256 0 clueweb12-0917wb-02-13892 1
256 0 clueweb12-0200wb-83-21566 1
256 0 clueweb12-1217wb-50-04296 0
256 0 clueweb12-0205wb-45-21095 0
256 0 clueweb12-1515wb-91-31064 1
256 0 clueweb12-1200tw-28-09366 1
256 0 clueweb12-0917wb-32-01347 0
256 0 clueweb12-1515wb-86-30781 1
256 0 clueweb12-1908wb-15-10116 1
256 0 clueweb12-0208wb-25-22871 1
256 0 clueweb12-0211wb-29-23198 0
256 0 clueweb12-1714wb-78-17984 1
256 0 clueweb12-1408wb-22-22501 1
256 0 clueweb12-0012wb-11-05278 1
256 0 clueweb12-0205wb-93-05724 0
256 0 clueweb12-0303wb-31-33643 0
256 0 clueweb12-0310wb-45-06246 1
256 0 clueweb12-1510wb-55-10832 1
256 0 clueweb12-1301wb-02-02129 0
256 0 clueweb12-0106wb-72-27775 0
256 0 clueweb12-1714wb-18-22198 1
256 0 clueweb12-0107wb-44-28502 0
256 0 clueweb12-0808wb-73-24724 1
256 0 clueweb12-0401wb-54-17992 1
256 0 clueweb12-0311wb-48-04877 1
256 0 clueweb12-1003wb-20-01826 1
257 0 clueweb12-0000wb-97-21920 1
257 0 clueweb12-0506wb-50-32569 1
257 0 clueweb12-0207wb-77-11609 1
257 0 clueweb12-1502wb-00-02421 0
257 0 clueweb12-0500wb-86-16726 1
257 0 clueweb12-0100wb-22-19326 1
257 0 clueweb12-1004wb-78-08565 0
257 0 clueweb12-1002wb-62-25101 1
257 0 clueweb12-1709wb-81-15385 1
257 0 clueweb12-0403wb-55-30713 0
257 0 clueweb12-0001wb-37-08116 1
257 0 clueweb12-1908wb-99-30487 0
257 0 clueweb12-0605wb-48-10754 1
257 0 clueweb12-0809wb-15-03213 1
257 0 clueweb12-1002wb-21-03607 0
257 0 clueweb12-0107wb-90-12890 1
257 0 clueweb12-0208wb-74-17981 1
257 0 clueweb12-0208wb-80-03253 0
257 0 clueweb12-1407wb-13-05186 0
257 0 clueweb12-0004wb-39-29224 0
257 0 clueweb12-1217wb-73-01926 1
257 0 clueweb12-1805wb-37-12539 1
257 0 clueweb12-0005wb-64-26573 0
257 0 clueweb12-0103wb-21-23989 0
257 0 clueweb12-0202wb-16-08246 1
257 0 clueweb12-0818wb-09-14801 0
257 0 clueweb12-0401wb-44-04924 1
257 0 clueweb12-0003wb-23-27167 1
257 0 clueweb12-0307wb-19-32218 0
257 0 clueweb12-1407wb-08-08201 0
257 0 clueweb12-1312wb-57-20255 1
257 0 clueweb12-0005wb-45-11746 0
257 0 clueweb12-1111wb-40-12670 0
257 0 clueweb12-1900wb-91-02383 1
257 0 clueweb12-1900wb-91-02386 1
257 0 clueweb12-0308wb-70-17297 1
257 0 clueweb12-0602wb-97-15848 1
257 0 clueweb12-1515wb-05-10357 1
257 0 clueweb12-1515wb-41-05547 1
257 0 clueweb12-1515wb-41-05553 1
257 0 clueweb12-1515wb-48-13635 1
257 0 clueweb12-1516wb-21-02981 1
257 0 clueweb12-1600wb-15-15242 1
257 0 clueweb12-1600wb-15-15245 1
257 0 clueweb12-1803wb-86-23203 1
257 0 clueweb12-1705wb-33-03916 0
257 0 clueweb12-1902wb-42-13667 0
257 0 clueweb12-0307wb-44-30631 1
257 0 clueweb12-0108wb-31-01439 1
257 0 clueweb12-1102wb-85-02413 1
258 0 clueweb12-1505wb-54-04754 0
258 0 clueweb12-1701wb-13-14909 0
258 0 clueweb12-0208wb-04-04936 0
258 0 clueweb12-1400wb-81-24171 0
258 0 clueweb12-1304wb-63-25257 0
258 0 clueweb12-0804wb-05-12607 0
258 0 clueweb12-0309wb-46-22958 1
258 0 clueweb12-0208wb-29-14861 0
258 0 clueweb12-0005wb-79-05629 0
258 0 clueweb12-0111wb-63-32404 0
258 0 clueweb12-0809wb-27-31229 0
258 0 clueweb12-1808wb-27-29919 1
258 0 clueweb12-1020wb-31-10125 0
258 0 clueweb12-0007wb-44-02069 0
258 0 clueweb12-0407wb-59-19279 0
258 0 clueweb12-0907wb-72-20968 0
258 0 clueweb12-0211wb-59-20468 1
258 0 clueweb12-0800tw-38-08852 0
258 0 clueweb12-0809wb-06-14440 0
258 0 clueweb12-0304wb-16-09803 1
258 0 clueweb12-0301wb-65-19769 0
258 0 clueweb12-0304wb-04-25969 0
258 0 clueweb12-0210wb-09-28616 0
258 0 clueweb12-0702wb-63-24231 1
258 0 clueweb12-0208wb-11-32746 0
258 0 clueweb12-1501wb-20-30504 1
258 0 clueweb12-0106wb-36-02933 0
258 0 clueweb12-1814wb-73-27694 0
258 0 clueweb12-1911wb-01-04890 1
258 0 clueweb12-0208wb-72-32578 1
258 0 clueweb12-0100wb-52-17889 0
258 0 clueweb12-1702wb-37-13433 1
258 0 clueweb12-0309wb-85-00185 0
258 0 clueweb12-1706wb-90-01414 0
258 0 clueweb12-0809wb-39-10122 0
258 0 clueweb12-0309wb-68-21464 1
258 0 clueweb12-0001wb-94-14290 1
258 0 clueweb12-0100wb-94-01167 0
258 0 clueweb12-0917wb-99-03785 1
258 0 clueweb12-0501wb-37-28645 1
258 0 clueweb12-0310wb-27-21538 1
258 0 clueweb12-0104wb-65-05186 1
258 0 clueweb12-0203wb-82-15786 0
258 0 clueweb12-1100wb-23-09564 0
258 0 clueweb12-0208wb-11-32741 0
258 0 clueweb12-0311wb-95-17065 1
258 0 clueweb12-1314wb-18-16008 0
258 0 clueweb12-0211wb-74-28148 1
258 0 clueweb12-1204wb-58-12535 0
258 0 clueweb12-0801wb-68-07432 0
259 0 clueweb12-1700tw-67-18384 0
259 0 clueweb12-1810wb-48-15828 0
259 0 clueweb12-0206wb-01-00960 1
259 0 clueweb12-0103wb-46-28341 0
259 0 clueweb12-1502wb-34-01847 1
259 0 clueweb12-1311wb-84-07325 0
259 0 clueweb12-0209wb-47-19447 0
259 0 clueweb12-1300tw-71-16757 1
259 0 clueweb12-1300tw-70-00294 1
259 0 clueweb12-0003wb-09-30832 1
259 0 clueweb12-1507wb-70-07343 1
259 0 clueweb12-1507wb-70-07338 1
259 0 clueweb12-1414wb-34-10373 1
259 0 clueweb12-1201wb-29-25435 1
259 0 clueweb12-0204wb-38-32159 1
259 0 clueweb12-1503wb-13-17559 1
259 0 clueweb12-1503wb-13-17532 1
259 0 clueweb12-1200wb-79-27006 1
259 0 clueweb12-1908wb-70-14637 0
259 0 clueweb12-0004wb-84-17100 1
259 0 clueweb12-1900tw-27-05485 1
259 0 clueweb12-1611wb-01-27014 1
259 0 clueweb12-1715wb-10-04532 0
259 0 clueweb12-0101wb-09-16789 1
259 0 clueweb12-0207wb-72-22122 0
259 0 clueweb12-1714wb-24-14580 1
259 0 clueweb12-1313wb-39-03761 0
259 0 clueweb12-1713wb-88-30050 0
259 0 clueweb12-0107wb-04-24313 0
259 0 clueweb12-0201wb-69-05036 1
259 0 clueweb12-1200wb-86-28634 1
259 0 clueweb12-0405wb-70-24990 0
259 0 clueweb12-1712wb-10-10034 1
259 0 clueweb12-0807wb-08-00543 1
259 0 clueweb12-0009wb-86-12256 1
259 0 clueweb12-0100wb-12-21795 0
259 0 clueweb12-0210wb-39-15880 0
259 0 clueweb12-0206wb-94-16347 1
259 0 clueweb12-1200wb-76-07679 1
259 0 clueweb12-0103wb-51-26453 1
259 0 clueweb12-1812wb-26-22483 0
259 0 clueweb12-0806wb-24-36807 0
259 0 clueweb12-0312wb-20-01659 1
259 0 clueweb12-0104wb-98-03589 1
259 0 clueweb12-0104wb-75-02761 0
259 0 clueweb12-1612wb-50-25009 0
259 0 clueweb12-1601wb-42-00581 1
259 0 clueweb12-0504wb-35-07324 1
259 0 clueweb12-0109wb-56-30544 0
259 0 clueweb12-0210wb-82-13754 0
260 0 clueweb12-0308wb-23-18757 0
260 0 clueweb12-0002wb-53-13100 0
260 0 clueweb12-0108wb-72-16710 0
260 0 clueweb12-0904wb-09-24342 0
260 0 clueweb12-0002wb-25-28577 0
260 0 clueweb12-1410wb-78-01504 0
260 0 clueweb12-0007wb-54-33177 0
260 0 clueweb12-0300tw-66-15002 0
260 0 clueweb12-0407wb-34-15136 0
260 0 clueweb12-1312wb-71-11442 0
260 0 clueweb12-0501wb-12-27388 0
260 0 clueweb12-1113wb-63-07715 0
260 0 clueweb12-0708wb-75-18851 0
260 0 clueweb12-1104wb-77-05531 1
260 0 clueweb12-0400tw-18-09573 0
260 0 clueweb12-0106wb-61-17546 0
260 0 clueweb12-0501wb-16-10737 0
260 0 clueweb12-1811wb-13-03841 0
260 0 clueweb12-0013wb-80-21417 0
260 0 clueweb12-1504wb-93-01441 0
260 0 clueweb12-1311wb-53-11566 0
260 0 clueweb12-0916wb-11-02343 0
260 0 clueweb12-1804wb-92-21642 0
260 0 clueweb12-0605wb-47-08786 0
260 0 clueweb12-0107wb-77-05967 0
260 0 clueweb12-1702wb-10-26460 1
260 0 clueweb12-0701wb-02-22493 1
260 0 clueweb12-1016wb-92-16341 0
260 0 clueweb12-1813wb-04-04380 0
260 0 clueweb12-0011wb-18-26582 0
260 0 clueweb12-0300wb-68-11428 1
260 0 clueweb12-0008wb-33-27407 0
260 0 clueweb12-0000tw-25-03615 0
260 0 clueweb12-0202wb-90-05223 0
260 0 clueweb12-0305wb-08-14726 0
260 0 clueweb12-0201wb-36-00819 0
260 0 clueweb12-0410wb-62-17935 0
260 0 clueweb12-1800tw-26-18374 0
260 0 clueweb12-0000wb-66-03245 1
260 0 clueweb12-0004wb-25-35299 0
260 0 clueweb12-0203wb-79-14630 1
260 0 clueweb12-1600wb-53-26537 0
260 0 clueweb12-0701wb-31-34405 0
260 0 clueweb12-0604wb-32-28343 0
260 0 clueweb12-0107wb-79-25766 0
260 0 clueweb12-0000tw-07-07084 0
260 0 clueweb12-0210wb-08-33715 0
260 0 clueweb12-0917wb-27-31110 0
260 0 clueweb12-1305wb-60-03190 0
260 0 clueweb12-1316wb-05-30341 0
261 0 clueweb12-1601wb-41-19222 1
261 0 clueweb12-1602wb-06-09681 1
261 0 clueweb12-0804wb-87-03767 0
261 0 clueweb12-0109wb-42-03245 0
261 0 clueweb12-0102wb-95-13558 0
261 0 clueweb12-0108wb-83-27468 0
261 0 clueweb12-0912wb-52-23839 1
261 0 clueweb12-1813wb-26-09286 0
261 0 clueweb12-1202wb-26-08008 0
261 0 clueweb12-1406wb-97-01511 1
261 0 clueweb12-1806wb-18-00239 0
261 0 clueweb12-0717wb-19-10254 0
261 0 clueweb12-0404wb-64-07756 0
261 0 clueweb12-0013wb-08-02084 0
261 0 clueweb12-1009wb-71-21483 0
261 0 clueweb12-0912wb-83-24101 0
261 0 clueweb12-1010wb-34-00632 0
261 0 clueweb12-1908wb-83-13396 0
261 0 clueweb12-0814wb-59-19361 0
261 0 clueweb12-1708wb-36-13377 0
261 0 clueweb12-0001wb-04-22238 0
261 0 clueweb12-1108wb-49-20566 0
261 0 clueweb12-0206wb-39-12389 0
261 0 clueweb12-0002wb-97-13256 0
261 0 clueweb12-0002wb-10-00439 0
261 0 clueweb12-0107wb-21-10640 0
261 0 clueweb12-0002wb-52-12681 0
261 0 clueweb12-0211wb-32-09724 0
261 0 clueweb12-0206wb-16-32520 0
261 0 clueweb12-0200wb-06-04298 0
261 0 clueweb12-1300wb-54-23025 0
261 0 clueweb12-1105wb-92-01498 0
261 0 clueweb12-0813wb-87-04287 0
261 0 clueweb12-0600tw-37-11885 0
261 0 clueweb12-1807wb-48-13177 0
261 0 clueweb12-1202wb-29-22209 0
261 0 clueweb12-0402wb-03-24282 1
261 0 clueweb12-0913wb-21-00771 0
261 0 clueweb12-1016wb-92-14795 0
261 0 clueweb12-0108wb-91-29511 0
261 0 clueweb12-0305wb-54-20162 1
261 0 clueweb12-1901wb-76-07112 0
261 0 clueweb12-0001wb-49-33795 0
261 0 clueweb12-0917wb-99-02689 0
261 0 clueweb12-1703wb-29-25433 0
261 0 clueweb12-0303wb-04-06533 0
261 0 clueweb12-1300wb-47-21430 0
261 0 clueweb12-0000wb-77-26642 0
261 0 clueweb12-0818wb-39-23264 0
261 0 clueweb12-0002wb-81-15091 0
262 0 clueweb12-1503wb-76-28845 0
262 0 clueweb12-0108wb-10-01208 0
262 0 clueweb12-1814wb-61-20876 0
262 0 clueweb12-0308wb-50-15269 1
262 0 clueweb12-1114wb-64-14474 1
262 0 clueweb12-1909wb-14-29115 1
262 0 clueweb12-0810wb-75-08294 1
262 0 clueweb12-1806wb-26-31108 1
262 0 clueweb12-1114wb-27-04628 1
262 0 clueweb12-1000wb-08-07589 1
262 0 clueweb12-0917wb-98-19710 1
262 0 clueweb12-1909wb-09-20462 1
262 0 clueweb12-0208wb-64-06218 1
262 0 clueweb12-1416wb-21-01910 0
262 0 clueweb12-1105wb-51-10900 0
262 0 clueweb12-0103wb-54-22581 1
262 0 clueweb12-0103wb-24-22655 1
262 0 clueweb12-0104wb-19-29016 1
262 0 clueweb12-1100tw-39-20332 1
262 0 clueweb12-1100tw-41-19465 1
262 0 clueweb12-1100tw-41-19466 1
262 0 clueweb12-1100tw-39-20333 1
262 0 clueweb12-1700tw-47-07883 1
262 0 clueweb12-1300tw-04-15156 1
262 0 clueweb12-1700tw-50-08010 1
262 0 clueweb12-0103wb-12-03978 1
262 0 clueweb12-0103wb-19-15071 1
262 0 clueweb12-0407wb-19-28246 1
262 0 clueweb12-0405wb-58-27915 1
262 0 clueweb12-1012wb-09-13984 1
262 0 clueweb12-1114wb-35-10284 1
262 0 clueweb12-1114wb-35-10285 1
262 0 clueweb12-0103wb-93-23499 1
262 0 clueweb12-0103wb-41-01365 1
262 0 clueweb12-0103wb-63-21295 1
262 0 clueweb12-0103wb-72-13383 1
262 0 clueweb12-0406wb-41-15975 1
262 0 clueweb12-0103wb-72-13384 1
262 0 clueweb12-0103wb-54-22582 1
262 0 clueweb12-0405wb-58-27914 0
262 0 clueweb12-0503wb-83-22993 0
262 0 clueweb12-0104wb-77-24408 0
262 0 clueweb12-1907wb-78-25570 1
262 0 clueweb12-1808wb-79-25424 1
262 0 clueweb12-1809wb-76-08495 1
262 0 clueweb12-1100tw-32-16699 1
262 0 clueweb12-0812wb-91-28816 0
262 0 clueweb12-1908wb-98-10884 1
262 0 clueweb12-1905wb-35-20038 1
262 0 clueweb12-1812wb-91-14325 1
263 0 clueweb12-0311wb-09-16497 0
263 0 clueweb12-0013wb-21-30439 0
263 0 clueweb12-0202wb-53-01347 0
263 0 clueweb12-1305wb-51-01351 0
263 0 clueweb12-0101wb-51-11238 0
263 0 clueweb12-0303wb-61-20150 0
263 0 clueweb12-0800wb-46-12789 0
263 0 clueweb12-0714wb-42-13622 0
263 0 clueweb12-0700wb-09-09954 1
263 0 clueweb12-0612wb-14-07136 1
263 0 clueweb12-0901wb-19-07007 0
263 0 clueweb12-0007wb-42-13337 1
263 0 clueweb12-0301wb-59-26314 1
263 0 clueweb12-0304wb-42-11263 1
263 0 clueweb12-0301wb-63-24701 1
263 0 clueweb12-0304wb-86-30180 1
263 0 clueweb12-0506wb-91-14212 1
263 0 clueweb12-0011wb-07-02375 1
263 0 clueweb12-0703wb-55-08135 1
263 0 clueweb12-1402wb-60-09402 1
263 0 clueweb12-0008wb-96-00039 1
263 0 clueweb12-1307wb-48-09416 1
263 0 clueweb12-0919wb-18-09303 0
263 0 clueweb12-1115wb-23-19238 1
263 0 clueweb12-0807wb-82-29015 1
263 0 clueweb12-0200wb-87-11097 1
263 0 clueweb12-1804wb-14-01418 1
263 0 clueweb12-0206wb-97-08530 1
263 0 clueweb12-1114wb-62-06583 1
263 0 clueweb12-0100wb-18-00631 1
263 0 clueweb12-0802wb-82-08479 0
263 0 clueweb12-0108wb-19-00881 1
263 0 clueweb12-1315wb-13-13511 0
263 0 clueweb12-0301wb-90-07030 0
263 0 clueweb12-0707wb-86-16770 1
263 0 clueweb12-1017wb-85-17656 1
263 0 clueweb12-0804wb-35-24215 0
263 0 clueweb12-0301wb-41-24193 1
263 0 clueweb12-0808wb-00-18740 1
263 0 clueweb12-0708wb-73-10107 0
263 0 clueweb12-1012wb-03-07108 1
263 0 clueweb12-0800wb-95-19922 1
263 0 clueweb12-0310wb-35-20977 1
263 0 clueweb12-0917wb-44-26583 1
263 0 clueweb12-0410wb-17-19175 1
263 0 clueweb12-1804wb-97-20269 0
263 0 clueweb12-1012wb-84-04646 1
263 0 clueweb12-0008wb-24-20569 0
263 0 clueweb12-0207wb-04-32185 1
263 0 clueweb12-0816wb-41-01676 1
264 0 clueweb12-0814wb-23-19250 0
264 0 clueweb12-1712wb-57-08042 0
264 0 clueweb12-0012wb-42-25191 0
264 0 clueweb12-0204wb-93-28737 1
264 0 clueweb12-0501wb-12-03358 1
264 0 clueweb12-0102wb-75-27256 1
264 0 clueweb12-0112wb-45-02372 1
264 0 clueweb12-1108wb-71-16703 1
264 0 clueweb12-1608wb-67-02075 0
264 0 clueweb12-1913wb-80-22451 0
264 0 clueweb12-1811wb-47-12328 0
264 0 clueweb12-1306wb-49-15879 0
264 0 clueweb12-1101wb-53-16038 0
264 0 clueweb12-0708wb-42-05052 0
264 0 clueweb12-1307wb-27-12104 0
264 0 clueweb12-0111wb-56-25833 1
264 0 clueweb12-0406wb-84-20846 1
264 0 clueweb12-0310wb-49-22320 1
264 0 clueweb12-0205wb-06-17542 0
264 0 clueweb12-0000wb-32-34084 0
264 0 clueweb12-0202wb-73-28494 0
264 0 clueweb12-0109wb-45-17708 1
264 0 clueweb12-0006wb-47-10675 0
264 0 clueweb12-0112wb-09-10763 1
264 0 clueweb12-0403wb-02-22946 0
264 0 clueweb12-0310wb-99-11162 0
264 0 clueweb12-0013wb-30-17691 1
264 0 clueweb12-0004wb-62-26053 0
264 0 clueweb12-0012wb-76-07880 1
264 0 clueweb12-0013wb-42-00426 1
264 0 clueweb12-0917wb-60-21736 1
264 0 clueweb12-0002wb-10-07342 1
264 0 clueweb12-0411wb-69-09677 0
264 0 clueweb12-0301wb-83-06335 0
264 0 clueweb12-0510wb-34-01698 0
264 0 clueweb12-1712wb-57-08040 0
264 0 clueweb12-1213wb-25-17150 1
264 0 clueweb12-0705wb-82-16156 1
264 0 clueweb12-1101wb-54-01995 0
264 0 clueweb12-0801wb-96-11436 0
264 0 clueweb12-1505wb-34-14893 0
264 0 clueweb12-0409wb-58-00822 0
264 0 clueweb12-0009wb-45-28657 0
264 0 clueweb12-1905wb-41-04604 1
264 0 clueweb12-1809wb-56-27291 0
264 0 clueweb12-1118wb-64-09026 0
264 0 clueweb12-1118wb-68-27347 0
264 0 clueweb12-0111wb-56-25840 1
264 0 clueweb12-0203wb-55-02359 0
264 0 clueweb12-0500wb-06-17799 1
265 0 clueweb12-0712wb-12-24853 0
265 0 clueweb12-0100tw-12-14489 0
265 0 clueweb12-0304wb-14-27166 0
265 0 clueweb12-0304wb-88-22539 0
265 0 clueweb12-0006wb-23-26922 0
265 0 clueweb12-1702wb-95-31069 0
265 0 clueweb12-1706wb-74-09561 0
265 0 clueweb12-0304wb-88-22540 0
265 0 clueweb12-0612wb-68-26252 0
265 0 clueweb12-0408wb-88-11953 0
265 0 clueweb12-0011wb-58-37181 0
265 0 clueweb12-0110wb-16-12385 0
265 0 clueweb12-0201wb-44-14108 0
265 0 clueweb12-0210wb-37-11054 0
265 0 clueweb12-0716wb-24-19221 0
265 0 clueweb12-0917wb-07-26285 0
265 0 clueweb12-1400wb-48-01359 0
265 0 clueweb12-0304wb-88-22541 0
265 0 clueweb12-1707wb-16-11842 0
265 0 clueweb12-1810wb-31-09079 0
265 0 clueweb12-0602wb-68-02683 0
265 0 clueweb12-0011wb-15-17154 0
265 0 clueweb12-0305wb-85-32990 0
265 0 clueweb12-0300wb-22-27472 0
265 0 clueweb12-0700wb-92-34497 0
265 0 clueweb12-1400wb-74-27049 0
265 0 clueweb12-0011wb-15-15473 1
265 0 clueweb12-0012wb-00-30916 0
265 0 clueweb12-0207wb-67-30378 0
265 0 clueweb12-0001wb-50-32895 1
265 0 clueweb12-0808wb-90-18221 1
265 0 clueweb12-1507wb-47-18960 0
265 0 clueweb12-0304wb-31-11757 0
265 0 clueweb12-0212wb-08-21179 0
265 0 clueweb12-0305wb-32-10098 0
265 0 clueweb12-0100wb-29-06042 0
265 0 clueweb12-0103wb-74-07728 0
265 0 clueweb12-0604wb-41-06839 0
265 0 clueweb12-0602wb-76-00798 0
265 0 clueweb12-1500tw-09-09282 0
265 0 clueweb12-1400wb-69-14353 0
265 0 clueweb12-0304wb-10-21917 0
265 0 clueweb12-1907wb-88-12071 0
265 0 clueweb12-1100wb-86-01811 0
265 0 clueweb12-0011wb-02-20835 1
265 0 clueweb12-1217wb-21-06229 0
265 0 clueweb12-0304wb-88-01100 0
265 0 clueweb12-1507wb-53-13285 0
265 0 clueweb12-1400tw-29-08288 0
265 0 clueweb12-0900tw-39-02584 0
266 0 clueweb12-1401wb-56-10292 0
266 0 clueweb12-0003wb-56-28161 1
266 0 clueweb12-0102wb-39-02201 1
266 0 clueweb12-0000wb-77-27010 1
266 0 clueweb12-0000wb-02-07823 1
266 0 clueweb12-0004wb-75-25645 1
266 0 clueweb12-0000wb-77-27009 1
266 0 clueweb12-1809wb-92-13424 0
266 0 clueweb12-1107wb-62-06685 1
266 0 clueweb12-1300wb-95-08018 1
266 0 clueweb12-0813wb-58-12209 1
266 0 clueweb12-1707wb-37-13940 1
266 0 clueweb12-0202wb-60-22297 1
266 0 clueweb12-0000wb-58-28731 1
266 0 clueweb12-0000wb-91-24826 1
266 0 clueweb12-0202wb-67-33253 1
266 0 clueweb12-1609wb-87-22504 0
266 0 clueweb12-0000wb-77-27002 1
266 0 clueweb12-0004wb-01-14263 1
266 0 clueweb12-0000wb-77-27006 1
266 0 clueweb12-0009wb-63-29665 1
266 0 clueweb12-1501wb-23-16793 0
266 0 clueweb12-1303wb-13-01777 1
266 0 clueweb12-0809wb-97-25778 1
266 0 clueweb12-0810wb-81-10564 1
266 0 clueweb12-0306wb-95-17766 1
266 0 clueweb12-0400wb-35-05040 1
266 0 clueweb12-0400wb-85-28204 1
266 0 clueweb12-0001wb-99-02444 1
266 0 clueweb12-0818wb-29-02385 1
266 0 clueweb12-1813wb-62-33417 1
266 0 clueweb12-1303wb-14-11933 1
266 0 clueweb12-1303wb-65-02040 1
266 0 clueweb12-1905wb-53-25578 1
266 0 clueweb12-1106wb-82-06285 1
266 0 clueweb12-1302wb-66-18332 1
266 0 clueweb12-1707wb-37-13936 1
266 0 clueweb12-1108wb-58-01294 1
266 0 clueweb12-0402wb-10-34906 0
266 0 clueweb12-1803wb-69-12788 1
266 0 clueweb12-0112wb-29-06538 1
266 0 clueweb12-0000wb-90-14917 1
266 0 clueweb12-0000wb-90-14916 1
266 0 clueweb12-0000wb-21-14154 0
266 0 clueweb12-0300tw-96-07155 1
266 0 clueweb12-0300tw-80-15404 1
266 0 clueweb12-1301wb-60-16592 1
266 0 clueweb12-0301tw-05-16556 1
266 0 clueweb12-0300tw-77-06735 1
266 0 clueweb12-0300tw-76-00282 1
267 0 clueweb12-0006wb-89-31935 1
267 0 clueweb12-0401wb-77-02942 1
267 0 clueweb12-0611wb-15-08833 1
267 0 clueweb12-0005wb-87-27938 1
267 0 clueweb12-0300wb-14-27256 0
267 0 clueweb12-1805wb-84-04273 1
267 0 clueweb12-0909wb-19-29873 0
267 0 clueweb12-1508wb-55-09212 1
267 0 clueweb12-0205wb-56-19291 1
267 0 clueweb12-0509wb-29-24258 1
267 0 clueweb12-0904wb-84-08073 1
267 0 clueweb12-0205wb-22-00278 1
267 0 clueweb12-0203wb-23-07264 1
267 0 clueweb12-1504wb-91-22524 1
267 0 clueweb12-0912wb-06-12058 1
267 0 clueweb12-0209wb-06-33447 1
267 0 clueweb12-0104wb-58-20255 0
267 0 clueweb12-1302wb-11-01249 1
267 0 clueweb12-0408wb-80-25700 0
267 0 clueweb12-1908wb-86-02803 0
267 0 clueweb12-0911wb-54-20482 1
267 0 clueweb12-0209wb-93-22646 1
267 0 clueweb12-0003wb-97-22640 1
267 0 clueweb12-0401wb-51-01278 1
267 0 clueweb12-0201wb-51-32214 1
267 0 clueweb12-0605wb-84-27459 1
267 0 clueweb12-1315wb-76-19670 1
267 0 clueweb12-0511wb-33-01343 1
267 0 clueweb12-1008wb-52-13458 1
267 0 clueweb12-0310wb-53-29134 1
267 0 clueweb12-1508wb-22-04599 0
267 0 clueweb12-1914wb-00-03406 0
267 0 clueweb12-1813wb-75-10959 0
267 0 clueweb12-0307wb-64-03284 1
267 0 clueweb12-0916wb-80-28700 1
267 0 clueweb12-1809wb-06-31371 1
267 0 clueweb12-1407wb-17-01797 0
267 0 clueweb12-0000tw-14-03053 0
267 0 clueweb12-0111wb-32-02375 1
267 0 clueweb12-1714wb-22-16119 1
267 0 clueweb12-0302wb-12-31474 1
267 0 clueweb12-0204wb-68-27657 0
267 0 clueweb12-1207wb-95-26291 1
267 0 clueweb12-0411wb-87-09747 0
267 0 clueweb12-0804wb-13-20579 1
267 0 clueweb12-0700wb-28-32790 1
267 0 clueweb12-1809wb-37-32450 0
267 0 clueweb12-0200wb-86-18495 0
267 0 clueweb12-0411wb-72-15381 1
267 0 clueweb12-0411wb-73-32313 1
268 0 clueweb12-0007wb-16-13886 1
268 0 clueweb12-0009wb-05-17532 1
268 0 clueweb12-1801wb-86-09073 1
268 0 clueweb12-0009wb-20-03714 0
268 0 clueweb12-1800wb-73-11803 0
268 0 clueweb12-0600wb-80-19270 0
268 0 clueweb12-0006wb-89-32678 1
268 0 clueweb12-1806wb-14-09041 1
268 0 clueweb12-0404wb-73-31356 1
268 0 clueweb12-0009wb-50-23933 1
268 0 clueweb12-0009wb-20-03721 1
268 0 clueweb12-0006wb-56-05371 1
268 0 clueweb12-0011wb-02-19390 1
268 0 clueweb12-0006wb-46-13075 1
268 0 clueweb12-0100tw-84-04942 0
268 0 clueweb12-1200wb-90-05889 1
268 0 clueweb12-0208wb-18-25672 0
268 0 clueweb12-1607wb-77-10539 1
268 0 clueweb12-1613wb-85-21908 1
268 0 clueweb12-1613wb-85-21909 1
268 0 clueweb12-1614wb-05-11307 1
268 0 clueweb12-1406wb-19-14054 1
268 0 clueweb12-1114wb-22-01062 0
268 0 clueweb12-1813wb-27-14199 1
268 0 clueweb12-0206wb-89-18579 1
268 0 clueweb12-0303wb-99-14382 1
268 0 clueweb12-0716wb-18-07437 1
268 0 clueweb12-0806wb-13-01974 1
268 0 clueweb12-0715wb-51-02843 1
268 0 clueweb12-0303wb-51-30997 1
268 0 clueweb12-0008wb-27-23954 0
268 0 clueweb12-1500wb-75-24112 0
268 0 clueweb12-0211wb-27-15100 0
268 0 clueweb12-1712wb-90-16439 1
268 0 clueweb12-0817wb-31-05924 0
268 0 clueweb12-1208wb-54-00258 0
268 0 clueweb12-1712wb-62-17982 1
268 0 clueweb12-0006wb-33-12993 1
268 0 clueweb12-0013wb-75-07268 1
268 0 clueweb12-0007wb-60-17146 1
268 0 clueweb12-1116wb-35-00653 0
268 0 clueweb12-1900wb-11-30803 1
268 0 clueweb12-0906wb-87-22720 1
268 0 clueweb12-0403wb-85-05243 0
268 0 clueweb12-1214wb-38-15443 0
268 0 clueweb12-1414wb-56-17963 0
268 0 clueweb12-1100tw-92-02044 0
268 0 clueweb12-0010wb-87-12910 1
268 0 clueweb12-0604wb-82-25338 0
268 0 clueweb12-1009wb-29-23466 0
269 0 clueweb12-0800wb-39-28410 0
269 0 clueweb12-1405wb-12-22269 0
269 0 clueweb12-0808wb-30-24575 0
269 0 clueweb12-0108wb-24-29189 0
269 0 clueweb12-1216wb-29-25997 0
269 0 clueweb12-1907wb-65-23304 1
269 0 clueweb12-0005wb-15-19494 0
269 0 clueweb12-0201wb-42-05241 1
269 0 clueweb12-1215wb-21-20207 0
269 0 clueweb12-1616wb-09-24821 1
269 0 clueweb12-0410wb-77-14187 0
269 0 clueweb12-1005wb-90-20095 0
269 0 clueweb12-1216wb-41-03268 0
269 0 clueweb12-0301wb-66-05425 0
269 0 clueweb12-0109wb-01-06403 0
269 0 clueweb12-1413wb-87-10825 0
269 0 clueweb12-0003wb-23-03537 1
269 0 clueweb12-1020wb-37-05069 0
269 0 clueweb12-0512wb-46-20464 0
269 0 clueweb12-0212wb-14-20921 0
269 0 clueweb12-1400wb-90-25770 0
269 0 clueweb12-1100tw-69-02032 0
269 0 clueweb12-0302wb-73-15022 0
269 0 clueweb12-1405wb-28-10286 0
269 0 clueweb12-0101wb-92-27156 0
269 0 clueweb12-0203wb-69-27773 0
269 0 clueweb12-1301wb-59-31937 0
269 0 clueweb12-1216wb-29-25994 0
269 0 clueweb12-0205wb-08-30792 1
269 0 clueweb12-0205wb-08-30775 0
269 0 clueweb12-0206wb-90-00102 0
269 0 clueweb12-0706wb-55-02582 0
269 0 clueweb12-0011wb-14-07531 0
269 0 clueweb12-0211wb-41-16477 0
269 0 clueweb12-0005wb-15-19514 0
269 0 clueweb12-0811wb-47-20072 0
269 0 clueweb12-1506wb-69-14569 0
269 0 clueweb12-0806wb-25-05420 0
269 0 clueweb12-1509wb-40-15411 0
269 0 clueweb12-0211wb-34-02451 0
269 0 clueweb12-0212wb-14-20922 0
269 0 clueweb12-1215wb-92-21540 0
269 0 clueweb12-0100wb-71-13403 0
269 0 clueweb12-1714wb-46-27247 0
269 0 clueweb12-0701wb-26-08301 0
269 0 clueweb12-0811wb-54-24561 0
269 0 clueweb12-1700wb-29-21467 0
269 0 clueweb12-0304wb-52-14922 0
269 0 clueweb12-0304wb-14-01716 0
269 0 clueweb12-0401wb-62-26542 0
270 0 clueweb12-0209wb-19-16728 0
270 0 clueweb12-1200tw-91-14083 0
270 0 clueweb12-0208wb-74-24219 0
270 0 clueweb12-0207wb-98-24072 0
270 0 clueweb12-0305wb-70-20734 1
270 0 clueweb12-0008wb-79-01222 0
270 0 clueweb12-0000wb-28-21696 1
270 0 clueweb12-1600wb-64-17766 0
270 0 clueweb12-0807wb-26-00827 0
270 0 clueweb12-0207wb-75-00856 0
270 0 clueweb12-1312wb-29-01648 0
270 0 clueweb12-0600wb-89-15510 0
270 0 clueweb12-0708wb-08-10874 0
270 0 clueweb12-1019wb-28-05394 0
270 0 clueweb12-0605wb-60-27239 0
270 0 clueweb12-0402wb-04-18470 0
270 0 clueweb12-1311wb-29-13503 0
270 0 clueweb12-1610wb-07-15865 0
270 0 clueweb12-0606wb-42-06555 1
270 0 clueweb12-0000wb-07-16054 0
270 0 clueweb12-1611wb-10-27469 0
270 0 clueweb12-0209wb-52-03341 0
270 0 clueweb12-1701wb-16-33284 0
270 0 clueweb12-0005wb-86-23279 0
270 0 clueweb12-0208wb-27-03060 0
270 0 clueweb12-0002wb-00-06057 0
270 0 clueweb12-0302wb-11-11280 0
270 0 clueweb12-0207wb-59-20389 0
270 0 clueweb12-0207wb-37-20063 0
270 0 clueweb12-1506wb-63-21393 0
270 0 clueweb12-0607wb-86-00689 0
270 0 clueweb12-0607wb-65-22382 0
270 0 clueweb12-0606wb-42-06554 0
270 0 clueweb12-1610wb-73-25827 0
270 0 clueweb12-0404wb-28-33070 0
270 0 clueweb12-0208wb-66-11602 0
270 0 clueweb12-0707wb-01-18107 0
270 0 clueweb12-1104wb-29-06837 0
270 0 clueweb12-0300tw-38-21818 0
270 0 clueweb12-1513wb-06-11707 1
270 0 clueweb12-1608wb-19-13393 0
270 0 clueweb12-0606wb-50-27235 0
270 0 clueweb12-0605wb-69-23739 0
270 0 clueweb12-0207wb-67-09150 0
270 0 clueweb12-1115wb-17-25191 0
270 0 clueweb12-0910wb-73-03457 0
270 0 clueweb12-0209wb-87-19859 1
270 0 clueweb12-0207wb-75-00865 0
270 0 clueweb12-0717wb-29-12686 0
270 0 clueweb12-0815wb-59-06789 0
271 0 clueweb12-1812wb-56-00928 0
271 0 clueweb12-0207wb-75-12777 0
271 0 clueweb12-0208wb-40-22717 0
271 0 clueweb12-0917wb-88-17638 0
271 0 clueweb12-1716wb-31-14675 0
271 0 clueweb12-1810wb-25-14425 0
271 0 clueweb12-0917wb-95-00197 0
271 0 clueweb12-1509wb-02-11719 0
271 0 clueweb12-1102wb-50-21303 0
271 0 clueweb12-1118wb-17-32705 0
271 0 clueweb12-0006wb-79-28526 1
271 0 clueweb12-0407wb-62-03646 1
271 0 clueweb12-0102wb-98-23969 0
271 0 clueweb12-0212wb-13-27340 0
271 0 clueweb12-1809wb-39-32472 0
271 0 clueweb12-0212wb-13-27339 0
271 0 clueweb12-1106wb-72-15435 0
271 0 clueweb12-0002wb-59-17691 0
271 0 clueweb12-0212wb-31-10104 0
271 0 clueweb12-1507wb-05-12364 0
271 0 clueweb12-1801wb-99-05668 0
271 0 clueweb12-1607wb-32-31732 0
271 0 clueweb12-1117wb-65-17873 0
271 0 clueweb12-1604wb-57-08499 0
271 0 clueweb12-0100wb-26-08512 0
271 0 clueweb12-0004wb-65-14367 1
271 0 clueweb12-0408wb-11-18414 1
271 0 clueweb12-0917wb-90-27256 1
271 0 clueweb12-0905wb-26-27557 0
271 0 clueweb12-1601wb-56-11389 0
271 0 clueweb12-1606wb-21-06057 0
271 0 clueweb12-0608wb-95-12498 0
271 0 clueweb12-1305wb-04-07764 0
271 0 clueweb12-0208wb-90-09933 0
271 0 clueweb12-0209wb-94-27084 0
271 0 clueweb12-0002wb-73-19865 0
271 0 clueweb12-0209wb-19-28989 0
271 0 clueweb12-0608wb-44-31971 0
271 0 clueweb12-0106wb-29-33362 0
271 0 clueweb12-0002wb-73-19866 0
271 0 clueweb12-1601wb-59-00099 0
271 0 clueweb12-0913wb-15-24530 1
271 0 clueweb12-0905wb-55-23396 0
271 0 clueweb12-1904wb-45-19434 0
271 0 clueweb12-1613wb-85-22099 1
271 0 clueweb12-1210wb-70-16413 0
271 0 clueweb12-0917wb-19-17237 0
271 0 clueweb12-0716wb-87-06583 0
271 0 clueweb12-0608wb-55-14799 0
271 0 clueweb12-0400tw-50-11078 0
272 0 clueweb12-1713wb-68-20628 0
272 0 clueweb12-0110wb-47-31832 1
272 0 clueweb12-0106wb-70-20345 1
272 0 clueweb12-0110wb-05-00608 1
272 0 clueweb12-0110wb-40-30641 1
272 0 clueweb12-0409wb-37-32013 1
272 0 clueweb12-0106wb-65-18697 1
272 0 clueweb12-0409wb-36-10814 1
272 0 clueweb12-0109wb-66-22016 1
272 0 clueweb12-0106wb-38-07951 1
272 0 clueweb12-0109wb-26-24220 1
272 0 clueweb12-0110wb-95-18312 1
272 0 clueweb12-0110wb-12-29075 1
272 0 clueweb12-0106wb-47-18035 1
272 0 clueweb12-0106wb-38-07950 1
272 0 clueweb12-0106wb-14-15154 1
272 0 clueweb12-0409wb-39-21082 1
272 0 clueweb12-0110wb-76-32128 1
272 0 clueweb12-0409wb-85-17123 1
272 0 clueweb12-0409wb-43-27937 1
272 0 clueweb12-0409wb-94-26725 1
272 0 clueweb12-0409wb-67-00249 1
272 0 clueweb12-0409wb-62-04801 1
272 0 clueweb12-0106wb-47-18037 1
272 0 clueweb12-0110wb-22-22521 1
272 0 clueweb12-0106wb-70-20348 1
272 0 clueweb12-0109wb-04-10471 1
272 0 clueweb12-0109wb-18-16624 1
272 0 clueweb12-0409wb-55-27640 0
272 0 clueweb12-0200wb-50-29747 0
272 0 clueweb12-0106wb-70-20344 1
272 0 clueweb12-0409wb-76-02776 1
272 0 clueweb12-0409wb-85-17124 1
272 0 clueweb12-0109wb-82-08930 1
272 0 clueweb12-0409wb-74-08335 1
272 0 clueweb12-0106wb-14-15155 1
272 0 clueweb12-0409wb-49-12255 1
272 0 clueweb12-0110wb-31-01782 1
272 0 clueweb12-0110wb-22-22522 1
272 0 clueweb12-0409wb-67-00252 1
272 0 clueweb12-0111wb-37-01141 0
272 0 clueweb12-1409wb-17-12277 0
272 0 clueweb12-1201wb-03-28495 1
272 0 clueweb12-0908wb-90-17359 0
272 0 clueweb12-1504wb-90-16883 1
272 0 clueweb12-1200tw-23-10330 1
272 0 clueweb12-1505wb-15-20195 1
272 0 clueweb12-0206wb-39-33979 0
272 0 clueweb12-1812wb-50-04719 1
272 0 clueweb12-1812wb-35-04314 1
273 0 clueweb12-0112wb-05-17870 1
273 0 clueweb12-0310wb-68-07558 1
273 0 clueweb12-0009wb-38-12069 1
273 0 clueweb12-0008wb-75-01140 1
273 0 clueweb12-0310wb-50-29927 1
273 0 clueweb12-0108wb-83-27176 0
273 0 clueweb12-0704wb-18-00787 1
273 0 clueweb12-1515wb-64-13738 0
273 0 clueweb12-1310wb-54-23244 0
273 0 clueweb12-0814wb-97-33574 1
273 0 clueweb12-1307wb-49-28168 0
273 0 clueweb12-1501wb-19-26875 0
273 0 clueweb12-1408wb-45-16490 1
273 0 clueweb12-0305wb-90-17570 0
273 0 clueweb12-0304wb-02-14401 0
273 0 clueweb12-0202wb-99-26311 1
273 0 clueweb12-0110wb-79-20775 0
273 0 clueweb12-1715wb-90-11135 1
273 0 clueweb12-0104wb-11-28673 0
273 0 clueweb12-0503wb-58-03162 1
273 0 clueweb12-0200wb-08-26822 1
273 0 clueweb12-0917wb-00-27070 0
273 0 clueweb12-1117wb-20-31318 0
273 0 clueweb12-0212wb-12-32020 0
273 0 clueweb12-1012wb-52-12726 0
273 0 clueweb12-0510wb-74-19421 1
273 0 clueweb12-0502wb-40-20839 0
273 0 clueweb12-0010wb-28-15542 0
273 0 clueweb12-0910wb-36-27892 0
273 0 clueweb12-0307wb-40-32204 0
273 0 clueweb12-0108wb-13-27186 0
273 0 clueweb12-1710wb-30-22591 0
273 0 clueweb12-1604wb-64-00132 0
273 0 clueweb12-1701wb-90-18536 0
273 0 clueweb12-0406wb-29-32221 0
273 0 clueweb12-0501wb-98-04640 0
273 0 clueweb12-0409wb-96-19884 0
273 0 clueweb12-0010wb-28-15526 0
273 0 clueweb12-1012wb-62-02377 0
273 0 clueweb12-0010wb-41-03123 0
273 0 clueweb12-1402wb-63-13233 0
273 0 clueweb12-0103wb-53-22312 0
273 0 clueweb12-1609wb-64-06925 0
273 0 clueweb12-0911wb-08-14927 0
273 0 clueweb12-0100wb-95-01516 0
273 0 clueweb12-0204wb-61-01007 0
273 0 clueweb12-1311wb-35-00932 0
273 0 clueweb12-1412wb-01-01483 0
273 0 clueweb12-0704wb-63-25689 0
273 0 clueweb12-1904wb-48-17664 1
274 0 clueweb12-0108wb-94-20170 0
274 0 clueweb12-0201wb-36-15124 1
274 0 clueweb12-0200tw-52-16937 0
274 0 clueweb12-0000wb-31-33974 0
274 0 clueweb12-1912wb-56-10915 1
274 0 clueweb12-1912wb-56-10914 1
274 0 clueweb12-0301wb-13-19167 1
274 0 clueweb12-0300wb-90-13982 1
274 0 clueweb12-0301wb-06-20568 1
274 0 clueweb12-1912wb-56-10923 1
274 0 clueweb12-1912wb-56-10924 1
274 0 clueweb12-0300wb-90-13981 1
274 0 clueweb12-1912wb-56-10902 1
274 0 clueweb12-0301wb-06-20559 1
274 0 clueweb12-1020wb-17-13911 1
274 0 clueweb12-0300wb-90-13980 1
274 0 clueweb12-0300wb-98-20074 1
274 0 clueweb12-1018wb-75-02946 1
274 0 clueweb12-1912wb-57-31650 0
274 0 clueweb12-0103wb-49-02605 1
274 0 clueweb12-0302wb-63-14736 1
274 0 clueweb12-1904wb-93-10279 0
274 0 clueweb12-0004wb-65-22505 1
274 0 clueweb12-0509wb-80-25818 1
274 0 clueweb12-1501wb-63-14746 1
274 0 clueweb12-1912wb-36-28675 0
274 0 clueweb12-0303wb-03-07044 0
274 0 clueweb12-1015wb-14-04922 0
274 0 clueweb12-0002wb-47-00562 1
274 0 clueweb12-0502wb-24-32239 1
274 0 clueweb12-0108wb-99-22215 0
274 0 clueweb12-0507wb-86-06460 0
274 0 clueweb12-0806wb-14-15948 0
274 0 clueweb12-0004wb-12-11995 0
274 0 clueweb12-0111wb-55-13689 0
274 0 clueweb12-0112wb-23-21350 0
274 0 clueweb12-0008wb-70-23811 0
274 0 clueweb12-1416wb-79-10043 0
274 0 clueweb12-1304wb-58-04312 0
274 0 clueweb12-0501wb-71-24159 0
274 0 clueweb12-1415wb-31-14848 0
274 0 clueweb12-0109wb-51-26395 0
274 0 clueweb12-0111wb-62-27099 0
274 0 clueweb12-0008wb-01-19074 0
274 0 clueweb12-0209wb-48-05430 1
274 0 clueweb12-1910wb-82-13614 0
274 0 clueweb12-0000wb-74-33498 0
274 0 clueweb12-0502wb-03-07367 0
274 0 clueweb12-0008wb-52-20154 0
274 0 clueweb12-0109wb-10-11507 1
275 0 clueweb12-1600wb-49-30846 0
275 0 clueweb12-1218wb-47-20176 0
275 0 clueweb12-1807wb-99-23736 0
275 0 clueweb12-0406wb-36-17811 0
275 0 clueweb12-1008wb-52-02429 0
275 0 clueweb12-1207wb-26-16975 0
275 0 clueweb12-1316wb-37-28592 0
275 0 clueweb12-0101wb-81-22612 1
275 0 clueweb12-0301tw-53-04722 0
275 0 clueweb12-1214wb-80-18633 0
275 0 clueweb12-1913wb-35-26319 1
275 0 clueweb12-1913wb-35-26323 1
275 0 clueweb12-1914wb-08-05825 1
275 0 clueweb12-1914wb-08-05826 1
275 0 clueweb12-1914wb-08-05848 1
275 0 clueweb12-1914wb-22-31675 1
275 0 clueweb12-0311wb-07-06427 0
275 0 clueweb12-0808wb-11-04728 0
275 0 clueweb12-1106wb-21-07564 0
275 0 clueweb12-0102wb-76-00563 1
275 0 clueweb12-1106wb-17-01660 0
275 0 clueweb12-1303wb-65-13405 0
275 0 clueweb12-0715wb-28-03648 0
275 0 clueweb12-1705wb-61-04000 0
275 0 clueweb12-0406wb-61-04924 0
275 0 clueweb12-0916wb-33-17427 0
275 0 clueweb12-1503wb-29-24122 0
275 0 clueweb12-0203wb-09-00397 1
275 0 clueweb12-0012wb-26-20810 0
275 0 clueweb12-1809wb-75-16682 0
275 0 clueweb12-0805wb-16-03045 1
275 0 clueweb12-0102wb-82-31172 0
275 0 clueweb12-1716wb-33-20508 1
275 0 clueweb12-0813wb-62-13181 1
275 0 clueweb12-0406wb-26-12629 0
275 0 clueweb12-1205wb-05-21360 0
275 0 clueweb12-0814wb-14-15106 0
275 0 clueweb12-1913wb-35-26317 0
275 0 clueweb12-1914wb-08-05834 1
275 0 clueweb12-0208wb-91-08248 0
275 0 clueweb12-0713wb-48-11948 0
275 0 clueweb12-1211wb-50-05010 0
275 0 clueweb12-0403wb-88-08042 0
275 0 clueweb12-0401wb-39-10093 0
275 0 clueweb12-1913wb-35-26310 1
275 0 clueweb12-0007wb-51-22087 0
275 0 clueweb12-1701wb-11-07695 0
275 0 clueweb12-0209wb-35-00611 0
275 0 clueweb12-0303wb-06-30369 0
275 0 clueweb12-1807wb-33-22821 0
276 0 clueweb12-0002wb-84-27262 1
276 0 clueweb12-1413wb-15-04397 0
276 0 clueweb12-0302wb-01-29363 0
276 0 clueweb12-0109wb-86-12367 1
276 0 clueweb12-0002wb-19-07224 1
276 0 clueweb12-0210wb-67-20024 0
276 0 clueweb12-0000wb-66-03540 1
276 0 clueweb12-1208wb-72-14454 1
276 0 clueweb12-0000wb-00-37000 1
276 0 clueweb12-0804wb-79-26797 1
276 0 clueweb12-0006wb-01-08156 1
276 0 clueweb12-0000wb-37-27508 1
276 0 clueweb12-0311wb-21-11262 1
276 0 clueweb12-0700wb-19-21526 1
276 0 clueweb12-1311wb-13-05485 0
276 0 clueweb12-0602wb-39-10217 0
276 0 clueweb12-1502wb-99-20128 1
276 0 clueweb12-1313wb-47-08836 1
276 0 clueweb12-0000wb-65-24618 1
276 0 clueweb12-0006wb-37-06457 1
276 0 clueweb12-0403wb-71-14290 1
276 0 clueweb12-1716wb-35-22368 1
276 0 clueweb12-1310wb-53-19444 1
276 0 clueweb12-0611wb-31-03672 1
276 0 clueweb12-0403wb-71-14311 1
276 0 clueweb12-1717wb-10-09524 1
276 0 clueweb12-0817wb-07-27106 1
276 0 clueweb12-0401wb-65-25972 1
276 0 clueweb12-0407wb-15-07455 1
276 0 clueweb12-0609wb-60-29602 1
276 0 clueweb12-1512wb-60-05495 1
276 0 clueweb12-1213wb-11-05874 1
276 0 clueweb12-0600wb-02-32680 0
276 0 clueweb12-1814wb-46-16236 0
276 0 clueweb12-0805wb-13-01645 1
276 0 clueweb12-1502wb-03-00724 1
276 0 clueweb12-0406wb-13-16074 1
276 0 clueweb12-1716wb-71-08211 0
276 0 clueweb12-1913wb-75-11581 1
276 0 clueweb12-1507wb-02-26716 0
276 0 clueweb12-0401tw-03-02530 1
276 0 clueweb12-0010wb-58-17252 1
276 0 clueweb12-1802wb-16-22170 1
276 0 clueweb12-0815wb-93-06490 1
276 0 clueweb12-0406wb-91-04422 1
276 0 clueweb12-0602wb-09-22972 1
276 0 clueweb12-0307wb-69-25570 1
276 0 clueweb12-0716wb-06-12731 1
276 0 clueweb12-1200wb-83-12351 1
276 0 clueweb12-0406wb-72-30724 1
277 0 clueweb12-0300tw-83-08118 0
277 0 clueweb12-0111wb-04-30680 1
277 0 clueweb12-0111wb-24-08783 1
277 0 clueweb12-1808wb-37-10293 0
277 0 clueweb12-1115wb-70-10897 1
277 0 clueweb12-1116wb-12-15977 1
277 0 clueweb12-1113wb-81-07411 1
277 0 clueweb12-1116wb-24-18652 1
277 0 clueweb12-1116wb-20-08392 1
277 0 clueweb12-1115wb-82-27919 1
277 0 clueweb12-0202wb-78-01741 1
277 0 clueweb12-1115wb-76-16920 1
277 0 clueweb12-0601wb-79-29321 0
277 0 clueweb12-1611wb-54-21048 0
277 0 clueweb12-1412wb-32-07370 0
277 0 clueweb12-0412wb-12-22392 0
277 0 clueweb12-0012wb-82-16841 0
277 0 clueweb12-1509wb-49-14490 0
277 0 clueweb12-0103wb-68-26039 0
277 0 clueweb12-0103wb-90-01821 0
277 0 clueweb12-0006wb-89-25651 0
277 0 clueweb12-0103wb-30-08005 0
277 0 clueweb12-0200wb-89-02833 0
277 0 clueweb12-0407wb-31-12184 0
277 0 clueweb12-1403wb-61-18810 0
277 0 clueweb12-1212wb-26-00395 0
277 0 clueweb12-0109wb-90-09205 0
277 0 clueweb12-1805wb-39-17710 0
277 0 clueweb12-1207wb-82-12620 0
277 0 clueweb12-0502wb-78-31446 0
277 0 clueweb12-0411wb-96-25607 1
277 0 clueweb12-0807wb-23-28877 1
277 0 clueweb12-1600tw-39-00992 1
277 0 clueweb12-0102wb-31-30753 0
277 0 clueweb12-0102wb-63-07614 0
277 0 clueweb12-1500tw-41-20731 0
277 0 clueweb12-0716wb-27-08559 0
277 0 clueweb12-0912wb-54-03488 0
277 0 clueweb12-0918wb-67-08767 0
277 0 clueweb12-0100wb-21-22041 0
277 0 clueweb12-0709wb-93-16709 0
277 0 clueweb12-0103wb-49-07747 0
277 0 clueweb12-1805wb-09-15709 0
277 0 clueweb12-0303wb-33-23492 0
277 0 clueweb12-0007wb-69-04946 1
277 0 clueweb12-1709wb-72-21786 1
277 0 clueweb12-0103wb-38-35356 0
277 0 clueweb12-0904wb-11-06920 0
277 0 clueweb12-1116wb-20-08393 1
277 0 clueweb12-1000tw-88-00617 0
278 0 clueweb12-1904wb-28-11121 0
278 0 clueweb12-0602wb-88-00972 0
278 0 clueweb12-1610wb-27-03400 0
278 0 clueweb12-0106wb-60-14113 0
278 0 clueweb12-0602wb-95-15283 0
278 0 clueweb12-0201wb-78-29928 0
278 0 clueweb12-0005wb-69-26100 0
278 0 clueweb12-0400wb-27-09937 0
278 0 clueweb12-0809wb-02-13475 0
278 0 clueweb12-0203wb-51-33577 0
278 0 clueweb12-1813wb-23-11400 0
278 0 clueweb12-1000tw-98-05069 0
278 0 clueweb12-1901wb-36-12567 0
278 0 clueweb12-0607wb-28-30905 1
278 0 clueweb12-0920wb-00-05718 0
278 0 clueweb12-0204wb-89-07102 0
278 0 clueweb12-1615wb-62-22764 0
278 0 clueweb12-1903wb-74-12603 0
278 0 clueweb12-1105wb-54-07001 0
278 0 clueweb12-1904wb-00-14593 0
278 0 clueweb12-0800wb-47-00335 0
278 0 clueweb12-0603wb-66-03300 0
278 0 clueweb12-0201wb-26-19219 0
278 0 clueweb12-0209wb-49-05333 0
278 0 clueweb12-0109wb-24-20724 0
278 0 clueweb12-1511wb-18-14470 0
278 0 clueweb12-0005wb-77-26735 0
278 0 clueweb12-1205wb-32-02428 0
278 0 clueweb12-1100tw-17-11936 0
278 0 clueweb12-1800wb-41-25546 0
278 0 clueweb12-0009wb-35-20127 1
278 0 clueweb12-0900tw-75-02569 0
278 0 clueweb12-0906wb-05-02236 0
278 0 clueweb12-1208wb-51-23416 0
278 0 clueweb12-1009wb-68-02011 0
278 0 clueweb12-1716wb-50-06353 0
278 0 clueweb12-0713wb-53-13442 0
278 0 clueweb12-0400wb-11-13189 0
278 0 clueweb12-0010wb-63-12286 0
278 0 clueweb12-0108wb-20-08393 0
278 0 clueweb12-1904wb-03-07429 0
278 0 clueweb12-1503wb-87-18634 0
278 0 clueweb12-1017wb-80-07773 0
278 0 clueweb12-0806wb-76-04556 0
278 0 clueweb12-0716wb-04-12266 0
278 0 clueweb12-0004wb-38-00440 0
278 0 clueweb12-0103wb-52-20746 0
278 0 clueweb12-1612wb-97-17240 0
278 0 clueweb12-0005wb-65-26589 0
278 0 clueweb12-0109wb-24-20725 0
279 0 clueweb12-1510wb-84-00954 0
279 0 clueweb12-1007wb-25-22531 0
279 0 clueweb12-0300tw-69-00239 1
279 0 clueweb12-0007wb-14-32274 1
279 0 clueweb12-0203wb-29-02725 0
279 0 clueweb12-0303wb-56-28710 0
279 0 clueweb12-0000tw-09-15082 0
279 0 clueweb12-0908wb-12-18654 0
279 0 clueweb12-1405wb-50-01995 1
279 0 clueweb12-1516wb-58-17755 1
279 0 clueweb12-0106wb-39-21884 0
279 0 clueweb12-0403wb-99-20345 1
279 0 clueweb12-0918wb-58-27296 0
279 0 clueweb12-1512wb-03-33106 0
279 0 clueweb12-0201wb-45-10015 1
279 0 clueweb12-0108wb-89-23174 1
279 0 clueweb12-1010wb-22-31405 0
279 0 clueweb12-0006wb-20-13859 1
279 0 clueweb12-0400wb-52-22545 1
279 0 clueweb12-0001wb-48-23513 0
279 0 clueweb12-1208wb-67-17782 0
279 0 clueweb12-0205wb-46-25628 0
279 0 clueweb12-1512wb-90-26689 1
279 0 clueweb12-1600wb-84-12814 1
279 0 clueweb12-1710wb-61-07388 1
279 0 clueweb12-0202wb-61-28328 0
279 0 clueweb12-0106wb-84-22309 1
279 0 clueweb12-0110wb-27-10848 1
279 0 clueweb12-0606wb-80-35396 1
279 0 clueweb12-1701wb-87-23802 1
279 0 clueweb12-1503wb-58-06376 0
279 0 clueweb12-0710wb-92-10717 0
279 0 clueweb12-0402wb-04-02765 0
279 0 clueweb12-1307wb-90-16752 0
279 0 clueweb12-1006wb-67-13199 0
279 0 clueweb12-0302wb-66-06617 1
279 0 clueweb12-0209wb-98-13300 0
279 0 clueweb12-1512wb-49-02527 0
279 0 clueweb12-0006wb-18-09174 1
279 0 clueweb12-0606wb-31-12834 0
279 0 clueweb12-0000wb-55-14832 0
279 0 clueweb12-0100tw-26-16636 1
279 0 clueweb12-0002wb-46-25851 0
279 0 clueweb12-0309wb-64-08118 0
279 0 clueweb12-0301tw-58-02872 1
279 0 clueweb12-0405wb-69-28624 0
279 0 clueweb12-0108wb-76-30788 1
279 0 clueweb12-0008wb-72-11113 1
279 0 clueweb12-0301wb-32-27575 1
279 0 clueweb12-0203wb-08-29480 1
280 0 clueweb12-1808wb-23-20870 0
280 0 clueweb12-0305wb-84-23185 1
280 0 clueweb12-0806wb-32-08913 1
280 0 clueweb12-0806wb-12-10093 1
280 0 clueweb12-0806wb-12-10081 1
280 0 clueweb12-0806wb-21-18129 1
280 0 clueweb12-0206wb-03-24745 1
280 0 clueweb12-1202wb-25-18961 0
280 0 clueweb12-0211wb-88-20226 1
280 0 clueweb12-1806wb-73-08348 0
280 0 clueweb12-1903wb-80-28453 0
280 0 clueweb12-1405wb-11-24373 1
280 0 clueweb12-1011wb-39-13480 0
280 0 clueweb12-0713wb-28-11850 1
280 0 clueweb12-0700wb-14-21191 1
280 0 clueweb12-1800tw-15-13822 0
280 0 clueweb12-0405wb-48-24772 1
280 0 clueweb12-0804wb-34-25006 1
280 0 clueweb12-0303wb-11-12048 1
280 0 clueweb12-0702wb-43-24697 0
280 0 clueweb12-0100tw-07-06403 0
280 0 clueweb12-0910wb-12-14686 0
280 0 clueweb12-1913wb-09-11692 0
280 0 clueweb12-1207wb-52-24285 0
280 0 clueweb12-1808wb-71-22089 0
280 0 clueweb12-1906wb-76-25503 0
280 0 clueweb12-0103wb-18-21508 1
280 0 clueweb12-0805wb-52-02888 1
280 0 clueweb12-0816wb-55-06237 1
280 0 clueweb12-0816wb-55-06243 1
280 0 clueweb12-0011wb-93-01101 1
280 0 clueweb12-0013wb-31-22050 1
280 0 clueweb12-0206wb-50-01657 0
280 0 clueweb12-1310wb-35-14165 0
280 0 clueweb12-1812wb-15-14040 0
280 0 clueweb12-0203wb-60-23502 0
280 0 clueweb12-0410wb-76-13883 0
280 0 clueweb12-0806wb-32-08907 1
280 0 clueweb12-1100wb-20-24467 1
280 0 clueweb12-1406wb-39-22955 0
280 0 clueweb12-1400wb-41-01574 0
280 0 clueweb12-0205wb-61-31751 0
280 0 clueweb12-1201wb-87-25312 0
280 0 clueweb12-0107wb-73-29486 0
280 0 clueweb12-1808wb-67-01021 0
280 0 clueweb12-1405wb-11-24372 1
280 0 clueweb12-0814wb-95-26947 0
280 0 clueweb12-0302wb-69-28299 1
280 0 clueweb12-0303wb-27-24893 1
280 0 clueweb12-0303wb-21-02245 1
281 0 clueweb12-1802wb-17-01433 0
281 0 clueweb12-1717wb-04-14339 1
281 0 clueweb12-0612wb-39-25177 1
281 0 clueweb12-1105wb-10-22195 0
281 0 clueweb12-1802wb-17-01419 1
281 0 clueweb12-1803wb-57-19458 0
281 0 clueweb12-1000tw-14-17824 1
281 0 clueweb12-0002wb-60-15371 1
281 0 clueweb12-1802wb-17-01430 1
281 0 clueweb12-0004wb-73-12238 1
281 0 clueweb12-0205wb-42-23537 1
281 0 clueweb12-0711wb-09-07688 0
281 0 clueweb12-1201tw-14-22357 1
281 0 clueweb12-0502wb-74-15246 0
281 0 clueweb12-0110wb-61-17779 0
281 0 clueweb12-0711wb-29-01289 1
281 0 clueweb12-1412wb-84-27490 0
281 0 clueweb12-1803wb-66-08697 1
281 0 clueweb12-0000wb-02-07689 1
281 0 clueweb12-1812wb-82-20454 0
281 0 clueweb12-0204wb-18-13896 0
281 0 clueweb12-0405wb-26-12862 1
281 0 clueweb12-1101wb-57-07890 0
281 0 clueweb12-0106wb-31-20364 0
281 0 clueweb12-1803wb-86-23505 0
281 0 clueweb12-0205wb-16-01378 0
281 0 clueweb12-1812wb-37-22447 0
281 0 clueweb12-0000wb-25-25753 1
281 0 clueweb12-1011wb-99-24882 1
281 0 clueweb12-1011wb-99-24881 1
281 0 clueweb12-1813wb-06-18802 0
281 0 clueweb12-1600tw-33-09016 0
281 0 clueweb12-0700wb-76-06232 0
281 0 clueweb12-0000wb-47-03199 1
281 0 clueweb12-0013wb-37-01539 1
281 0 clueweb12-0701wb-15-20436 0
281 0 clueweb12-0818wb-68-20423 1
281 0 clueweb12-0918wb-21-12096 0
281 0 clueweb12-1804wb-22-21282 1
281 0 clueweb12-0211wb-11-08240 1
281 0 clueweb12-1502wb-90-28152 0
281 0 clueweb12-0108wb-00-22017 1
281 0 clueweb12-1006wb-75-31755 0
281 0 clueweb12-1803wb-66-16735 0
281 0 clueweb12-0900tw-35-07703 1
281 0 clueweb12-1910wb-37-20153 0
281 0 clueweb12-1503wb-00-27188 0
281 0 clueweb12-1801wb-84-17154 0
281 0 clueweb12-0102wb-51-30863 1
281 0 clueweb12-1607wb-65-07622 1
282 0 clueweb12-0913wb-55-26324 1
282 0 clueweb12-1303wb-55-08405 1
282 0 clueweb12-1303wb-65-09705 1
282 0 clueweb12-1107wb-71-07936 1
282 0 clueweb12-1514wb-68-31763 1
282 0 clueweb12-1104wb-55-14368 1
282 0 clueweb12-1103wb-59-34416 1
282 0 clueweb12-1104wb-67-01747 1
282 0 clueweb12-1103wb-97-08303 1
282 0 clueweb12-1103wb-59-34415 1
282 0 clueweb12-1108wb-04-25684 1
282 0 clueweb12-0103wb-57-21579 1
282 0 clueweb12-1303wb-58-13959 1
282 0 clueweb12-1107wb-63-15804 1
282 0 clueweb12-0100wb-06-03964 1
282 0 clueweb12-0100wb-62-13191 0
282 0 clueweb12-0100wb-23-10881 0
282 0 clueweb12-0600wb-05-14096 1
282 0 clueweb12-1107wb-89-17681 1
282 0 clueweb12-0009wb-65-03218 1
282 0 clueweb12-0807wb-96-19841 1
282 0 clueweb12-0911wb-61-19893 1
282 0 clueweb12-0006wb-57-18459 1
282 0 clueweb12-0602wb-10-29421 1
282 0 clueweb12-0402wb-12-27842 0
282 0 clueweb12-0005wb-89-11233 1
282 0 clueweb12-0912wb-29-03943 1
282 0 clueweb12-0601wb-99-04349 1
282 0 clueweb12-0002wb-99-04867 1
282 0 clueweb12-0004wb-93-01861 1
282 0 clueweb12-0910wb-87-10747 1
282 0 clueweb12-0509wb-92-15166 1
282 0 clueweb12-0409wb-10-16221 0
282 0 clueweb12-0407wb-29-06378 0
282 0 clueweb12-0301wb-55-20811 0
282 0 clueweb12-0711wb-36-10748 1
282 0 clueweb12-0303wb-78-18662 1
282 0 clueweb12-1804wb-49-27052 0
282 0 clueweb12-0716wb-76-05886 1
282 0 clueweb12-0500tw-38-01767 1
282 0 clueweb12-0400tw-14-16626 1
282 0 clueweb12-1904wb-55-06973 1
282 0 clueweb12-0010wb-61-19573 1
282 0 clueweb12-0807wb-19-22442 1
282 0 clueweb12-0807wb-10-01159 1
282 0 clueweb12-0010wb-71-21713 1
282 0 clueweb12-0010wb-71-21712 1
282 0 clueweb12-0807wb-02-26291 1
282 0 clueweb12-0807wb-52-11387 1
282 0 clueweb12-0010wb-81-00870 1
283 0 clueweb12-1509wb-79-13136 1
283 0 clueweb12-1509wb-79-13135 1
283 0 clueweb12-1509wb-83-07083 1
283 0 clueweb12-1509wb-83-07084 1
283 0 clueweb12-1509wb-05-04527 1
283 0 clueweb12-1509wb-50-22508 1
283 0 clueweb12-1914wb-00-14563 1
283 0 clueweb12-1509wb-05-04526 1
283 0 clueweb12-1509wb-02-12538 1
283 0 clueweb12-1509wb-49-21559 1
283 0 clueweb12-0400wb-52-07089 1
283 0 clueweb12-1508wb-58-26127 1
283 0 clueweb12-1509wb-50-22502 1
283 0 clueweb12-1509wb-49-21558 1
283 0 clueweb12-1509wb-50-22501 1
283 0 clueweb12-1509wb-83-07076 1
283 0 clueweb12-1509wb-83-07077 1
283 0 clueweb12-1509wb-83-07078 1
283 0 clueweb12-1509wb-50-22503 1
283 0 clueweb12-1509wb-50-22504 1
283 0 clueweb12-1509wb-79-13137 1
283 0 clueweb12-1509wb-79-13138 1
283 0 clueweb12-1509wb-79-13133 1
283 0 clueweb12-1509wb-79-13134 1
283 0 clueweb12-1509wb-83-07079 1
283 0 clueweb12-1509wb-83-07080 1
283 0 clueweb12-1509wb-83-07081 1
283 0 clueweb12-1509wb-83-07082 1
283 0 clueweb12-1302wb-63-00535 1
283 0 clueweb12-1509wb-05-04525 1
283 0 clueweb12-0906wb-70-25783 1
283 0 clueweb12-1411wb-43-15935 1
283 0 clueweb12-1509wb-02-12539 1
283 0 clueweb12-1509wb-50-22511 1
283 0 clueweb12-1509wb-45-19790 1
283 0 clueweb12-0905wb-55-09616 1
283 0 clueweb12-1913wb-94-17318 0
283 0 clueweb12-0612wb-40-29168 1
283 0 clueweb12-1509wb-50-22507 1
283 0 clueweb12-1310wb-53-05072 0
283 0 clueweb12-1304wb-43-26873 1
283 0 clueweb12-0906wb-70-25795 1
283 0 clueweb12-0906wb-70-25780 1
283 0 clueweb12-1411wb-43-15937 1
283 0 clueweb12-0906wb-70-25786 1
283 0 clueweb12-1411wb-48-06836 1
283 0 clueweb12-1411wb-43-15934 1
283 0 clueweb12-0110wb-00-03662 0
283 0 clueweb12-1707wb-72-25162 1
283 0 clueweb12-1509wb-50-22506 1
284 0 clueweb12-1908wb-53-28430 1
284 0 clueweb12-0703wb-08-17627 1
284 0 clueweb12-1106wb-10-10838 1
284 0 clueweb12-0211wb-69-08330 1
284 0 clueweb12-1900wb-01-22959 1
284 0 clueweb12-0300wb-37-17557 1
284 0 clueweb12-1908wb-12-17819 1
284 0 clueweb12-0207wb-81-13618 1
284 0 clueweb12-0305wb-07-25166 1
284 0 clueweb12-0305wb-49-04075 1
284 0 clueweb12-1905wb-91-17842 1
284 0 clueweb12-0406wb-06-04174 1
284 0 clueweb12-1905wb-73-10226 1
284 0 clueweb12-0106wb-80-33652 1
284 0 clueweb12-1905wb-83-26151 1
284 0 clueweb12-1906wb-79-28059 1
284 0 clueweb12-0201wb-94-29069 1
284 0 clueweb12-1500tw-10-02441 1
284 0 clueweb12-1906wb-79-28063 1
284 0 clueweb12-0003wb-76-17001 1
284 0 clueweb12-1516wb-74-24062 1
284 0 clueweb12-0101wb-29-11533 1
284 0 clueweb12-1802wb-42-09022 1
284 0 clueweb12-1906wb-17-19213 1
284 0 clueweb12-0107wb-57-31347 1
284 0 clueweb12-1311wb-30-03586 0
284 0 clueweb12-1905wb-08-01946 1
284 0 clueweb12-1000tw-19-11709 1
284 0 clueweb12-1905wb-73-12204 1
284 0 clueweb12-1905wb-38-11825 1
284 0 clueweb12-1905wb-91-17849 1
284 0 clueweb12-1905wb-32-14112 1
284 0 clueweb12-0302wb-01-11839 1
284 0 clueweb12-1905wb-73-12182 1
284 0 clueweb12-0212wb-08-19414 1
284 0 clueweb12-1906wb-10-00789 1
284 0 clueweb12-1000tw-19-11710 1
284 0 clueweb12-0300wb-37-17556 1
284 0 clueweb12-0410wb-50-02769 1
284 0 clueweb12-1905wb-91-17854 1
284 0 clueweb12-1906wb-58-21952 1
284 0 clueweb12-1906wb-52-20625 1
284 0 clueweb12-1905wb-08-03987 1
284 0 clueweb12-1906wb-16-11857 1
284 0 clueweb12-1906wb-16-11858 1
284 0 clueweb12-1905wb-83-25088 0
284 0 clueweb12-0309wb-11-04510 1
284 0 clueweb12-0201wb-25-13063 1
284 0 clueweb12-0203wb-66-25744 1
284 0 clueweb12-1506wb-59-00156 1
285 0 clueweb12-0917wb-01-20869 1
285 0 clueweb12-0900tw-65-06356 1
285 0 clueweb12-0900tw-98-16523 1
285 0 clueweb12-0202wb-13-26678 1
285 0 clueweb12-1813wb-00-02272 1
285 0 clueweb12-1811wb-79-17998 1
285 0 clueweb12-1814wb-13-02407 1
285 0 clueweb12-1812wb-32-08646 1
285 0 clueweb12-1302wb-64-09726 1
285 0 clueweb12-0800wb-00-06063 1
285 0 clueweb12-0508wb-54-01504 1
285 0 clueweb12-1313wb-79-02311 1
285 0 clueweb12-0512wb-34-02861 1
285 0 clueweb12-1811wb-31-07099 1
285 0 clueweb12-0500tw-21-16468 1
285 0 clueweb12-0715wb-46-04069 1
285 0 clueweb12-0918wb-22-13510 1
285 0 clueweb12-0201wb-24-32040 1
285 0 clueweb12-0402wb-94-31233 1
285 0 clueweb12-0402wb-94-31217 1
285 0 clueweb12-0012wb-41-05600 1
285 0 clueweb12-0005wb-04-16439 1
285 0 clueweb12-0801wb-31-13470 0
285 0 clueweb12-1408wb-16-23358 1
285 0 clueweb12-1600wb-84-03931 1
285 0 clueweb12-0100tw-83-19482 0
285 0 clueweb12-0110wb-74-08308 1
285 0 clueweb12-0712wb-45-01994 1
285 0 clueweb12-0000wb-76-38493 1
285 0 clueweb12-1806wb-10-14646 1
285 0 clueweb12-1615wb-60-12225 1
285 0 clueweb12-1103wb-62-14304 1
285 0 clueweb12-0212wb-24-26046 1
285 0 clueweb12-0800wb-53-11199 1
285 0 clueweb12-0003wb-11-24794 0
285 0 clueweb12-1611wb-58-30117 1
285 0 clueweb12-1911wb-14-19763 1
285 0 clueweb12-1108wb-62-08963 1
285 0 clueweb12-1104wb-16-33491 1
285 0 clueweb12-0009wb-95-29294 1
285 0 clueweb12-1002wb-20-06531 0
285 0 clueweb12-0105wb-30-09511 1
285 0 clueweb12-0409wb-15-07647 1
285 0 clueweb12-0409wb-30-22439 1
285 0 clueweb12-1211wb-03-29609 1
285 0 clueweb12-1216wb-83-17735 1
285 0 clueweb12-1104wb-32-04250 1
285 0 clueweb12-1713wb-86-18306 1
285 0 clueweb12-1103wb-74-16451 1
285 0 clueweb12-0606wb-65-21093 1
286 0 clueweb12-0906wb-06-12920 0
286 0 clueweb12-0006wb-90-19283 1
286 0 clueweb12-1613wb-59-09031 0
286 0 clueweb12-0200tw-50-02790 0
286 0 clueweb12-0709wb-98-02228 1
286 0 clueweb12-1713wb-47-24348 1
286 0 clueweb12-1404wb-00-29423 0
286 0 clueweb12-0102wb-31-27188 0
286 0 clueweb12-0005wb-58-03850 0
286 0 clueweb12-0716wb-85-12946 1
286 0 clueweb12-0100wb-08-33639 0
286 0 clueweb12-0006wb-34-01023 0
286 0 clueweb12-0103wb-58-04489 0
286 0 clueweb12-0817wb-56-24250 1
286 0 clueweb12-1707wb-17-04896 0
286 0 clueweb12-0009wb-06-11781 1
286 0 clueweb12-1900wb-37-21017 0
286 0 clueweb12-0108wb-53-33444 0
286 0 clueweb12-0903wb-18-26168 0
286 0 clueweb12-0507wb-76-10767 0
286 0 clueweb12-1913wb-23-26690 0
286 0 clueweb12-0610wb-69-02919 0
286 0 clueweb12-0008wb-21-02753 1
286 0 clueweb12-1202wb-31-06262 1
286 0 clueweb12-0008wb-95-05780 1
286 0 clueweb12-0009wb-20-31584 1
286 0 clueweb12-0009wb-20-31583 1
286 0 clueweb12-0009wb-98-21549 1
286 0 clueweb12-1909wb-59-19048 1
286 0 clueweb12-0011wb-99-09921 1
286 0 clueweb12-0104wb-50-00674 1
286 0 clueweb12-0406wb-60-02344 1
286 0 clueweb12-0600wb-82-26179 1
286 0 clueweb12-0309wb-38-19902 1
286 0 clueweb12-0311wb-13-19196 1
286 0 clueweb12-0509wb-81-27658 1
286 0 clueweb12-0311wb-80-21894 1
286 0 clueweb12-0101wb-43-30500 1
286 0 clueweb12-0206wb-07-13499 1
286 0 clueweb12-0205wb-98-02382 1
286 0 clueweb12-0208wb-81-23072 1
286 0 clueweb12-0908wb-23-18639 1
286 0 clueweb12-0105wb-62-23460 1
286 0 clueweb12-0006wb-85-26713 1
286 0 clueweb12-0000wb-02-07019 0
286 0 clueweb12-0010wb-01-15982 0
286 0 clueweb12-0108wb-95-28525 0
286 0 clueweb12-1611wb-24-20587 1
286 0 clueweb12-0006wb-43-29852 1
286 0 clueweb12-0001wb-08-30955 1
287 0 clueweb12-1505wb-79-06860 1
287 0 clueweb12-0609wb-47-07565 1
287 0 clueweb12-0207wb-40-09029 1
287 0 clueweb12-0309wb-61-01518 1
287 0 clueweb12-0310wb-13-12141 1
287 0 clueweb12-0106wb-98-05992 1
287 0 clueweb12-1515wb-83-19937 0
287 0 clueweb12-1311wb-99-15375 1
287 0 clueweb12-1205wb-23-07264 1
287 0 clueweb12-0817wb-25-15773 1
287 0 clueweb12-1200wb-75-14100 0
287 0 clueweb12-0814wb-62-35827 0
287 0 clueweb12-0103wb-87-16217 1
287 0 clueweb12-1912wb-52-26855 1
287 0 clueweb12-0411wb-63-07994 1
287 0 clueweb12-1204wb-91-03885 1
287 0 clueweb12-0205wb-61-32948 0
287 0 clueweb12-0206wb-09-26211 1
287 0 clueweb12-1021wb-00-09466 1
287 0 clueweb12-1600wb-84-18233 0
287 0 clueweb12-0200wb-19-13136 1
287 0 clueweb12-0610wb-06-12589 0
287 0 clueweb12-0211wb-42-29171 0
287 0 clueweb12-0902wb-00-07601 1
287 0 clueweb12-0818wb-31-00330 1
287 0 clueweb12-0918wb-26-05328 1
287 0 clueweb12-0106wb-14-15659 0
287 0 clueweb12-1204wb-65-03488 1
287 0 clueweb12-1312wb-98-02284 0
287 0 clueweb12-1020wb-28-27837 0
287 0 clueweb12-0906wb-11-12032 0
287 0 clueweb12-0310wb-48-08260 1
287 0 clueweb12-0310wb-48-08247 1
287 0 clueweb12-1804wb-95-08485 0
287 0 clueweb12-0511wb-61-15703 1
287 0 clueweb12-0603wb-68-24841 1
287 0 clueweb12-0818wb-24-21240 1
287 0 clueweb12-0207wb-40-09030 1
287 0 clueweb12-1515wb-83-19935 0
287 0 clueweb12-1020wb-32-24337 0
287 0 clueweb12-1101wb-78-01127 1
287 0 clueweb12-0901wb-02-25108 1
287 0 clueweb12-0816wb-93-23351 1
287 0 clueweb12-0508wb-75-03227 1
287 0 clueweb12-1612wb-89-21767 0
287 0 clueweb12-1210wb-14-02235 1
287 0 clueweb12-1515wb-83-19944 0
287 0 clueweb12-1912wb-58-13094 0
287 0 clueweb12-1912wb-52-26858 0
287 0 clueweb12-1506wb-68-31460 0
288 0 clueweb12-1013wb-02-15115 1
288 0 clueweb12-0207wb-20-30397 1
288 0 clueweb12-1401wb-40-23315 1
288 0 clueweb12-0410wb-76-12329 1
288 0 clueweb12-0111wb-67-32542 1
288 0 clueweb12-1401wb-53-23705 1
288 0 clueweb12-1401wb-57-01020 1
288 0 clueweb12-0310wb-94-27605 1
288 0 clueweb12-1018wb-57-17604 0
288 0 clueweb12-0008wb-50-22625 1
288 0 clueweb12-0001wb-28-27167 0
288 0 clueweb12-1200tw-76-14758 0
288 0 clueweb12-1900wb-95-10826 0
288 0 clueweb12-0202wb-01-11824 1
288 0 clueweb12-1412wb-00-01700 0
288 0 clueweb12-0105wb-62-10054 0
288 0 clueweb12-0206wb-21-02680 1
288 0 clueweb12-0209wb-27-11625 1
288 0 clueweb12-0003wb-22-13790 1
288 0 clueweb12-1107wb-11-00183 1
288 0 clueweb12-1614wb-26-12595 1
288 0 clueweb12-0001wb-84-32261 1
288 0 clueweb12-0011wb-43-29559 1
288 0 clueweb12-0200tw-48-13392 0
288 0 clueweb12-0100tw-45-21695 0
288 0 clueweb12-1606wb-85-05801 1
288 0 clueweb12-1802wb-03-20736 0
288 0 clueweb12-0301tw-46-00344 0
288 0 clueweb12-1513wb-89-14514 0
288 0 clueweb12-0200wb-34-09756 1
288 0 clueweb12-0109wb-36-26822 1
288 0 clueweb12-0000wb-83-16122 1
288 0 clueweb12-1309wb-37-20405 0
288 0 clueweb12-1513wb-51-28777 0
288 0 clueweb12-0601wb-36-12992 1
288 0 clueweb12-0202wb-99-18765 0
288 0 clueweb12-0813wb-98-04458 0
288 0 clueweb12-1513wb-13-24908 1
288 0 clueweb12-1021wb-11-09865 1
288 0 clueweb12-1700tw-30-11859 1
288 0 clueweb12-1700tw-28-15437 1
288 0 clueweb12-1600tw-29-09781 1
288 0 clueweb12-1600tw-45-17902 1
288 0 clueweb12-1215wb-93-11588 1
288 0 clueweb12-0201wb-09-17040 0
288 0 clueweb12-1200wb-35-26756 0
288 0 clueweb12-1401wb-53-23712 1
288 0 clueweb12-1401wb-57-01019 1
288 0 clueweb12-1401wb-53-23711 1
288 0 clueweb12-0407wb-87-23733 1
289 0 clueweb12-0002wb-26-20897 0
289 0 clueweb12-0303wb-36-00947 0
289 0 clueweb12-0916wb-94-11803 0
289 0 clueweb12-0713wb-49-27508 0
289 0 clueweb12-1214wb-20-25702 1
289 0 clueweb12-0305wb-10-15892 0
289 0 clueweb12-0305wb-92-18942 0
289 0 clueweb12-0109wb-13-00812 0
289 0 clueweb12-0303wb-59-19623 0
289 0 clueweb12-0919wb-14-03863 0
289 0 clueweb12-1612wb-11-05597 0
289 0 clueweb12-0710wb-71-02720 0
289 0 clueweb12-0714wb-13-08393 0
289 0 clueweb12-1500wb-75-23443 0
289 0 clueweb12-1810wb-82-11162 0
289 0 clueweb12-0711wb-77-26799 0
289 0 clueweb12-0407wb-89-03119 0
289 0 clueweb12-0600tw-30-04025 0
289 0 clueweb12-0713wb-39-08680 0
289 0 clueweb12-0712wb-70-25956 0
289 0 clueweb12-1505wb-76-21159 1
289 0 clueweb12-0712wb-51-24850 0
289 0 clueweb12-0803wb-25-25065 0
289 0 clueweb12-0305wb-09-15722 0
289 0 clueweb12-1007wb-20-31070 0
289 0 clueweb12-0305wb-89-10863 0
289 0 clueweb12-0816wb-97-19096 0
289 0 clueweb12-0203wb-50-02537 0
289 0 clueweb12-0709wb-56-05763 1
289 0 clueweb12-0708wb-72-00222 0
289 0 clueweb12-0710wb-91-27898 0
289 0 clueweb12-1714wb-82-20080 0
289 0 clueweb12-1713wb-32-27896 0
289 0 clueweb12-1811wb-35-22912 0
289 0 clueweb12-0211wb-54-26146 0
289 0 clueweb12-0917wb-36-09170 0
289 0 clueweb12-1713wb-27-28049 0
289 0 clueweb12-0710wb-91-27893 0
289 0 clueweb12-1213wb-72-06652 0
289 0 clueweb12-1901wb-95-16865 0
289 0 clueweb12-0609wb-69-20646 0
289 0 clueweb12-1501wb-93-21048 0
289 0 clueweb12-0005wb-37-01462 0
289 0 clueweb12-0305wb-60-30588 0
289 0 clueweb12-0710wb-00-31906 1
289 0 clueweb12-1714wb-82-17376 1
289 0 clueweb12-0303wb-35-06010 0
289 0 clueweb12-0103wb-21-26516 0
289 0 clueweb12-1714wb-80-15991 0
289 0 clueweb12-0009wb-50-24734 0
290 0 clueweb12-0310wb-24-04990 1
290 0 clueweb12-0310wb-32-22735 0
290 0 clueweb12-0508wb-02-32063 0
290 0 clueweb12-0101wb-98-12267 0
290 0 clueweb12-0608wb-09-16142 0
290 0 clueweb12-0012wb-15-14365 1
290 0 clueweb12-1711wb-52-15442 0
290 0 clueweb12-0204wb-56-20068 1
290 0 clueweb12-1109wb-14-03225 0
290 0 clueweb12-1506wb-60-24227 0
290 0 clueweb12-1406wb-82-13813 0
290 0 clueweb12-0502wb-28-23013 0
290 0 clueweb12-0603wb-93-14034 1
290 0 clueweb12-0511wb-32-18421 1
290 0 clueweb12-0013wb-75-06031 0
290 0 clueweb12-1601wb-68-19909 1
290 0 clueweb12-0612wb-25-27745 1
290 0 clueweb12-0005wb-68-16568 0
290 0 clueweb12-1513wb-92-08700 0
290 0 clueweb12-0110wb-06-05446 0
290 0 clueweb12-0102wb-25-18226 1
290 0 clueweb12-0108wb-63-25020 0
290 0 clueweb12-0012wb-69-09215 1
290 0 clueweb12-0011wb-44-10111 0
290 0 clueweb12-0111wb-69-21443 0
290 0 clueweb12-0603wb-47-01276 0
290 0 clueweb12-0512wb-06-23126 0
290 0 clueweb12-0807wb-81-15813 1
290 0 clueweb12-1600wb-48-05158 1
290 0 clueweb12-1804wb-48-04309 1
290 0 clueweb12-0816wb-95-19647 1
290 0 clueweb12-1906wb-80-09479 0
290 0 clueweb12-0405wb-64-26408 0
290 0 clueweb12-0310wb-06-07116 1
290 0 clueweb12-0710wb-00-09485 0
290 0 clueweb12-1406wb-69-13721 0
290 0 clueweb12-1407wb-00-18198 0
290 0 clueweb12-1408wb-51-02056 0
290 0 clueweb12-0702wb-68-24035 0
290 0 clueweb12-0817wb-60-09406 0
290 0 clueweb12-0608wb-42-07286 0
290 0 clueweb12-1802wb-28-01451 0
290 0 clueweb12-0810wb-10-17909 1
290 0 clueweb12-0202wb-55-19141 0
290 0 clueweb12-0403wb-97-29977 0
290 0 clueweb12-0101wb-48-23654 0
290 0 clueweb12-0501wb-26-06850 0
290 0 clueweb12-0204wb-20-15818 0
290 0 clueweb12-1408wb-61-18918 0
290 0 clueweb12-0209wb-68-30926 1
291 0 clueweb12-1201wb-92-27408 0
291 0 clueweb12-1416wb-07-04740 0
291 0 clueweb12-0210wb-89-17795 0
291 0 clueweb12-1416wb-51-22585 0
291 0 clueweb12-0610wb-81-19003 0
291 0 clueweb12-1208wb-67-10875 0
291 0 clueweb12-1414wb-55-24884 0
291 0 clueweb12-0204wb-31-04436 0
291 0 clueweb12-1201wb-84-26221 0
291 0 clueweb12-1415wb-98-21451 0
291 0 clueweb12-0211wb-14-25794 0
291 0 clueweb12-0212wb-03-09233 0
291 0 clueweb12-0205wb-63-33993 0
291 0 clueweb12-0205wb-70-12656 0
291 0 clueweb12-1010wb-79-11369 1
291 0 clueweb12-1213wb-53-28259 0
291 0 clueweb12-0601wb-63-08842 0
291 0 clueweb12-1201wb-97-02454 0
291 0 clueweb12-0405wb-68-10031 0
291 0 clueweb12-1416wb-32-27643 0
291 0 clueweb12-0409wb-12-18833 0
291 0 clueweb12-0212wb-20-05644 0
291 0 clueweb12-0609wb-69-09531 0
291 0 clueweb12-0204wb-64-22962 0
291 0 clueweb12-0007wb-05-35132 0
291 0 clueweb12-0000wt-00-04394 1
291 0 clueweb12-0815wb-58-21913 0
291 0 clueweb12-0604wb-48-29716 0
291 0 clueweb12-1415wb-98-21452 0
291 0 clueweb12-1208wb-56-20654 0
291 0 clueweb12-1415wb-98-21453 0
291 0 clueweb12-1415wb-98-21454 0
291 0 clueweb12-1416wb-03-33817 0
291 0 clueweb12-1415wb-98-21450 0
291 0 clueweb12-1504wb-68-15973 0
291 0 clueweb12-0211wb-68-03996 1
291 0 clueweb12-0405wb-36-12479 0
291 0 clueweb12-0707wb-61-20503 0
291 0 clueweb12-1208wb-67-10876 0
291 0 clueweb12-1416wb-47-06498 0
291 0 clueweb12-1416wb-03-33815 0
291 0 clueweb12-1903wb-13-09965 0
291 0 clueweb12-0611wb-48-28349 1
291 0 clueweb12-0706wb-22-08166 1
291 0 clueweb12-0006wb-55-17962 0
291 0 clueweb12-0010wb-16-00647 0
291 0 clueweb12-1611wb-16-21629 0
291 0 clueweb12-1904wb-63-03696 0
291 0 clueweb12-1416wb-47-06500 0
291 0 clueweb12-1416wb-32-27624 0
292 0 clueweb12-1714wb-68-21939 1
292 0 clueweb12-1711wb-14-32463 1
292 0 clueweb12-1714wb-68-21968 1
292 0 clueweb12-1714wb-68-21967 1
292 0 clueweb12-1714wb-68-21965 1
292 0 clueweb12-1714wb-68-21966 1
292 0 clueweb12-1800wb-08-09410 1
292 0 clueweb12-1715wb-20-24144 1
292 0 clueweb12-1010wb-48-11536 1
292 0 clueweb12-0104wb-39-02577 1
292 0 clueweb12-1402wb-78-29241 1
292 0 clueweb12-0104wb-49-03468 1
292 0 clueweb12-0100wb-60-19972 1
292 0 clueweb12-0204wb-92-29223 1
292 0 clueweb12-0005wb-40-31606 1
292 0 clueweb12-0404wb-45-06690 1
292 0 clueweb12-0401wb-52-08290 1
292 0 clueweb12-0406wb-75-01317 1
292 0 clueweb12-1101wb-34-04645 1
292 0 clueweb12-1516wb-07-26928 1
292 0 clueweb12-1901wb-05-21599 1
292 0 clueweb12-0109wb-63-33706 1
292 0 clueweb12-0104wb-49-03469 1
292 0 clueweb12-0006wb-56-05007 1
292 0 clueweb12-0109wb-20-18020 1
292 0 clueweb12-0105wb-70-16585 1
292 0 clueweb12-0009wb-50-24189 0
292 0 clueweb12-1011wb-42-26553 0
292 0 clueweb12-1507wb-87-05435 1
292 0 clueweb12-0008wb-16-22296 1
292 0 clueweb12-0104wb-27-05644 1
292 0 clueweb12-0104wb-39-02574 1
292 0 clueweb12-0104wb-49-03457 1
292 0 clueweb12-0104wb-57-14855 1
292 0 clueweb12-0104wb-57-14859 1
292 0 clueweb12-0104wb-57-14860 1
292 0 clueweb12-0104wb-57-14865 1
292 0 clueweb12-0104wb-78-00544 1
292 0 clueweb12-0104wb-86-14799 1
292 0 clueweb12-0104wb-86-14801 1
292 0 clueweb12-0104wb-86-14817 1
292 0 clueweb12-0104wb-94-27143 1
292 0 clueweb12-0105wb-03-04868 0
292 0 clueweb12-0008wb-14-15115 1
292 0 clueweb12-1604wb-99-31615 0
292 0 clueweb12-0909wb-74-06352 1
292 0 clueweb12-0010wb-39-14082 1
292 0 clueweb12-0500tw-04-01404 0
292 0 clueweb12-0106wb-95-01063 1
292 0 clueweb12-0501wb-52-34479 1
293 0 clueweb12-0010wb-53-20030 1
293 0 clueweb12-1200tw-71-18939 1
293 0 clueweb12-1314wb-26-11539 0
293 0 clueweb12-0110wb-51-26032 0
293 0 clueweb12-0703wb-74-24569 1
293 0 clueweb12-1502wb-87-08934 0
293 0 clueweb12-0202wb-11-23452 0
293 0 clueweb12-1015wb-13-23871 0
293 0 clueweb12-0001wb-79-09856 0
293 0 clueweb12-0003wb-11-16023 1
293 0 clueweb12-1015wb-19-13419 0
293 0 clueweb12-1807wb-22-00591 0
293 0 clueweb12-0013wb-46-20950 0
293 0 clueweb12-1416wb-62-07180 1
293 0 clueweb12-1114wb-21-24670 0
293 0 clueweb12-0010wb-53-20029 1
293 0 clueweb12-0011wb-87-17327 1
293 0 clueweb12-1716wb-46-20638 1
293 0 clueweb12-1616wb-67-19390 1
293 0 clueweb12-1716wb-48-10974 1
293 0 clueweb12-1805wb-03-02585 0
293 0 clueweb12-1300wb-43-07090 0
293 0 clueweb12-1201wb-33-20109 0
293 0 clueweb12-1908wb-56-14234 1
293 0 clueweb12-1602wb-79-04379 0
293 0 clueweb12-0300tw-23-04696 1
293 0 clueweb12-0603wb-01-26986 0
293 0 clueweb12-1405wb-76-16167 0
293 0 clueweb12-0703wb-83-25687 1
293 0 clueweb12-1300tw-84-10304 1
293 0 clueweb12-1000tw-43-19908 0
293 0 clueweb12-0100wb-51-29689 1
293 0 clueweb12-1601wb-47-17962 0
293 0 clueweb12-1912wb-28-15741 1
293 0 clueweb12-1709wb-17-22277 0
293 0 clueweb12-0300tw-59-12437 0
293 0 clueweb12-0208wb-18-25083 0
293 0 clueweb12-0207wb-32-21470 0
293 0 clueweb12-0411wb-02-11394 0
293 0 clueweb12-1004wb-69-01768 1
293 0 clueweb12-1402wb-13-21813 1
293 0 clueweb12-0903wb-60-16527 1
293 0 clueweb12-1215wb-30-01350 0
293 0 clueweb12-0309wb-14-20934 1
293 0 clueweb12-0111wb-09-16353 0
293 0 clueweb12-1001wb-55-01133 1
293 0 clueweb12-0600tw-08-23459 1
293 0 clueweb12-0817wb-44-18753 1
293 0 clueweb12-1908wb-92-03975 1
293 0 clueweb12-0200tw-63-12804 0
294 0 clueweb12-1510wb-90-10847 1
294 0 clueweb12-0603wb-04-23227 0
294 0 clueweb12-1514wb-69-29592 0
294 0 clueweb12-0000wb-11-36006 0
294 0 clueweb12-0411wb-05-33335 1
294 0 clueweb12-1503wb-32-22799 0
294 0 clueweb12-0108wb-96-06079 1
294 0 clueweb12-0200wb-13-09788 1
294 0 clueweb12-1515wb-59-20152 1
294 0 clueweb12-0102wb-13-27752 1
294 0 clueweb12-0100wb-45-25749 1
294 0 clueweb12-0510wb-06-32200 1
294 0 clueweb12-0001wb-91-37660 1
294 0 clueweb12-0407wb-06-33722 0
294 0 clueweb12-1502wb-18-23726 1
294 0 clueweb12-0815wb-58-23326 1
294 0 clueweb12-0209wb-88-29318 0
294 0 clueweb12-0109wb-35-04089 0
294 0 clueweb12-0012wb-20-22407 1
294 0 clueweb12-1300wb-99-12853 1
294 0 clueweb12-1514wb-58-03882 0
294 0 clueweb12-0103wb-29-30253 0
294 0 clueweb12-0001wb-76-31572 1
294 0 clueweb12-0012wb-95-07488 1
294 0 clueweb12-1307wb-27-19298 1
294 0 clueweb12-0000wb-71-05820 1
294 0 clueweb12-0002wb-34-15579 1
294 0 clueweb12-0001wb-00-35926 1
294 0 clueweb12-0605wb-83-26931 0
294 0 clueweb12-0507wb-13-18690 0
294 0 clueweb12-1709wb-95-17226 1
294 0 clueweb12-0007wb-35-00351 0
294 0 clueweb12-0710wb-30-17199 1
294 0 clueweb12-1800wb-36-20272 0
294 0 clueweb12-0305wb-10-14368 1
294 0 clueweb12-0704wb-43-27042 1
294 0 clueweb12-0305wb-64-26485 1
294 0 clueweb12-0703wb-24-20130 1
294 0 clueweb12-0703wb-72-04483 1
294 0 clueweb12-0305wb-30-01977 1
294 0 clueweb12-1015wb-55-03597 0
294 0 clueweb12-1101wb-43-19205 0
294 0 clueweb12-0812wb-90-16361 1
294 0 clueweb12-0209wb-59-10605 0
294 0 clueweb12-0111wb-39-09621 1
294 0 clueweb12-0106wb-92-23749 0
294 0 clueweb12-1312wb-95-31455 1
294 0 clueweb12-0815wb-43-14914 1
294 0 clueweb12-1515wb-54-10528 0
294 0 clueweb12-0804wb-03-21718 0
295 0 clueweb12-0111wb-33-15349 1
295 0 clueweb12-1700wb-59-29968 1
295 0 clueweb12-1900wb-20-02840 1
295 0 clueweb12-1903wb-68-00166 1
295 0 clueweb12-0202wb-35-03541 0
295 0 clueweb12-1802wb-62-15029 0
295 0 clueweb12-1305wb-09-11389 1
295 0 clueweb12-1305wb-09-11395 1
295 0 clueweb12-1802wb-40-27345 1
295 0 clueweb12-1802wb-43-26669 0
295 0 clueweb12-0210wb-93-07275 1
295 0 clueweb12-0300wb-36-25020 0
295 0 clueweb12-0207wb-33-13010 1
295 0 clueweb12-0915wb-97-15195 0
295 0 clueweb12-1802wb-46-27095 1
295 0 clueweb12-0405wb-72-16557 1
295 0 clueweb12-1210wb-18-17777 0
295 0 clueweb12-0713wb-19-24831 1
295 0 clueweb12-1509wb-87-30549 1
295 0 clueweb12-1806wb-83-20064 1
295 0 clueweb12-1509wb-47-08681 0
295 0 clueweb12-1600wb-63-29354 1
295 0 clueweb12-1800wb-75-18490 1
295 0 clueweb12-1305wb-12-08577 1
295 0 clueweb12-1900wb-66-07453 1
295 0 clueweb12-1802wb-62-15031 0
295 0 clueweb12-0112wb-18-05793 0
295 0 clueweb12-1802wb-26-16436 1
295 0 clueweb12-0705wb-81-29061 1
295 0 clueweb12-0301wb-89-07842 1
295 0 clueweb12-0705wb-87-22978 0
295 0 clueweb12-0205wb-84-02938 0
295 0 clueweb12-0009wb-17-01031 0
295 0 clueweb12-1405wb-00-07074 1
295 0 clueweb12-0302wb-54-01764 0
295 0 clueweb12-0600tw-27-13080 0
295 0 clueweb12-1404wb-30-04190 1
295 0 clueweb12-1407wb-36-02630 1
295 0 clueweb12-1909wb-76-14597 0
295 0 clueweb12-0202wb-36-32546 1
295 0 clueweb12-1311wb-00-16347 1
295 0 clueweb12-0308wb-68-01777 1
295 0 clueweb12-1113wb-68-09587 1
295 0 clueweb12-0910wb-68-03208 0
295 0 clueweb12-0202wb-51-31499 0
295 0 clueweb12-0202wb-43-19988 0
295 0 clueweb12-0212wb-30-21606 0
295 0 clueweb12-0009wb-59-10441 0
295 0 clueweb12-0202wb-26-17075 0
295 0 clueweb12-1909wb-98-22265 1
296 0 clueweb12-0100tw-72-02241 0
296 0 clueweb12-0011wb-52-11640 1
296 0 clueweb12-1006wb-80-11874 1
296 0 clueweb12-0812wb-21-06353 1
296 0 clueweb12-1000wb-27-11119 1
296 0 clueweb12-1511wb-70-35158 1
296 0 clueweb12-1006wb-80-11880 1
296 0 clueweb12-1007wb-22-12099 1
296 0 clueweb12-0304wb-63-25563 1
296 0 clueweb12-1408wb-44-12210 1
296 0 clueweb12-1512wb-03-10968 1
296 0 clueweb12-1004wb-73-18162 1
296 0 clueweb12-1008wb-68-04539 1
296 0 clueweb12-1008wb-69-15032 1
296 0 clueweb12-1008wb-68-04540 1
296 0 clueweb12-0810wb-00-13615 1
296 0 clueweb12-1007wb-87-11199 1
296 0 clueweb12-1004wb-07-15543 1
296 0 clueweb12-1007wb-87-11195 1
296 0 clueweb12-1007wb-87-11200 1
296 0 clueweb12-0013wb-86-13809 0
296 0 clueweb12-0202wb-84-03890 0
296 0 clueweb12-0909wb-44-25122 0
296 0 clueweb12-0202wb-96-00907 1
296 0 clueweb12-0300wb-07-13625 1
296 0 clueweb12-0102wb-60-17758 0
296 0 clueweb12-1007wb-22-11770 0
296 0 clueweb12-1118wb-28-19669 1
296 0 clueweb12-0606wb-31-00084 1
296 0 clueweb12-1809wb-85-22273 1
296 0 clueweb12-0011wb-52-11641 0
296 0 clueweb12-0609wb-80-11626 1
296 0 clueweb12-1401wb-52-12094 0
296 0 clueweb12-0102wb-56-34323 1
296 0 clueweb12-0107wb-74-26330 1
296 0 clueweb12-0105wb-98-02359 1
296 0 clueweb12-0102wb-03-21354 0
296 0 clueweb12-0110wb-36-21694 1
296 0 clueweb12-0208wb-09-20593 1
296 0 clueweb12-0109wb-28-23682 0
296 0 clueweb12-0001wb-42-00956 0
296 0 clueweb12-0110wb-61-07114 1
296 0 clueweb12-0013wb-09-09421 0
296 0 clueweb12-1207wb-56-13781 1
296 0 clueweb12-0916wb-38-10944 1
296 0 clueweb12-0001wb-91-07243 1
296 0 clueweb12-0918wb-08-12469 1
296 0 clueweb12-0002wb-69-33577 1
296 0 clueweb12-0511wb-30-01539 1
296 0 clueweb12-0112wb-27-00162 1
297 0 clueweb12-0211wb-15-32580 1
297 0 clueweb12-0408wb-59-13615 1
297 0 clueweb12-1110wb-85-17696 1
297 0 clueweb12-1709wb-65-09278 0
297 0 clueweb12-0602wb-68-10611 1
297 0 clueweb12-0200wb-79-05496 1
297 0 clueweb12-1414wb-42-02606 0
297 0 clueweb12-0001wb-79-16832 0
297 0 clueweb12-1806wb-18-04676 1
297 0 clueweb12-0003wb-25-07588 1
297 0 clueweb12-1807wb-21-30207 1
297 0 clueweb12-0606wb-53-03193 0
297 0 clueweb12-1007wb-23-02167 1
297 0 clueweb12-1007wb-42-09381 1
297 0 clueweb12-1807wb-77-08293 0
297 0 clueweb12-1806wb-88-08238 1
297 0 clueweb12-1209wb-57-14918 1
297 0 clueweb12-1806wb-79-26742 1
297 0 clueweb12-0305wb-21-30108 1
297 0 clueweb12-0102wb-38-33528 1
297 0 clueweb12-0102wb-38-33534 0
297 0 clueweb12-0600wb-54-13794 0
297 0 clueweb12-0717wb-48-00768 1
297 0 clueweb12-0105wb-90-11724 1
297 0 clueweb12-0109wb-69-32112 1
297 0 clueweb12-0007wb-40-33923 1
297 0 clueweb12-0601wb-45-14662 1
297 0 clueweb12-1516wb-21-07736 1
297 0 clueweb12-1703wb-29-31209 1
297 0 clueweb12-0007wb-40-33924 1
297 0 clueweb12-0205wb-24-18709 1
297 0 clueweb12-0900tw-34-09883 0
297 0 clueweb12-1607wb-27-05051 1
297 0 clueweb12-1705wb-57-08419 1
297 0 clueweb12-0206wb-05-14193 1
297 0 clueweb12-0302wb-52-02807 1
297 0 clueweb12-1907wb-58-13625 1
297 0 clueweb12-1511wb-06-13581 1
297 0 clueweb12-1710wb-36-14742 0
297 0 clueweb12-1205wb-79-30011 1
297 0 clueweb12-0903wb-62-33254 1
297 0 clueweb12-1407wb-07-01474 1
297 0 clueweb12-1314wb-28-15532 1
297 0 clueweb12-0305wb-51-17930 1
297 0 clueweb12-0502wb-20-34324 1
297 0 clueweb12-0107wb-91-09966 1
297 0 clueweb12-0303wb-77-19272 0
297 0 clueweb12-0012wb-63-06385 1
297 0 clueweb12-0012wb-63-29465 1
297 0 clueweb12-1512wb-47-06652 1
298 0 clueweb12-1401wb-19-24296 1
298 0 clueweb12-0201wb-55-00208 1
298 0 clueweb12-1514wb-15-22519 1
298 0 clueweb12-0203wb-64-18246 1
298 0 clueweb12-0106wb-67-10939 1
298 0 clueweb12-0203wb-80-31126 0
298 0 clueweb12-0108wb-31-17078 1
298 0 clueweb12-0910wb-02-09391 1
298 0 clueweb12-0013wb-63-22659 1
298 0 clueweb12-0204wb-88-10488 0
298 0 clueweb12-1400wb-53-09114 1
298 0 clueweb12-0202wb-14-15828 1
298 0 clueweb12-0501wb-65-03168 1
298 0 clueweb12-0202wb-48-30189 0
298 0 clueweb12-0705wb-22-20085 1
298 0 clueweb12-1113wb-04-04600 0
298 0 clueweb12-0009wb-64-14391 0
298 0 clueweb12-0201wb-55-00217 1
298 0 clueweb12-0307wb-54-18310 0
298 0 clueweb12-0305wb-97-15327 1
298 0 clueweb12-0305wb-02-05772 1
298 0 clueweb12-0709wb-96-21776 1
298 0 clueweb12-1313wb-95-07365 1
298 0 clueweb12-0705wb-12-21554 1
298 0 clueweb12-1400wb-16-17682 1
298 0 clueweb12-0504wb-57-00334 1
298 0 clueweb12-0703wb-92-30940 1
298 0 clueweb12-0101wb-74-04262 0
298 0 clueweb12-0906wb-33-01899 1
298 0 clueweb12-0814wb-65-07706 1
298 0 clueweb12-0705wb-46-32284 1
298 0 clueweb12-1100tw-95-02482 1
298 0 clueweb12-0612wb-73-07198 1
298 0 clueweb12-0612wb-33-16694 1
298 0 clueweb12-1400wb-94-03461 1
298 0 clueweb12-0705wb-58-11245 1
298 0 clueweb12-0817wb-68-04339 1
298 0 clueweb12-0603wb-00-33216 1
298 0 clueweb12-1904wb-78-14633 1
298 0 clueweb12-1301wb-54-09547 1
298 0 clueweb12-0509wb-57-14839 1
298 0 clueweb12-1316wb-07-21835 1
298 0 clueweb12-1901wb-38-30376 1
298 0 clueweb12-0108wb-31-17081 1
298 0 clueweb12-0608wb-78-28140 1
298 0 clueweb12-0400wb-07-26419 1
298 0 clueweb12-0106wb-43-14232 1
298 0 clueweb12-0111wb-86-16264 1
298 0 clueweb12-0300wb-07-13390 1
298 0 clueweb12-1003wb-98-02283 1
299 0 clueweb12-1101tw-03-21469 1
299 0 clueweb12-1100tw-97-10010 1
299 0 clueweb12-1100tw-99-20315 1
299 0 clueweb12-1100tw-97-10011 1
299 0 clueweb12-1000tw-79-17094 1
299 0 clueweb12-1101tw-18-02894 1
299 0 clueweb12-1000tw-10-09209 1
299 0 clueweb12-1000tw-10-09208 1
299 0 clueweb12-1000tw-12-19452 1
299 0 clueweb12-1000tw-10-09207 1
299 0 clueweb12-1100tw-97-10012 1
299 0 clueweb12-1100tw-97-10008 1
299 0 clueweb12-1100tw-97-10009 1
299 0 clueweb12-0800tw-52-07167 0
299 0 clueweb12-1000tw-35-13844 0
299 0 clueweb12-0700tw-76-05496 1
299 0 clueweb12-1300tw-28-05041 1
299 0 clueweb12-0800tw-20-16534 0
299 0 clueweb12-1106wb-60-12413 0
299 0 clueweb12-0800tw-74-18760 1
299 0 clueweb12-0800tw-76-11557 1
299 0 clueweb12-0900tw-75-02768 0
299 0 clueweb12-1500tw-96-00983 1
299 0 clueweb12-1200tw-42-03109 1
299 0 clueweb12-1001tw-00-14214 1
299 0 clueweb12-1911wb-72-02279 1
299 0 clueweb12-0900tw-99-06354 0
299 0 clueweb12-0814wb-28-32687 1
299 0 clueweb12-1100tw-45-10456 0
299 0 clueweb12-1200tw-63-10819 1
299 0 clueweb12-0800tw-01-08785 1
299 0 clueweb12-0901tw-00-03343 1
299 0 clueweb12-1200tw-55-16222 1
299 0 clueweb12-0800tw-31-18254 1
299 0 clueweb12-0900tw-06-14249 1
299 0 clueweb12-0900tw-08-19131 1
299 0 clueweb12-0800tw-03-05005 1
299 0 clueweb12-0900tw-00-05861 0
299 0 clueweb12-1200tw-25-00950 1
299 0 clueweb12-1101tw-18-02893 1
299 0 clueweb12-1200tw-40-02043 1
299 0 clueweb12-1509wb-37-09421 1
299 0 clueweb12-0800tw-80-20483 1
299 0 clueweb12-0800tw-78-21041 1
299 0 clueweb12-1204wb-62-25726 1
299 0 clueweb12-1712wb-75-19099 1
299 0 clueweb12-0810wb-42-05097 1
299 0 clueweb12-0901tw-03-04858 0
299 0 clueweb12-1300tw-81-01854 1
299 0 clueweb12-0900tw-24-02550 0
300 0 clueweb12-1501tw-08-06789 0
300 0 clueweb12-0912wb-68-23973 0
300 0 clueweb12-0209wb-57-10676 0
300 0 clueweb12-0511wb-05-19311 0
300 0 clueweb12-0109wb-21-08287 0
300 0 clueweb12-0503wb-58-19621 0
300 0 clueweb12-0108wb-25-11640 0
300 0 clueweb12-0202wb-87-08263 0
300 0 clueweb12-0803wb-66-22490 1
300 0 clueweb12-0803wb-66-22486 0
300 0 clueweb12-1013wb-09-13028 1
300 0 clueweb12-1505wb-67-11348 0
300 0 clueweb12-1909wb-35-20734 0
300 0 clueweb12-1206wb-87-16378 1
300 0 clueweb12-1603wb-43-11329 1
300 0 clueweb12-1706wb-01-06810 0
300 0 clueweb12-0006wb-89-10710 0
300 0 clueweb12-1011wb-52-07910 1
300 0 clueweb12-1814wb-70-09239 1
300 0 clueweb12-0007wb-55-08186 0
300 0 clueweb12-1411wb-81-10586 1
300 0 clueweb12-1712wb-90-12235 0
300 0 clueweb12-1412wb-29-12071 0
300 0 clueweb12-0206wb-54-09342 0
300 0 clueweb12-1203wb-02-36839 0
300 0 clueweb12-0804wb-47-04796 1
300 0 clueweb12-0306wb-53-29959 1
300 0 clueweb12-1020wb-25-27222 0
300 0 clueweb12-0913wb-73-18915 0
300 0 clueweb12-0306wb-41-01076 0
300 0 clueweb12-1118wb-76-12227 0
300 0 clueweb12-1109wb-17-03264 1
300 0 clueweb12-1411wb-39-02921 0
300 0 clueweb12-0005wb-77-02100 0
300 0 clueweb12-1501tw-08-06790 0
300 0 clueweb12-1204wb-20-16999 0
300 0 clueweb12-0200wb-04-15236 1
300 0 clueweb12-1600wb-48-32660 0
300 0 clueweb12-0211wb-68-30127 0
300 0 clueweb12-1501wb-55-10891 0
300 0 clueweb12-0006wb-32-27197 0
300 0 clueweb12-1412wb-27-00593 0
300 0 clueweb12-0110wb-05-14814 0
300 0 clueweb12-0813wb-55-08363 1
300 0 clueweb12-1207wb-45-12339 1
300 0 clueweb12-1006wb-85-28429 1
300 0 clueweb12-1311wb-59-23651 0
300 0 clueweb12-1118wb-63-03549 0
300 0 clueweb12-1413wb-36-12050 1
300 0 clueweb12-1601wb-97-02608 0
