201 0 clueweb12-0900tw-63-01604 1
201 0 clueweb12-1700tw-11-11014 0
201 0 clueweb12-0909wb-96-26247 0
201 0 clueweb12-0905wb-50-14578 0
201 0 clueweb12-0916wb-56-28701 1
201 0 clueweb12-0915wb-93-12188 1
201 0 clueweb12-0917wb-42-14097 1
201 0 clueweb12-1613wb-41-04806 1
201 0 clueweb12-0916wb-37-04526 1
201 0 clueweb12-0700tw-77-17133 1
201 0 clueweb12-0700tw-79-17969 1
201 0 clueweb12-0700tw-79-17968 1
201 0 clueweb12-0700tw-79-17919 1
201 0 clueweb12-1602wb-55-25975 1
201 0 clueweb12-1100tw-40-07793 0
201 0 clueweb12-0400tw-96-22359 1
201 0 clueweb12-0509wb-52-08605 1
201 0 clueweb12-0108wb-86-18203 1
201 0 clueweb12-1200tw-93-12198 1
201 0 clueweb12-1200tw-93-12199 1
201 0 clueweb12-1200tw-74-09560 1
201 0 clueweb12-1913wb-33-03742 1
201 0 clueweb12-1800tw-45-19214 1
201 0 clueweb12-0400tw-98-19394 1
201 0 clueweb12-0400tw-98-19395 1
201 0 clueweb12-0400tw-96-22361 0
201 0 clueweb12-0400tw-96-22363 0
201 0 clueweb12-0400tw-96-22364 0
201 0 clueweb12-0400tw-96-22362 0
201 0 clueweb12-0400tw-96-22360 0
201 0 clueweb12-0400tw-96-22358 1
201 0 clueweb12-0400tw-95-01239 0
201 0 clueweb12-0810wb-31-23222 0
201 0 clueweb12-0400tw-95-01237 0
201 0 clueweb12-1900tw-61-06687 1
201 0 clueweb12-0800wb-28-00240 0
201 0 clueweb12-0800tw-22-14399 0
201 0 clueweb12-0800tw-22-14402 0
201 0 clueweb12-0800tw-22-14401 0
201 0 clueweb12-0000tw-18-18433 0
201 0 clueweb12-1006wb-74-15153 0
201 0 clueweb12-0500wb-18-18187 0
201 0 clueweb12-1613wb-41-04807 0
201 0 clueweb12-1500tw-96-17987 0
201 0 clueweb12-1805wb-10-00164 1
201 0 clueweb12-1300tw-81-10983 0
201 0 clueweb12-1805wb-10-00159 1
201 0 clueweb12-0711wb-28-10462 1
201 0 clueweb12-0500tw-25-15526 1
201 0 clueweb12-1511wb-23-03949 1
202 0 clueweb12-1900tw-53-20555 0
202 0 clueweb12-1702wb-98-29608 0
202 0 clueweb12-0602wb-45-15703 0
202 0 clueweb12-1701wb-94-12199 0
202 0 clueweb12-1217wb-38-28443 0
202 0 clueweb12-1215wb-33-08369 0
202 0 clueweb12-0103wb-46-24983 0
202 0 clueweb12-1112wb-71-02492 0
202 0 clueweb12-1702wb-52-18834 0
202 0 clueweb12-0814wb-20-13703 0
202 0 clueweb12-0412wb-03-03994 0
202 0 clueweb12-0010wb-21-24657 0
202 0 clueweb12-0900tw-39-13453 0
202 0 clueweb12-0412wb-03-03995 0
202 0 clueweb12-1412wb-25-05309 0
202 0 clueweb12-0102wb-34-14045 0
202 0 clueweb12-1702wb-43-28339 0
202 0 clueweb12-1707wb-98-07904 0
202 0 clueweb12-0607wb-09-10783 0
202 0 clueweb12-0500tw-06-07919 0
202 0 clueweb12-1701wb-94-12188 0
202 0 clueweb12-0602wb-40-19723 0
202 0 clueweb12-0809wb-40-05725 0
202 0 clueweb12-1909wb-65-23698 0
202 0 clueweb12-0905wb-62-10263 0
202 0 clueweb12-1212wb-02-13082 0
202 0 clueweb12-1205wb-18-29328 0
202 0 clueweb12-1702wb-39-29389 0
202 0 clueweb12-0601wb-18-11856 0
202 0 clueweb12-0100wb-20-01372 0
202 0 clueweb12-1701wb-94-12194 0
202 0 clueweb12-1310wb-24-26317 0
202 0 clueweb12-1013wb-15-21838 0
202 0 clueweb12-0805wb-29-00101 0
202 0 clueweb12-1116wb-12-30914 0
202 0 clueweb12-1514wb-76-23186 0
202 0 clueweb12-0210wb-09-02677 0
202 0 clueweb12-1704wb-81-21983 0
202 0 clueweb12-0510wb-95-32597 0
202 0 clueweb12-0111wb-55-32161 0
202 0 clueweb12-0405wb-59-02836 0
202 0 clueweb12-1500wb-51-10404 0
202 0 clueweb12-1100tw-18-08929 0
202 0 clueweb12-0002wb-14-02885 0
202 0 clueweb12-0009wb-43-04224 0
202 0 clueweb12-1715wb-42-07042 0
202 0 clueweb12-1118wb-60-01282 0
202 0 clueweb12-1703wb-12-05247 0
202 0 clueweb12-0900tw-23-04411 0
202 0 clueweb12-1000wb-85-18667 0
203 0 clueweb12-0301wb-73-33709 1
203 0 clueweb12-0808wb-65-05575 1
203 0 clueweb12-0002wb-55-21171 1
203 0 clueweb12-0704wb-14-27955 0
203 0 clueweb12-1313wb-56-15640 0
203 0 clueweb12-0807wb-09-03736 0
203 0 clueweb12-1814wb-48-23922 0
203 0 clueweb12-1114wb-64-21708 1
203 0 clueweb12-1107wb-09-15543 0
203 0 clueweb12-0500tw-26-08047 0
203 0 clueweb12-0111wb-25-01235 1
203 0 clueweb12-1500wb-17-25652 0
203 0 clueweb12-0409wb-56-33067 1
203 0 clueweb12-0604wb-87-21564 1
203 0 clueweb12-0206wb-78-05476 1
203 0 clueweb12-1506wb-61-08595 1
203 0 clueweb12-0008wb-76-24523 1
203 0 clueweb12-1312wb-89-11885 1
203 0 clueweb12-0604wb-05-34299 1
203 0 clueweb12-0409wb-99-02118 0
203 0 clueweb12-0111wb-89-13393 1
203 0 clueweb12-0206wb-78-30965 1
203 0 clueweb12-1310wb-09-15085 1
203 0 clueweb12-0302wb-57-05895 0
203 0 clueweb12-1505wb-68-05243 1
203 0 clueweb12-0002wb-54-31306 1
203 0 clueweb12-1401wb-12-29321 0
203 0 clueweb12-1309wb-10-22876 0
203 0 clueweb12-0806wb-46-29646 0
203 0 clueweb12-0705wb-73-02935 0
203 0 clueweb12-0004wb-16-35952 1
203 0 clueweb12-1009wb-86-25964 0
203 0 clueweb12-0102wb-32-30963 1
203 0 clueweb12-0703wb-31-06810 0
203 0 clueweb12-1412wb-88-29455 0
203 0 clueweb12-1211wb-96-02306 0
203 0 clueweb12-0206wb-52-07957 1
203 0 clueweb12-0502wb-51-09338 0
203 0 clueweb12-1312wb-95-31204 0
203 0 clueweb12-0612wb-66-12503 0
203 0 clueweb12-1500wb-52-21496 1
203 0 clueweb12-0805wb-14-04542 1
203 0 clueweb12-0600wb-00-20108 0
203 0 clueweb12-0502wb-51-09336 0
203 0 clueweb12-1813wb-61-28021 1
203 0 clueweb12-0211wb-43-35222 1
203 0 clueweb12-0500tw-09-04980 0
203 0 clueweb12-1415wb-90-15596 1
203 0 clueweb12-0712wb-69-25342 1
203 0 clueweb12-0712wb-69-25343 1
204 0 clueweb12-0000wb-58-29498 0
204 0 clueweb12-1208wb-62-05131 0
204 0 clueweb12-0205wb-09-31513 1
204 0 clueweb12-1009wb-89-21735 0
204 0 clueweb12-1117wb-69-12700 1
204 0 clueweb12-0402wb-31-00377 1
204 0 clueweb12-1105wb-34-00423 0
204 0 clueweb12-1314wb-70-14946 0
204 0 clueweb12-0108wb-24-32459 0
204 0 clueweb12-1512wb-87-09543 0
204 0 clueweb12-1901wb-79-12965 0
204 0 clueweb12-1212wb-63-17269 1
204 0 clueweb12-1210wb-17-01493 0
204 0 clueweb12-1512wb-87-09536 0
204 0 clueweb12-1500tw-39-01008 0
204 0 clueweb12-1209wb-60-13384 1
204 0 clueweb12-1212wb-63-17266 0
204 0 clueweb12-1212wb-42-29928 0
204 0 clueweb12-1905wb-60-11612 1
204 0 clueweb12-0500wb-35-24740 0
204 0 clueweb12-0815wb-49-35577 1
204 0 clueweb12-0509wb-42-05162 0
204 0 clueweb12-0006wb-00-03631 0
204 0 clueweb12-0300wb-98-20074 0
204 0 clueweb12-1208wb-42-20453 1
204 0 clueweb12-1208wb-46-02945 0
204 0 clueweb12-0914wb-02-25009 1
204 0 clueweb12-1214wb-05-12156 0
204 0 clueweb12-0304wb-17-21523 1
204 0 clueweb12-1712wb-82-03180 1
204 0 clueweb12-0701wb-42-07581 1
204 0 clueweb12-1900tw-41-17265 1
204 0 clueweb12-0002wb-34-12166 1
204 0 clueweb12-1701wb-85-02626 1
204 0 clueweb12-1712wb-82-03181 1
204 0 clueweb12-0109wb-49-06267 1
204 0 clueweb12-0302wb-08-19026 0
204 0 clueweb12-0302wb-08-19025 1
204 0 clueweb12-0704wb-15-34534 0
204 0 clueweb12-0704wb-79-06295 0
204 0 clueweb12-0008wb-98-28895 1
204 0 clueweb12-0411wb-04-28847 1
204 0 clueweb12-0104wb-05-26523 1
204 0 clueweb12-0302wb-37-07068 1
204 0 clueweb12-1500tw-44-16993 1
204 0 clueweb12-0005wb-51-30129 1
204 0 clueweb12-0005wb-65-23319 1
204 0 clueweb12-1712wb-58-08659 0
204 0 clueweb12-0512wb-08-34353 1
204 0 clueweb12-0603wb-72-20767 1
205 0 clueweb12-0404wb-02-01517 1
205 0 clueweb12-0403wb-64-26188 1
205 0 clueweb12-0405wb-49-12399 1
205 0 clueweb12-0402wb-62-23693 1
205 0 clueweb12-0306wb-81-14366 1
205 0 clueweb12-1500tw-73-13465 1
205 0 clueweb12-0710wb-42-05248 0
205 0 clueweb12-0308wb-22-01430 1
205 0 clueweb12-1100tw-15-15997 1
205 0 clueweb12-1100tw-15-15998 1
205 0 clueweb12-0001wb-18-03820 1
205 0 clueweb12-0607wb-29-26935 0
205 0 clueweb12-0106wb-38-33238 1
205 0 clueweb12-1101wb-41-10572 0
205 0 clueweb12-0006wb-32-37841 0
205 0 clueweb12-0607wb-95-09963 1
205 0 clueweb12-0204wb-32-29917 1
205 0 clueweb12-0503wb-12-26526 0
205 0 clueweb12-0111wb-34-27257 1
205 0 clueweb12-0608wb-54-04617 1
205 0 clueweb12-0608wb-78-11515 1
205 0 clueweb12-0305wb-17-20186 0
205 0 clueweb12-0106wb-71-11924 1
205 0 clueweb12-0104wb-54-18083 1
205 0 clueweb12-0704wb-30-02468 0
205 0 clueweb12-0611wb-58-23510 0
205 0 clueweb12-0207wb-13-00035 0
205 0 clueweb12-0812wb-07-15129 0
205 0 clueweb12-1502wb-98-15313 1
205 0 clueweb12-0205wb-84-26498 0
205 0 clueweb12-0404wb-18-24380 0
205 0 clueweb12-0807wb-90-26575 1
205 0 clueweb12-0006wb-17-23685 1
205 0 clueweb12-1008wb-55-03940 1
205 0 clueweb12-0200tw-06-20138 0
205 0 clueweb12-1315wb-83-06891 1
205 0 clueweb12-1716wb-45-01191 0
205 0 clueweb12-1100wb-79-22020 1
205 0 clueweb12-1912wb-31-17040 1
205 0 clueweb12-1206wb-27-12748 0
205 0 clueweb12-0212wb-26-04331 1
205 0 clueweb12-1806wb-64-13506 0
205 0 clueweb12-1310wb-24-20255 0
205 0 clueweb12-0206wb-09-28585 0
205 0 clueweb12-0501wb-43-24675 0
205 0 clueweb12-0009wb-53-30218 0
205 0 clueweb12-0201wb-00-27014 0
205 0 clueweb12-0809wb-23-06254 0
205 0 clueweb12-0305wb-02-20942 0
205 0 clueweb12-0402wb-55-02398 1
206 0 clueweb12-1617wb-04-14197 0
206 0 clueweb12-1003wb-11-08642 1
206 0 clueweb12-1501wb-66-13825 1
206 0 clueweb12-1703wb-44-27534 1
206 0 clueweb12-0012wb-54-25681 0
206 0 clueweb12-1715wb-11-15364 1
206 0 clueweb12-1514wb-57-25954 1
206 0 clueweb12-0510wb-45-31384 1
206 0 clueweb12-1401wb-92-14851 1
206 0 clueweb12-1900tw-11-12838 0
206 0 clueweb12-1003wb-43-07311 1
206 0 clueweb12-0713wb-06-10413 1
206 0 clueweb12-0706wb-04-24630 0
206 0 clueweb12-1314wb-66-33885 1
206 0 clueweb12-0602wb-97-30014 1
206 0 clueweb12-0301wb-43-35173 1
206 0 clueweb12-0104wb-74-16849 1
206 0 clueweb12-0712wb-29-24947 0
206 0 clueweb12-1110wb-87-23832 0
206 0 clueweb12-0000wb-64-25787 1
206 0 clueweb12-0904wb-51-11687 1
206 0 clueweb12-1113wb-04-01767 0
206 0 clueweb12-0302wb-23-30345 0
206 0 clueweb12-1709wb-42-16933 0
206 0 clueweb12-1401wb-92-14852 1
206 0 clueweb12-0301wb-43-35174 1
206 0 clueweb12-0713wb-59-09148 0
206 0 clueweb12-0712wb-70-00557 1
206 0 clueweb12-0607wb-26-21426 0
206 0 clueweb12-0713wb-36-07469 0
206 0 clueweb12-1600tw-40-06295 0
206 0 clueweb12-1114wb-65-12554 0
206 0 clueweb12-0301wb-40-29100 0
206 0 clueweb12-0206wb-47-00622 1
206 0 clueweb12-1502wb-67-08442 1
206 0 clueweb12-1502wb-12-19967 1
206 0 clueweb12-1502wb-21-20558 1
206 0 clueweb12-1503wb-11-07637 1
206 0 clueweb12-1501wb-80-16507 1
206 0 clueweb12-1502wb-62-24022 1
206 0 clueweb12-1502wb-84-04715 1
206 0 clueweb12-1501wb-95-25965 1
206 0 clueweb12-1502wb-70-03518 1
206 0 clueweb12-1502wb-84-04716 1
206 0 clueweb12-1502wb-89-03009 1
206 0 clueweb12-1502wb-89-03010 1
206 0 clueweb12-1502wb-99-02201 1
206 0 clueweb12-1501wb-95-25964 1
206 0 clueweb12-1502wb-36-19364 1
206 0 clueweb12-1502wb-57-10551 1
207 0 clueweb12-1408wb-69-07244 1
207 0 clueweb12-0806wb-67-24256 1
207 0 clueweb12-1410wb-12-26583 1
207 0 clueweb12-1207wb-00-24509 0
207 0 clueweb12-0207wb-90-20840 0
207 0 clueweb12-0505wb-10-15909 0
207 0 clueweb12-1905wb-56-25449 0
207 0 clueweb12-1413wb-78-23830 0
207 0 clueweb12-1209wb-88-01520 0
207 0 clueweb12-0006wb-80-17148 1
207 0 clueweb12-1809wb-95-20952 1
207 0 clueweb12-1905wb-50-22038 0
207 0 clueweb12-0706wb-43-13911 1
207 0 clueweb12-0111wb-69-07889 1
207 0 clueweb12-0204wb-83-30732 0
207 0 clueweb12-1803wb-06-19837 1
207 0 clueweb12-0005wb-78-16060 0
207 0 clueweb12-0206wb-59-01004 1
207 0 clueweb12-0006wb-36-31399 0
207 0 clueweb12-0305wb-53-27499 1
207 0 clueweb12-1500wb-49-02192 0
207 0 clueweb12-0800wb-50-27360 0
207 0 clueweb12-1806wb-64-10548 0
207 0 clueweb12-0010wb-23-31486 0
207 0 clueweb12-1800wb-24-06145 1
207 0 clueweb12-0806wb-67-24255 1
207 0 clueweb12-1105wb-90-02225 1
207 0 clueweb12-1806wb-87-30318 0
207 0 clueweb12-1806wb-87-30317 1
207 0 clueweb12-1806wb-87-30320 0
207 0 clueweb12-1908wb-84-13944 0
207 0 clueweb12-0005wb-78-16068 0
207 0 clueweb12-0206wb-71-14452 0
207 0 clueweb12-1500wb-12-15189 0
207 0 clueweb12-0005wb-52-29519 1
207 0 clueweb12-0204wb-35-03000 0
207 0 clueweb12-1806wb-43-18892 1
207 0 clueweb12-0005wb-88-19578 0
207 0 clueweb12-0000tw-26-18693 1
207 0 clueweb12-1413wb-22-07482 1
207 0 clueweb12-1911wb-28-17215 1
207 0 clueweb12-1204wb-58-20635 1
207 0 clueweb12-0911wb-87-19754 0
207 0 clueweb12-0209wb-85-10403 0
207 0 clueweb12-0003wb-49-00579 0
207 0 clueweb12-1503wb-56-08344 1
207 0 clueweb12-1503wb-56-08383 0
207 0 clueweb12-1001wb-00-08617 0
207 0 clueweb12-0813wb-58-16452 0
207 0 clueweb12-1407wb-01-05723 0
208 0 clueweb12-1908wb-77-16099 0
208 0 clueweb12-1610wb-40-03669 1
208 0 clueweb12-1613wb-62-32825 1
208 0 clueweb12-0305wb-67-05389 0
208 0 clueweb12-0606wb-66-31070 0
208 0 clueweb12-0713wb-72-01329 0
208 0 clueweb12-1111wb-61-25620 0
208 0 clueweb12-1301wb-88-19658 1
208 0 clueweb12-0602wb-60-02021 0
208 0 clueweb12-1615wb-11-05365 0
208 0 clueweb12-0813wb-29-16299 1
208 0 clueweb12-0404wb-38-07381 1
208 0 clueweb12-0800wb-37-12002 1
208 0 clueweb12-1216wb-42-29972 0
208 0 clueweb12-0406wb-87-11186 0
208 0 clueweb12-0001wb-25-23616 1
208 0 clueweb12-0300tw-33-13601 1
208 0 clueweb12-0702wb-60-31046 0
208 0 clueweb12-0608wb-51-18276 0
208 0 clueweb12-0002wb-97-19918 0
208 0 clueweb12-1312wb-85-13470 0
208 0 clueweb12-0210wb-73-24126 1
208 0 clueweb12-0102wb-54-11699 0
208 0 clueweb12-1612wb-18-22030 1
208 0 clueweb12-0810wb-04-13355 1
208 0 clueweb12-1207wb-81-14962 0
208 0 clueweb12-0804wb-90-09490 1
208 0 clueweb12-0003wb-50-16116 0
208 0 clueweb12-1414wb-05-08095 1
208 0 clueweb12-0916wb-73-20917 0
208 0 clueweb12-1605wb-09-25644 1
208 0 clueweb12-0405wb-28-07498 0
208 0 clueweb12-0200tw-61-13709 0
208 0 clueweb12-1011wb-62-00443 0
208 0 clueweb12-0111wb-28-18795 0
208 0 clueweb12-1911wb-89-06008 1
208 0 clueweb12-0106wb-61-15202 0
208 0 clueweb12-1215wb-46-13227 0
208 0 clueweb12-0800tw-25-08178 0
208 0 clueweb12-0713wb-47-20654 1
208 0 clueweb12-0301tw-29-19555 0
208 0 clueweb12-0408wb-89-14641 0
208 0 clueweb12-1111wb-53-13591 0
208 0 clueweb12-0807wb-66-08382 0
208 0 clueweb12-1007wb-89-08055 0
208 0 clueweb12-0109wb-28-08304 0
208 0 clueweb12-0108wb-72-24490 0
208 0 clueweb12-1911wb-24-21457 0
208 0 clueweb12-1111wb-42-16685 0
208 0 clueweb12-0508wb-95-14510 0
209 0 clueweb12-1300tw-42-05868 0
209 0 clueweb12-1610wb-08-13221 0
209 0 clueweb12-0200wb-68-20778 0
209 0 clueweb12-0811wb-52-01249 0
209 0 clueweb12-1710wb-96-22937 0
209 0 clueweb12-0002wb-96-18284 0
209 0 clueweb12-1007wb-23-17997 0
209 0 clueweb12-0808wb-90-15008 0
209 0 clueweb12-0305wb-31-30026 0
209 0 clueweb12-0011wb-71-24031 0
209 0 clueweb12-0111wb-17-33232 0
209 0 clueweb12-1006wb-84-22891 0
209 0 clueweb12-0201wb-59-07088 0
209 0 clueweb12-1904wb-85-27358 0
209 0 clueweb12-0003wb-04-32978 0
209 0 clueweb12-1100tw-77-02354 0
209 0 clueweb12-0402wb-85-16521 0
209 0 clueweb12-0105wb-14-09800 1
209 0 clueweb12-0301wb-72-04109 0
209 0 clueweb12-1406wb-09-24505 0
209 0 clueweb12-0800tw-38-07658 0
209 0 clueweb12-0303wb-04-18452 0
209 0 clueweb12-0209wb-19-27701 0
209 0 clueweb12-0106wb-29-04372 0
209 0 clueweb12-1610wb-08-13224 0
209 0 clueweb12-1504wb-93-00612 0
209 0 clueweb12-0200wb-29-18544 0
209 0 clueweb12-1810wb-54-03629 0
209 0 clueweb12-0209wb-14-25436 0
209 0 clueweb12-0011wb-50-29408 0
209 0 clueweb12-0209wb-67-07124 0
209 0 clueweb12-1814wb-86-02901 0
209 0 clueweb12-1814wb-17-25239 0
209 0 clueweb12-0305wb-41-21804 0
209 0 clueweb12-0202wb-46-23391 0
209 0 clueweb12-1003wb-19-18176 0
209 0 clueweb12-1020wb-50-20951 0
209 0 clueweb12-0507wb-36-19206 0
209 0 clueweb12-0302wb-97-24675 0
209 0 clueweb12-0200wb-30-08775 0
209 0 clueweb12-1007wb-42-25505 0
209 0 clueweb12-1006wb-84-22892 0
209 0 clueweb12-0712wb-94-14061 0
209 0 clueweb12-1814wb-17-25231 0
209 0 clueweb12-0200wb-69-12098 0
209 0 clueweb12-1714wb-45-14925 0
209 0 clueweb12-1202wb-93-28592 0
209 0 clueweb12-0916wb-02-27725 0
209 0 clueweb12-1405wb-23-03730 0
209 0 clueweb12-0201wb-33-01595 0
210 0 clueweb12-0107wb-32-02462 0
210 0 clueweb12-1901wb-80-07058 1
210 0 clueweb12-0002wb-09-11456 1
210 0 clueweb12-0001wb-37-11288 0
210 0 clueweb12-0400wb-20-26102 1
210 0 clueweb12-0507wb-16-28751 0
210 0 clueweb12-1204wb-48-19075 0
210 0 clueweb12-0210wb-16-26898 0
210 0 clueweb12-0512wb-14-24991 0
210 0 clueweb12-0403wb-77-22044 0
210 0 clueweb12-1700tw-18-01572 0
210 0 clueweb12-1115wb-84-16641 0
210 0 clueweb12-0500wb-35-05859 0
210 0 clueweb12-1800tw-55-22363 1
210 0 clueweb12-1912wb-52-03451 0
210 0 clueweb12-0002wb-19-02593 0
210 0 clueweb12-1910wb-70-03363 0
210 0 clueweb12-0817wb-47-09355 0
210 0 clueweb12-0110wb-84-21605 0
210 0 clueweb12-0106wb-65-09817 0
210 0 clueweb12-1913wb-51-12469 0
210 0 clueweb12-1115wb-82-24867 0
210 0 clueweb12-0705wb-03-25194 0
210 0 clueweb12-1200tw-81-14432 0
210 0 clueweb12-1803wb-59-11164 0
210 0 clueweb12-1115wb-60-03021 0
210 0 clueweb12-0504wb-34-25344 0
210 0 clueweb12-0408wb-65-06835 0
210 0 clueweb12-0817wb-28-11927 0
210 0 clueweb12-0001wb-04-30716 1
210 0 clueweb12-1610wb-83-15791 0
210 0 clueweb12-1616wb-81-19001 0
210 0 clueweb12-0403wb-55-07767 0
210 0 clueweb12-0107wb-18-03514 0
210 0 clueweb12-0400wb-03-13784 0
210 0 clueweb12-1508wb-62-14300 0
210 0 clueweb12-1201tw-12-22799 0
210 0 clueweb12-1909wb-93-02791 0
210 0 clueweb12-0512wb-03-23753 0
210 0 clueweb12-1304wb-59-25223 0
210 0 clueweb12-0110wb-60-27210 0
210 0 clueweb12-1610wb-74-22886 0
210 0 clueweb12-0409wb-75-28538 0
210 0 clueweb12-0913wb-12-08534 0
210 0 clueweb12-0207wb-93-10480 0
210 0 clueweb12-0110wb-84-21606 0
210 0 clueweb12-0107wb-24-25387 0
210 0 clueweb12-1601wb-62-11745 0
210 0 clueweb12-0913wb-22-18813 0
210 0 clueweb12-1304wb-55-14396 0
211 0 clueweb12-0007wb-52-06376 0
211 0 clueweb12-0106wb-72-23240 1
211 0 clueweb12-0404wb-20-28400 1
211 0 clueweb12-1205wb-28-06475 1
211 0 clueweb12-0704wb-78-06262 1
211 0 clueweb12-1407wb-74-28263 1
211 0 clueweb12-1504wb-25-29013 0
211 0 clueweb12-0708wb-19-03083 0
211 0 clueweb12-0005wb-37-15839 0
211 0 clueweb12-1609wb-04-05655 1
211 0 clueweb12-0010wb-82-24656 0
211 0 clueweb12-1607wb-77-25364 1
211 0 clueweb12-0303wb-58-13212 1
211 0 clueweb12-0712wb-97-09990 1
211 0 clueweb12-0608wb-48-15793 0
211 0 clueweb12-1505wb-57-17099 1
211 0 clueweb12-1505wb-69-00765 1
211 0 clueweb12-1201tw-26-19337 1
211 0 clueweb12-1712wb-64-21454 0
211 0 clueweb12-0013wb-73-05490 1
211 0 clueweb12-0111wb-97-26239 1
211 0 clueweb12-1313wb-85-00033 1
211 0 clueweb12-0001wb-90-10708 1
211 0 clueweb12-0006wb-07-31905 0
211 0 clueweb12-1018wb-61-07014 0
211 0 clueweb12-0200wb-03-15185 1
211 0 clueweb12-0401wb-53-26277 0
211 0 clueweb12-0104wb-37-11377 0
211 0 clueweb12-0500wb-63-13085 0
211 0 clueweb12-0002wb-70-11455 0
211 0 clueweb12-0609wb-72-15381 1
211 0 clueweb12-0610wb-30-23389 0
211 0 clueweb12-0609wb-84-19218 0
211 0 clueweb12-0705wb-52-16756 0
211 0 clueweb12-1806wb-81-21639 1
211 0 clueweb12-0001wb-32-13083 0
211 0 clueweb12-0610wb-18-30502 0
211 0 clueweb12-1405wb-64-05139 1
211 0 clueweb12-1704wb-84-07720 1
211 0 clueweb12-0301wb-69-08860 0
211 0 clueweb12-1900wb-58-07594 1
211 0 clueweb12-0603wb-93-28217 1
211 0 clueweb12-1807wb-37-00712 1
211 0 clueweb12-0915wb-80-00889 0
211 0 clueweb12-0102wb-15-29916 1
211 0 clueweb12-0301wb-69-30861 0
211 0 clueweb12-0401wb-81-30968 1
211 0 clueweb12-0203wb-62-11227 0
211 0 clueweb12-0201wb-53-29562 1
211 0 clueweb12-1505wb-33-06270 1
212 0 clueweb12-0400wb-47-26395 0
212 0 clueweb12-1814wb-05-26199 0
212 0 clueweb12-1404wb-37-15837 0
212 0 clueweb12-0402wb-37-06235 0
212 0 clueweb12-1900tw-54-04565 0
212 0 clueweb12-1800tw-41-15314 0
212 0 clueweb12-0603wb-22-09396 0
212 0 clueweb12-0207wb-62-04849 0
212 0 clueweb12-1207wb-42-03759 0
212 0 clueweb12-0000wb-18-10061 0
212 0 clueweb12-0713wb-50-21719 0
212 0 clueweb12-0500wb-63-14549 0
212 0 clueweb12-0400tw-77-07091 0
212 0 clueweb12-1603wb-27-02596 0
212 0 clueweb12-0009wb-80-11253 0
212 0 clueweb12-1117wb-11-24876 0
212 0 clueweb12-0005wb-40-30225 0
212 0 clueweb12-0011wb-58-01315 0
212 0 clueweb12-0110wb-27-32336 0
212 0 clueweb12-0403wb-57-14800 0
212 0 clueweb12-1000tw-45-19003 0
212 0 clueweb12-1200wb-47-24072 0
212 0 clueweb12-0400tw-77-07092 0
212 0 clueweb12-0402wb-82-29470 0
212 0 clueweb12-1800tw-37-23484 0
212 0 clueweb12-0209wb-25-16886 0
212 0 clueweb12-1509wb-23-13063 0
212 0 clueweb12-1113wb-71-23777 0
212 0 clueweb12-0108wb-93-20867 0
212 0 clueweb12-1411wb-09-24168 0
212 0 clueweb12-0200tw-02-21190 0
212 0 clueweb12-0511wb-33-10024 0
212 0 clueweb12-0507wb-22-08280 0
212 0 clueweb12-0002wb-44-01212 1
212 0 clueweb12-0311wb-68-16454 0
212 0 clueweb12-0102wb-20-27816 0
212 0 clueweb12-0009wb-23-24279 0
212 0 clueweb12-1118wb-34-19445 0
212 0 clueweb12-0506wb-37-34168 0
212 0 clueweb12-0106wb-13-04329 0
212 0 clueweb12-0311wb-35-22318 0
212 0 clueweb12-1605wb-08-01102 0
212 0 clueweb12-1807wb-75-30864 0
212 0 clueweb12-1900wb-03-20021 0
212 0 clueweb12-1118wb-70-07401 0
212 0 clueweb12-1311wb-86-07360 0
212 0 clueweb12-0109wb-66-16382 0
212 0 clueweb12-0109wb-50-30843 0
212 0 clueweb12-0100wb-75-26922 0
212 0 clueweb12-1400tw-15-04791 0
213 0 clueweb12-0000wb-32-22299 1
213 0 clueweb12-1803wb-38-13335 0
213 0 clueweb12-0816wb-63-18247 0
213 0 clueweb12-1808wb-58-12121 0
213 0 clueweb12-1020wb-40-20836 1
213 0 clueweb12-0209wb-98-18420 1
213 0 clueweb12-0908wb-26-11307 0
213 0 clueweb12-1509wb-51-00226 1
213 0 clueweb12-1702wb-64-19349 1
213 0 clueweb12-1006wb-05-25188 0
213 0 clueweb12-1011wb-57-28719 1
213 0 clueweb12-1505wb-29-08000 0
213 0 clueweb12-1606wb-31-14617 0
213 0 clueweb12-1912wb-31-15593 0
213 0 clueweb12-0812wb-60-28452 0
213 0 clueweb12-0108wb-86-03514 0
213 0 clueweb12-0300tw-41-09450 1
213 0 clueweb12-0606wb-88-01452 1
213 0 clueweb12-1201tw-18-14400 1
213 0 clueweb12-1001wb-43-18646 1
213 0 clueweb12-1002wb-25-20406 1
213 0 clueweb12-0004wb-91-04003 0
213 0 clueweb12-0005wb-19-12731 0
213 0 clueweb12-0004wb-74-16363 0
213 0 clueweb12-0004wb-64-33254 0
213 0 clueweb12-0009wb-01-18550 0
213 0 clueweb12-0201wb-10-12408 0
213 0 clueweb12-1900wb-37-11063 0
213 0 clueweb12-1813wb-60-24511 1
213 0 clueweb12-0105wb-30-17659 1
213 0 clueweb12-0301wb-99-18066 1
213 0 clueweb12-1900tw-47-03244 0
213 0 clueweb12-0404wb-98-10650 1
213 0 clueweb12-0810wb-40-06208 1
213 0 clueweb12-1511wb-08-06460 1
213 0 clueweb12-0602wb-81-19199 0
213 0 clueweb12-1213wb-28-19193 1
213 0 clueweb12-0310wb-97-06955 1
213 0 clueweb12-0309wb-70-07715 0
213 0 clueweb12-0307wb-99-08966 0
213 0 clueweb12-0005wb-49-11368 0
213 0 clueweb12-0806wb-74-26496 0
213 0 clueweb12-0707wb-00-10467 0
213 0 clueweb12-0806wb-10-29259 0
213 0 clueweb12-0405wb-84-22841 1
213 0 clueweb12-0700tw-58-09391 1
213 0 clueweb12-0310wb-24-01665 0
213 0 clueweb12-0807wb-20-01988 1
213 0 clueweb12-0805wb-87-20525 1
213 0 clueweb12-1111wb-03-11959 0
214 0 clueweb12-0011wb-17-26705 1
214 0 clueweb12-0012wb-15-12275 1
214 0 clueweb12-0003wb-84-12067 1
214 0 clueweb12-1301wb-53-25827 0
214 0 clueweb12-1305wb-44-14628 0
214 0 clueweb12-1412wb-23-27027 1
214 0 clueweb12-1812wb-13-22454 1
214 0 clueweb12-0000wb-46-08820 1
214 0 clueweb12-0406wb-95-35191 1
214 0 clueweb12-0815wb-29-23237 1
214 0 clueweb12-0000wb-76-39724 1
214 0 clueweb12-1812wb-34-17465 1
214 0 clueweb12-0002wb-97-14165 1
214 0 clueweb12-0410wb-13-19082 1
214 0 clueweb12-0411wb-27-01293 1
214 0 clueweb12-0509wb-10-09665 1
214 0 clueweb12-1812wb-13-22460 1
214 0 clueweb12-1017wb-96-09191 0
214 0 clueweb12-1020wb-20-20820 0
214 0 clueweb12-0608wb-76-25718 1
214 0 clueweb12-0209wb-65-12183 1
214 0 clueweb12-0209wb-79-33941 0
214 0 clueweb12-0208wb-88-11331 1
214 0 clueweb12-0500wb-27-00340 0
214 0 clueweb12-0404wb-30-18836 0
214 0 clueweb12-1905wb-83-23865 1
214 0 clueweb12-1609wb-37-05543 1
214 0 clueweb12-0009wb-06-25090 0
214 0 clueweb12-0006wb-02-18719 0
214 0 clueweb12-0403wb-11-16609 1
214 0 clueweb12-0403wb-39-06556 1
214 0 clueweb12-0009wb-06-25091 0
214 0 clueweb12-0009wb-06-25092 0
214 0 clueweb12-0403wb-39-06555 0
214 0 clueweb12-0403wb-18-21030 0
214 0 clueweb12-0402wb-89-03718 0
214 0 clueweb12-0403wb-11-16610 0
214 0 clueweb12-0607wb-84-22194 0
214 0 clueweb12-0206wb-40-35769 0
214 0 clueweb12-0207wb-76-26827 0
214 0 clueweb12-0403wb-14-21533 1
214 0 clueweb12-0404wb-13-29201 0
214 0 clueweb12-0404wb-38-13802 0
214 0 clueweb12-1803wb-50-00066 1
214 0 clueweb12-0205wb-60-27330 0
214 0 clueweb12-0302wb-19-18943 0
214 0 clueweb12-0202wb-89-22103 1
214 0 clueweb12-0206wb-85-22605 1
214 0 clueweb12-0805wb-35-36460 1
214 0 clueweb12-1808wb-44-12215 0
215 0 clueweb12-0715wb-79-09334 0
215 0 clueweb12-0004wb-72-22379 0
215 0 clueweb12-0106wb-11-22322 1
215 0 clueweb12-1111wb-44-40462 0
215 0 clueweb12-0306wb-97-10912 1
215 0 clueweb12-0306wb-73-16043 1
215 0 clueweb12-0306wb-81-00284 1
215 0 clueweb12-0306wb-81-00259 1
215 0 clueweb12-0306wb-96-00324 1
215 0 clueweb12-0306wb-81-00285 1
215 0 clueweb12-0306wb-81-00270 1
215 0 clueweb12-0307wb-11-26641 1
215 0 clueweb12-0306wb-81-00291 1
215 0 clueweb12-0306wb-73-16055 1
215 0 clueweb12-0307wb-11-26655 1
215 0 clueweb12-0306wb-73-16075 1
215 0 clueweb12-0307wb-11-26646 1
215 0 clueweb12-0307wb-02-02918 1
215 0 clueweb12-0307wb-11-26649 1
215 0 clueweb12-0307wb-02-02930 1
215 0 clueweb12-0106wb-11-22321 1
215 0 clueweb12-0306wb-97-10917 1
215 0 clueweb12-0306wb-97-10914 1
215 0 clueweb12-0307wb-11-26648 0
215 0 clueweb12-1500tw-73-02555 1
215 0 clueweb12-0307wb-11-26663 1
215 0 clueweb12-0306wb-81-00258 1
215 0 clueweb12-0306wb-81-00281 0
215 0 clueweb12-0103wb-71-28728 0
215 0 clueweb12-0104wb-54-09612 1
215 0 clueweb12-0306wb-96-00331 0
215 0 clueweb12-0307wb-36-18498 0
215 0 clueweb12-0104wb-54-09611 0
215 0 clueweb12-0103wb-52-20529 1
215 0 clueweb12-0112wb-54-10284 1
215 0 clueweb12-0306wb-65-02897 1
215 0 clueweb12-0306wb-97-10906 0
215 0 clueweb12-0306wb-97-10900 0
215 0 clueweb12-0306wb-73-16066 0
215 0 clueweb12-0104wb-61-05073 1
215 0 clueweb12-0503wb-02-10047 0
215 0 clueweb12-0104wb-69-23870 0
215 0 clueweb12-0112wb-04-07702 0
215 0 clueweb12-0104wb-54-09610 0
215 0 clueweb12-0306wb-81-00260 0
215 0 clueweb12-0503wb-02-10043 0
215 0 clueweb12-0307wb-02-02947 0
215 0 clueweb12-0306wb-73-16057 0
215 0 clueweb12-0306wb-96-00334 1
215 0 clueweb12-0306wb-97-10907 0
216 0 clueweb12-0412wb-30-12144 1
216 0 clueweb12-0105wb-09-33299 1
216 0 clueweb12-1602wb-41-12621 1
216 0 clueweb12-0200tw-27-20400 1
216 0 clueweb12-0200tw-27-20399 1
216 0 clueweb12-0009wb-54-26000 1
216 0 clueweb12-0300tw-06-07418 1
216 0 clueweb12-1813wb-06-09068 0
216 0 clueweb12-1300tw-66-00071 1
216 0 clueweb12-1018wb-32-12008 1
216 0 clueweb12-0100tw-68-10731 1
216 0 clueweb12-0100tw-64-07041 0
216 0 clueweb12-0810wb-76-10710 1
216 0 clueweb12-1203wb-55-17262 1
216 0 clueweb12-1708wb-00-28314 1
216 0 clueweb12-1206wb-47-15375 1
216 0 clueweb12-1410wb-17-15362 1
216 0 clueweb12-0300tw-60-01094 0
216 0 clueweb12-0100tw-19-06882 0
216 0 clueweb12-1105wb-61-06263 1
216 0 clueweb12-0104wb-16-21622 0
216 0 clueweb12-0100tw-05-13391 0
216 0 clueweb12-1901wb-44-02308 1
216 0 clueweb12-0907wb-03-25202 1
216 0 clueweb12-0005wb-77-25107 0
216 0 clueweb12-1300tw-67-01133 1
216 0 clueweb12-1300tw-65-13739 1
216 0 clueweb12-1300tw-11-12437 1
216 0 clueweb12-1300tw-13-03461 1
216 0 clueweb12-0800tw-38-09396 0
216 0 clueweb12-0011wb-41-27409 1
216 0 clueweb12-0104wb-88-03977 1
216 0 clueweb12-1602wb-41-12622 1
216 0 clueweb12-1602wb-43-29560 1
216 0 clueweb12-1602wb-45-12798 1
216 0 clueweb12-0500tw-07-22575 1
216 0 clueweb12-0800tw-38-09395 0
216 0 clueweb12-0800tw-39-06261 1
216 0 clueweb12-1403wb-22-06202 1
216 0 clueweb12-1717wb-39-00682 0
216 0 clueweb12-1804wb-88-09531 1
216 0 clueweb12-0700tw-80-16202 0
216 0 clueweb12-0401wb-83-23909 0
216 0 clueweb12-1000tw-47-13341 0
216 0 clueweb12-0200tw-87-25001 0
216 0 clueweb12-1104wb-60-19134 1
216 0 clueweb12-1303wb-69-20179 1
216 0 clueweb12-1304wb-07-11215 1
216 0 clueweb12-1304wb-07-11216 1
216 0 clueweb12-0800tw-47-10089 0
217 0 clueweb12-0001wb-15-09071 1
217 0 clueweb12-0717wb-19-10395 1
217 0 clueweb12-1415wb-49-10447 1
217 0 clueweb12-1600tw-36-10490 0
217 0 clueweb12-1414wb-87-14894 1
217 0 clueweb12-1100tw-87-04050 0
217 0 clueweb12-0808wb-66-13058 1
217 0 clueweb12-1516wb-65-10683 1
217 0 clueweb12-0410wb-48-25408 1
217 0 clueweb12-1900tw-06-01927 0
217 0 clueweb12-0810wb-65-27089 0
217 0 clueweb12-1800tw-12-00475 0
217 0 clueweb12-1415wb-32-16351 1
217 0 clueweb12-1415wb-75-28075 1
217 0 clueweb12-1414wb-87-14893 1
217 0 clueweb12-1415wb-49-10446 1
217 0 clueweb12-1414wb-92-28885 1
217 0 clueweb12-1012wb-67-14196 0
217 0 clueweb12-1400wb-25-03124 0
217 0 clueweb12-1413wb-95-05629 0
217 0 clueweb12-1616wb-50-35567 1
217 0 clueweb12-1500wb-79-25758 1
217 0 clueweb12-1605wb-32-02473 1
217 0 clueweb12-1415wb-23-29267 0
217 0 clueweb12-1402wb-97-04622 1
217 0 clueweb12-1109wb-27-04084 0
217 0 clueweb12-0905wb-55-18536 1
217 0 clueweb12-1100tw-92-08751 0
217 0 clueweb12-0001wb-15-09068 0
217 0 clueweb12-1020wb-46-21673 1
217 0 clueweb12-1516wb-63-18693 0
217 0 clueweb12-1402wb-25-14733 0
217 0 clueweb12-0608wb-87-27882 1
217 0 clueweb12-0301wb-87-15170 0
217 0 clueweb12-1516wb-61-30275 0
217 0 clueweb12-0803wb-57-10066 0
217 0 clueweb12-1100wb-12-00528 0
217 0 clueweb12-0004wb-80-22146 1
217 0 clueweb12-0310wb-70-24087 0
217 0 clueweb12-1412wb-33-04191 0
217 0 clueweb12-0001wb-15-09072 1
217 0 clueweb12-0400wb-77-06797 0
217 0 clueweb12-1516wb-63-18686 1
217 0 clueweb12-1516wb-68-15312 1
217 0 clueweb12-1900tw-25-06006 1
217 0 clueweb12-0303wb-58-09601 1
217 0 clueweb12-0303wb-34-26827 0
217 0 clueweb12-0302wb-43-26939 0
217 0 clueweb12-1516wb-70-03335 1
217 0 clueweb12-1516wb-71-27774 1
218 0 clueweb12-0211wb-66-01709 1
218 0 clueweb12-1000tw-57-05863 1
218 0 clueweb12-0707wb-41-00907 0
218 0 clueweb12-0706wb-41-13564 0
218 0 clueweb12-0209wb-21-25159 0
218 0 clueweb12-1311wb-28-11930 1
218 0 clueweb12-0601wb-32-22772 0
218 0 clueweb12-1312wb-91-22789 1
218 0 clueweb12-1802wb-93-08416 1
218 0 clueweb12-1118wb-68-08523 0
218 0 clueweb12-1312wb-94-07749 1
218 0 clueweb12-0005wb-63-23135 1
218 0 clueweb12-1312wb-59-24045 1
218 0 clueweb12-0712wb-40-23535 1
218 0 clueweb12-1311wb-74-10087 1
218 0 clueweb12-0501wb-19-26825 1
218 0 clueweb12-1810wb-68-02659 0
218 0 clueweb12-0501wb-16-00724 1
218 0 clueweb12-0308wb-69-22519 1
218 0 clueweb12-0300tw-33-01415 1
218 0 clueweb12-1100tw-12-12137 1
218 0 clueweb12-0800tw-08-05246 1
218 0 clueweb12-1000tw-51-19669 1
218 0 clueweb12-1000tw-51-19671 1
218 0 clueweb12-1910wb-17-01227 0
218 0 clueweb12-1100tw-12-12136 1
218 0 clueweb12-0606wb-62-20960 1
218 0 clueweb12-0304wb-06-19291 0
218 0 clueweb12-0603wb-31-17928 0
218 0 clueweb12-1101tw-05-09321 0
218 0 clueweb12-0300tw-36-07594 0
218 0 clueweb12-0402wb-16-14038 1
218 0 clueweb12-1500wb-21-02102 0
218 0 clueweb12-1000tw-45-01678 0
218 0 clueweb12-1000tw-15-06054 0
218 0 clueweb12-1312wb-94-07746 1
218 0 clueweb12-0707wb-61-08710 0
218 0 clueweb12-1806wb-21-10292 0
218 0 clueweb12-1700tw-15-17688 0
218 0 clueweb12-1100tw-12-12138 1
218 0 clueweb12-1000tw-51-19672 0
218 0 clueweb12-1713wb-88-17431 1
218 0 clueweb12-0606wb-89-25033 1
218 0 clueweb12-1312wb-91-22787 1
218 0 clueweb12-0305wb-17-13375 1
218 0 clueweb12-1714wb-40-12986 1
218 0 clueweb12-1400wb-87-25559 1
218 0 clueweb12-1312wb-91-22788 1
218 0 clueweb12-1109wb-88-21341 0
218 0 clueweb12-0401wb-85-16979 1
219 0 clueweb12-0200tw-45-10914 1
219 0 clueweb12-0200wb-40-09993 0
219 0 clueweb12-0004wb-13-21821 0
219 0 clueweb12-0007wb-78-19658 1
219 0 clueweb12-1100wb-40-13331 0
219 0 clueweb12-0700wb-44-18609 0
219 0 clueweb12-0309wb-70-16823 0
219 0 clueweb12-0205wb-68-33996 0
219 0 clueweb12-0408wb-40-11149 0
219 0 clueweb12-1805wb-42-24456 0
219 0 clueweb12-0404wb-51-06776 0
219 0 clueweb12-0304wb-19-20073 0
219 0 clueweb12-0207wb-62-04849 0
219 0 clueweb12-1608wb-32-10837 0
219 0 clueweb12-1210wb-85-28648 0
219 0 clueweb12-1105wb-24-16725 0
219 0 clueweb12-0700wb-29-27779 0
219 0 clueweb12-0301wb-19-21297 0
219 0 clueweb12-0701wb-49-17573 0
219 0 clueweb12-0109wb-26-07479 0
219 0 clueweb12-0917wb-08-09839 0
219 0 clueweb12-0209wb-25-16886 0
219 0 clueweb12-0310wb-34-23469 0
219 0 clueweb12-0403wb-97-25446 0
219 0 clueweb12-0011wb-83-14123 0
219 0 clueweb12-0112wb-04-07428 0
219 0 clueweb12-0412wb-25-08674 0
219 0 clueweb12-0311wb-60-17678 0
219 0 clueweb12-1208wb-59-20863 0
219 0 clueweb12-1102wb-51-13179 0
219 0 clueweb12-0511wb-33-10024 0
219 0 clueweb12-1312wb-56-04933 0
219 0 clueweb12-0207wb-82-21089 0
219 0 clueweb12-0106wb-87-07563 0
219 0 clueweb12-1500wb-91-25694 0
219 0 clueweb12-1607wb-08-10816 0
219 0 clueweb12-1006wb-74-08032 0
219 0 clueweb12-0207wb-93-10480 0
219 0 clueweb12-0404wb-51-06788 0
219 0 clueweb12-0301wb-10-04583 0
219 0 clueweb12-0307wb-58-28560 1
219 0 clueweb12-0500tw-10-01134 0
219 0 clueweb12-0105wb-75-26744 0
219 0 clueweb12-0405wb-31-04233 0
219 0 clueweb12-0110wb-26-33243 0
219 0 clueweb12-1608wb-30-03528 0
219 0 clueweb12-0004wb-13-21822 0
219 0 clueweb12-0101wb-85-23210 0
219 0 clueweb12-0404wb-70-23061 1
219 0 clueweb12-0300wb-64-08544 0
220 0 clueweb12-1300tw-89-06933 0
220 0 clueweb12-1800tw-56-10639 1
220 0 clueweb12-1616wb-21-09524 1
220 0 clueweb12-1310wb-29-01699 1
220 0 clueweb12-1312wb-31-13403 0
220 0 clueweb12-1312wb-31-13402 0
220 0 clueweb12-0304wb-98-30497 0
220 0 clueweb12-1610wb-79-10857 0
220 0 clueweb12-0812wb-29-03518 0
220 0 clueweb12-1413wb-22-08411 0
220 0 clueweb12-1312wb-25-16505 0
220 0 clueweb12-1514wb-67-01574 0
220 0 clueweb12-0010wb-37-11135 0
220 0 clueweb12-0013wb-16-09253 0
220 0 clueweb12-1806wb-88-21442 0
220 0 clueweb12-1301wb-93-22402 0
220 0 clueweb12-1300tw-39-19917 0
220 0 clueweb12-1408wb-83-16302 0
220 0 clueweb12-1300tw-70-03387 0
220 0 clueweb12-1312wb-57-22383 1
220 0 clueweb12-1214wb-38-13656 0
220 0 clueweb12-1200tw-72-04008 0
220 0 clueweb12-0603wb-60-33443 0
220 0 clueweb12-0501wb-18-19582 1
220 0 clueweb12-0206wb-12-22175 0
220 0 clueweb12-0816wb-68-10771 0
220 0 clueweb12-0308wb-87-08899 0
220 0 clueweb12-0010wb-44-05537 0
220 0 clueweb12-0706wb-23-28597 0
220 0 clueweb12-1500tw-18-15967 0
220 0 clueweb12-1615wb-91-06356 1
220 0 clueweb12-0307wb-36-07492 1
220 0 clueweb12-1201tw-24-06227 0
220 0 clueweb12-0102wb-76-01988 0
220 0 clueweb12-0105wb-71-08196 0
220 0 clueweb12-1303wb-96-17827 0
220 0 clueweb12-0902wb-21-04709 0
220 0 clueweb12-0309wb-09-12083 0
220 0 clueweb12-0800tw-15-10638 0
220 0 clueweb12-0603wb-33-14975 0
220 0 clueweb12-0800tw-14-17916 0
220 0 clueweb12-0815wb-47-20152 0
220 0 clueweb12-1413wb-39-13405 0
220 0 clueweb12-0006wb-75-16186 0
220 0 clueweb12-0604wb-86-13627 0
220 0 clueweb12-1812wb-71-23042 0
220 0 clueweb12-1500tw-18-15978 0
220 0 clueweb12-1806wb-28-01579 0
220 0 clueweb12-0203wb-86-34427 0
220 0 clueweb12-0704wb-91-10606 0
221 0 clueweb12-1615wb-92-14872 1
221 0 clueweb12-0712wb-24-17553 1
221 0 clueweb12-0101wb-06-30496 0
221 0 clueweb12-1700wb-57-04219 1
221 0 clueweb12-1615wb-09-21886 1
221 0 clueweb12-1117wb-30-08159 1
221 0 clueweb12-0102wb-05-32106 1
221 0 clueweb12-0201wb-52-05234 1
221 0 clueweb12-0308wb-40-09968 0
221 0 clueweb12-0002wb-99-13765 0
221 0 clueweb12-0107wb-84-27040 1
221 0 clueweb12-0110wb-90-26914 1
221 0 clueweb12-1907wb-04-23627 1
221 0 clueweb12-0402wb-91-33148 1
221 0 clueweb12-1305wb-36-04835 1
221 0 clueweb12-0012wb-89-10464 1
221 0 clueweb12-0013wb-83-02045 1
221 0 clueweb12-1903wb-89-12261 0
221 0 clueweb12-1905wb-14-19033 0
221 0 clueweb12-0009wb-63-27893 1
221 0 clueweb12-0100tw-14-12046 1
221 0 clueweb12-1508wb-36-32004 0
221 0 clueweb12-0102wb-40-11564 1
221 0 clueweb12-1804wb-62-01680 1
221 0 clueweb12-0011wb-44-10471 1
221 0 clueweb12-0907wb-40-04078 1
221 0 clueweb12-0102wb-40-11562 0
221 0 clueweb12-0012wb-07-07679 1
221 0 clueweb12-0102wb-31-05031 1
221 0 clueweb12-0101wb-75-09465 1
221 0 clueweb12-0101wb-82-10173 0
221 0 clueweb12-0101wb-25-05852 0
221 0 clueweb12-0100wb-40-02406 1
221 0 clueweb12-1616wb-25-01738 0
221 0 clueweb12-0201wb-31-30262 0
221 0 clueweb12-0102wb-22-02776 1
221 0 clueweb12-1616wb-25-01737 0
221 0 clueweb12-0401wb-17-18990 1
221 0 clueweb12-0102wb-02-09029 1
221 0 clueweb12-0101wb-14-06110 0
221 0 clueweb12-0405wb-96-24661 1
221 0 clueweb12-0100wb-91-16022 1
221 0 clueweb12-1016wb-42-10497 1
221 0 clueweb12-1101tw-01-13761 1
221 0 clueweb12-0200tw-62-11581 1
221 0 clueweb12-0201wb-52-05242 1
221 0 clueweb12-1902wb-10-27905 1
221 0 clueweb12-0208wb-49-13773 1
221 0 clueweb12-0408wb-77-00624 1
221 0 clueweb12-0506wb-81-28986 1
222 0 clueweb12-1507wb-15-22992 0
222 0 clueweb12-0207wb-90-06374 1
222 0 clueweb12-0818wb-59-22475 1
222 0 clueweb12-0900tw-93-07742 0
222 0 clueweb12-0209wb-21-33965 0
222 0 clueweb12-0209wb-66-05209 1
222 0 clueweb12-0712wb-42-11435 1
222 0 clueweb12-1103wb-87-21095 1
222 0 clueweb12-0100wb-86-26956 1
222 0 clueweb12-0210wb-48-12542 0
222 0 clueweb12-0109wb-99-28145 1
222 0 clueweb12-0902wb-86-04876 1
222 0 clueweb12-0004wb-51-14623 0
222 0 clueweb12-1010wb-45-10892 0
222 0 clueweb12-1013wb-19-10199 0
222 0 clueweb12-1513wb-98-01944 0
222 0 clueweb12-0508wb-53-18246 0
222 0 clueweb12-0202wb-19-12239 1
222 0 clueweb12-0202wb-19-12240 1
222 0 clueweb12-0004wb-51-14619 0
222 0 clueweb12-1107wb-62-07587 0
222 0 clueweb12-0201wb-49-16115 1
222 0 clueweb12-0202wb-12-10652 1
222 0 clueweb12-0202wb-19-12236 1
222 0 clueweb12-1600tw-36-04312 0
222 0 clueweb12-1807wb-22-17796 0
222 0 clueweb12-1905wb-35-29153 1
222 0 clueweb12-0711wb-77-21957 0
222 0 clueweb12-0004wb-13-21935 0
222 0 clueweb12-0711wb-66-03349 1
222 0 clueweb12-0110wb-70-07977 0
222 0 clueweb12-0202wb-81-02847 0
222 0 clueweb12-1906wb-77-19757 1
222 0 clueweb12-1900tw-11-13834 0
222 0 clueweb12-0705wb-12-27896 0
222 0 clueweb12-0411wb-02-28517 0
222 0 clueweb12-0002wb-33-32440 0
222 0 clueweb12-0504wb-60-32576 0
222 0 clueweb12-1803wb-73-18437 0
222 0 clueweb12-0103wb-59-17107 0
222 0 clueweb12-1700wb-61-03187 0
222 0 clueweb12-1509wb-04-14414 0
222 0 clueweb12-1804wb-26-23664 1
222 0 clueweb12-0400wb-85-22258 0
222 0 clueweb12-0303wb-73-22630 0
222 0 clueweb12-0809wb-25-02336 1
222 0 clueweb12-0509wb-14-10674 1
222 0 clueweb12-1900wb-22-18607 0
222 0 clueweb12-0013wb-06-27628 1
222 0 clueweb12-1900wb-15-00407 0
223 0 clueweb12-0112wb-09-15320 1
223 0 clueweb12-0005wb-40-27730 1
223 0 clueweb12-0008wb-76-24973 1
223 0 clueweb12-0309wb-64-31123 1
223 0 clueweb12-0507wb-20-07675 1
223 0 clueweb12-1912wb-55-28701 1
223 0 clueweb12-0400wb-69-12707 1
223 0 clueweb12-1301wb-61-29311 1
223 0 clueweb12-1705wb-55-00149 1
223 0 clueweb12-1301wb-61-29313 1
223 0 clueweb12-0004wb-75-20276 0
223 0 clueweb12-1208wb-49-15942 1
223 0 clueweb12-1200tw-38-06894 1
223 0 clueweb12-0009wb-01-31002 1
223 0 clueweb12-0601wb-98-19025 0
223 0 clueweb12-1701wb-48-12063 1
223 0 clueweb12-0808wb-06-17777 1
223 0 clueweb12-0408wb-83-14295 0
223 0 clueweb12-0008wb-31-13486 1
223 0 clueweb12-0201wb-80-29650 0
223 0 clueweb12-1813wb-39-26213 0
223 0 clueweb12-1106wb-13-11604 1
223 0 clueweb12-0402wb-82-31974 0
223 0 clueweb12-1601wb-96-07543 1
223 0 clueweb12-1803wb-69-18898 1
223 0 clueweb12-0209wb-85-01923 0
223 0 clueweb12-1412wb-53-05451 1
223 0 clueweb12-1001wb-44-11123 0
223 0 clueweb12-0005wb-21-07464 0
223 0 clueweb12-0203wb-75-17619 0
223 0 clueweb12-0002wb-19-07768 1
223 0 clueweb12-0806wb-82-23618 0
223 0 clueweb12-0303wb-55-27966 1
223 0 clueweb12-0705wb-72-02343 1
223 0 clueweb12-0007wb-73-23379 0
223 0 clueweb12-0918wb-50-10692 0
223 0 clueweb12-0601wb-77-35081 1
223 0 clueweb12-0204wb-53-33033 1
223 0 clueweb12-0502wb-61-17291 1
223 0 clueweb12-0806wb-39-09266 0
223 0 clueweb12-0603wb-64-22741 1
223 0 clueweb12-0809wb-06-23752 1
223 0 clueweb12-0811wb-43-07149 1
223 0 clueweb12-0207wb-69-21826 0
223 0 clueweb12-0008wb-76-24974 1
223 0 clueweb12-0004wb-91-21580 1
223 0 clueweb12-0004wb-65-13594 1
223 0 clueweb12-0005wb-51-32229 1
223 0 clueweb12-0006wb-46-09724 1
223 0 clueweb12-0008wb-76-24972 1
224 0 clueweb12-0207wb-39-23141 0
224 0 clueweb12-0300wb-11-17868 0
224 0 clueweb12-1508wb-14-26698 0
224 0 clueweb12-0013wb-12-11992 1
224 0 clueweb12-1612wb-01-23882 0
224 0 clueweb12-0906wb-25-13173 1
224 0 clueweb12-0205wb-23-30937 0
224 0 clueweb12-0907wb-41-24487 1
224 0 clueweb12-1913wb-33-10036 0
224 0 clueweb12-1504wb-87-23052 1
224 0 clueweb12-1603wb-90-08469 0
224 0 clueweb12-0916wb-12-00556 0
224 0 clueweb12-1516wb-54-03521 0
224 0 clueweb12-0206wb-86-16658 0
224 0 clueweb12-1019wb-62-02280 1
224 0 clueweb12-1800tw-01-17700 0
224 0 clueweb12-0200tw-26-05532 1
224 0 clueweb12-0001wb-07-05710 0
224 0 clueweb12-0002wb-26-12994 0
224 0 clueweb12-1503wb-82-15030 0
224 0 clueweb12-0800tw-43-07410 0
224 0 clueweb12-1216wb-76-19957 1
224 0 clueweb12-0800tw-47-10441 0
224 0 clueweb12-1401wb-06-15735 1
224 0 clueweb12-0003wb-37-01652 0
224 0 clueweb12-0301tw-22-13012 1
224 0 clueweb12-0612wb-82-15790 0
224 0 clueweb12-0010wb-17-02773 0
224 0 clueweb12-0105wb-96-15569 1
224 0 clueweb12-1212wb-19-06736 0
224 0 clueweb12-0008wb-54-21491 0
224 0 clueweb12-1101wb-74-23050 1
224 0 clueweb12-0009wb-90-02579 0
224 0 clueweb12-0403wb-23-25488 0
224 0 clueweb12-0914wb-17-16719 1
224 0 clueweb12-1714wb-83-10729 0
224 0 clueweb12-0310wb-67-10754 0
224 0 clueweb12-0204wb-39-17120 0
224 0 clueweb12-0202wb-06-30534 0
224 0 clueweb12-0207wb-72-04431 0
224 0 clueweb12-0909wb-22-10051 0
224 0 clueweb12-1503wb-82-00383 0
224 0 clueweb12-0300wb-11-17867 0
224 0 clueweb12-0900wb-34-26587 0
224 0 clueweb12-1806wb-41-08679 0
224 0 clueweb12-0300wb-04-25495 0
224 0 clueweb12-1211wb-51-05250 0
224 0 clueweb12-1612wb-73-05777 1
224 0 clueweb12-1700wb-53-00026 0
224 0 clueweb12-0204wb-05-05413 0
225 0 clueweb12-0300wb-69-15658 0
225 0 clueweb12-0108wb-12-21295 0
225 0 clueweb12-0801wb-97-02139 0
225 0 clueweb12-0509wb-50-09085 0
225 0 clueweb12-0112wb-00-30948 0
225 0 clueweb12-1300wb-02-24995 0
225 0 clueweb12-0713wb-68-05233 0
225 0 clueweb12-1512wb-62-09814 0
225 0 clueweb12-0205wb-75-05851 0
225 0 clueweb12-1907wb-63-15486 0
225 0 clueweb12-0004wb-52-28276 0
225 0 clueweb12-0500wb-98-05742 0
225 0 clueweb12-1808wb-80-09948 0
225 0 clueweb12-1313wb-08-04192 0
225 0 clueweb12-0800wb-23-20787 0
225 0 clueweb12-0207wb-46-26021 0
225 0 clueweb12-0110wb-79-23901 0
225 0 clueweb12-1102wb-48-20118 0
225 0 clueweb12-1216wb-23-22321 0
225 0 clueweb12-0205wb-75-05854 0
225 0 clueweb12-0209wb-46-03275 0
225 0 clueweb12-0210wb-36-22588 0
225 0 clueweb12-0200wb-79-23969 0
225 0 clueweb12-1908wb-36-16559 0
225 0 clueweb12-1811wb-51-21288 0
225 0 clueweb12-1010wb-88-26642 0
225 0 clueweb12-1410wb-19-19919 0
225 0 clueweb12-0200wb-33-10594 0
225 0 clueweb12-0112wb-13-28478 0
225 0 clueweb12-0103wb-10-02446 0
225 0 clueweb12-1906wb-85-04817 0
225 0 clueweb12-0207wb-28-01148 0
225 0 clueweb12-0105wb-82-13341 0
225 0 clueweb12-0300wb-99-17122 0
225 0 clueweb12-0505wb-31-29789 0
225 0 clueweb12-1111wb-61-27604 0
225 0 clueweb12-1600tw-09-11577 0
225 0 clueweb12-1908wb-44-27746 0
225 0 clueweb12-1209wb-90-05353 0
225 0 clueweb12-0101wb-44-21854 0
225 0 clueweb12-0501wb-59-11023 0
225 0 clueweb12-0905wb-17-16957 0
225 0 clueweb12-0510wb-26-16640 0
225 0 clueweb12-0005wb-45-03220 0
225 0 clueweb12-0103wb-20-11418 0
225 0 clueweb12-1908wb-71-06024 0
225 0 clueweb12-1802wb-11-06558 0
225 0 clueweb12-1702wb-71-06586 0
225 0 clueweb12-0206wb-94-07748 0
225 0 clueweb12-0708wb-75-05243 0
226 0 clueweb12-1308wb-38-21136 0
226 0 clueweb12-0204wb-78-18537 0
226 0 clueweb12-1411wb-48-07109 0
226 0 clueweb12-0306wb-66-13565 0
226 0 clueweb12-0207wb-62-04849 0
226 0 clueweb12-0303wb-90-05764 0
226 0 clueweb12-0804wb-50-12262 0
226 0 clueweb12-0609wb-88-22147 0
226 0 clueweb12-1408wb-47-10066 0
226 0 clueweb12-0106wb-18-32227 0
226 0 clueweb12-1300tw-70-03387 0
226 0 clueweb12-0401wb-80-28117 0
226 0 clueweb12-1312wb-03-02570 0
226 0 clueweb12-0110wb-88-12072 0
226 0 clueweb12-0003wb-91-27566 0
226 0 clueweb12-0200wb-64-04867 0
226 0 clueweb12-0000wb-36-06871 0
226 0 clueweb12-0800wb-11-19838 0
226 0 clueweb12-0311wb-80-33210 0
226 0 clueweb12-1802wb-14-00847 0
226 0 clueweb12-0003wb-50-10436 0
226 0 clueweb12-1102wb-44-00087 0
226 0 clueweb12-0300wb-18-14548 1
226 0 clueweb12-0103wb-66-18459 1
226 0 clueweb12-0904wb-37-00581 0
226 0 clueweb12-0210wb-90-06362 1
226 0 clueweb12-1316wb-35-24022 0
226 0 clueweb12-0109wb-09-13420 1
226 0 clueweb12-1708wb-50-15739 1
226 0 clueweb12-1911wb-49-09819 0
226 0 clueweb12-1414wb-01-12602 0
226 0 clueweb12-0512wb-03-01809 0
226 0 clueweb12-1401wb-56-02191 1
226 0 clueweb12-0800wb-31-12885 0
226 0 clueweb12-0305wb-22-04975 1
226 0 clueweb12-0602wb-69-24271 0
226 0 clueweb12-0302wb-59-29466 1
226 0 clueweb12-0604wb-17-12639 0
226 0 clueweb12-1409wb-88-11035 1
226 0 clueweb12-1211wb-39-29454 0
226 0 clueweb12-0211wb-95-22061 1
226 0 clueweb12-1402wb-27-19992 0
226 0 clueweb12-0305wb-54-01988 0
226 0 clueweb12-0209wb-52-33445 1
226 0 clueweb12-1013wb-19-09196 0
226 0 clueweb12-1212wb-49-24387 1
226 0 clueweb12-0402wb-29-25823 0
226 0 clueweb12-1409wb-79-04993 1
226 0 clueweb12-0301wb-78-14137 0
226 0 clueweb12-0302wb-11-06320 1
227 0 clueweb12-0604wb-06-29881 0
227 0 clueweb12-1017wb-85-16663 0
227 0 clueweb12-1904wb-83-19328 0
227 0 clueweb12-1000wb-32-10500 0
227 0 clueweb12-1314wb-04-32538 0
227 0 clueweb12-1910wb-69-25447 1
227 0 clueweb12-1616wb-31-05235 0
227 0 clueweb12-0007wb-66-00073 0
227 0 clueweb12-0011wb-37-19347 1
227 0 clueweb12-0400wb-45-19923 1
227 0 clueweb12-0506wb-77-11987 0
227 0 clueweb12-0914wb-14-13746 1
227 0 clueweb12-0610wb-74-19886 1
227 0 clueweb12-0601wb-40-07774 1
227 0 clueweb12-0205wb-37-30325 0
227 0 clueweb12-0700tw-48-15808 1
227 0 clueweb12-0106wb-94-12162 1
227 0 clueweb12-1702wb-64-13256 0
227 0 clueweb12-0503wb-78-10706 0
227 0 clueweb12-0716wb-90-17770 1
227 0 clueweb12-1414wb-30-19307 0
227 0 clueweb12-0409wb-70-14679 0
227 0 clueweb12-0410wb-08-25519 0
227 0 clueweb12-0004wb-70-22994 0
227 0 clueweb12-0407wb-03-05726 1
227 0 clueweb12-0507wb-32-02937 1
227 0 clueweb12-0503wb-26-03483 1
227 0 clueweb12-0506wb-58-05042 1
227 0 clueweb12-0010wb-78-08785 1
227 0 clueweb12-0612wb-66-17397 1
227 0 clueweb12-1205wb-61-29293 0
227 0 clueweb12-0500wb-82-26713 1
227 0 clueweb12-0705wb-49-22528 1
227 0 clueweb12-0005wb-02-15776 1
227 0 clueweb12-1705wb-38-15996 0
227 0 clueweb12-0004wb-66-11290 0
227 0 clueweb12-0300wb-87-03840 0
227 0 clueweb12-0400wb-45-19916 1
227 0 clueweb12-0208wb-67-25391 0
227 0 clueweb12-1802wb-90-16815 1
227 0 clueweb12-0700tw-49-14191 1
227 0 clueweb12-0700tw-49-14192 0
227 0 clueweb12-0706wb-05-00394 1
227 0 clueweb12-1405wb-45-06794 1
227 0 clueweb12-0103wb-10-24892 0
227 0 clueweb12-0400wb-61-15218 1
227 0 clueweb12-0304wb-90-24747 1
227 0 clueweb12-0100tw-22-04286 1
227 0 clueweb12-0508wb-52-15052 1
227 0 clueweb12-1404wb-11-30850 0
228 0 clueweb12-0811wb-49-03047 1
228 0 clueweb12-0004wb-00-05370 1
228 0 clueweb12-0311wb-35-21643 1
228 0 clueweb12-0004wb-13-01710 1
228 0 clueweb12-0502wb-91-17660 1
228 0 clueweb12-0308wb-36-30420 1
228 0 clueweb12-0001wb-36-24973 0
228 0 clueweb12-0601wb-96-04013 0
228 0 clueweb12-1716wb-60-23030 0
228 0 clueweb12-0000wb-19-33573 0
228 0 clueweb12-0001wb-36-24975 1
228 0 clueweb12-1412wb-82-15413 1
228 0 clueweb12-0401wb-12-00278 1
228 0 clueweb12-0309wb-38-30458 0
228 0 clueweb12-0408wb-58-29222 0
228 0 clueweb12-0004wb-00-05366 0
228 0 clueweb12-0010wb-02-02542 1
228 0 clueweb12-0002wb-08-31066 1
228 0 clueweb12-0011wb-43-27009 1
228 0 clueweb12-0401wb-70-27800 1
228 0 clueweb12-0411wb-33-32872 1
228 0 clueweb12-1412wb-82-15414 1
228 0 clueweb12-0011wb-03-24728 1
228 0 clueweb12-1716wb-17-17352 1
228 0 clueweb12-0305wb-19-13103 0
228 0 clueweb12-0406wb-75-00326 1
228 0 clueweb12-1400tw-28-07363 0
228 0 clueweb12-1716wb-13-29033 1
228 0 clueweb12-0400wb-49-24877 1
228 0 clueweb12-0808wb-66-06938 0
228 0 clueweb12-0109wb-39-22383 0
228 0 clueweb12-1400tw-28-07364 1
228 0 clueweb12-0404wb-73-09823 1
228 0 clueweb12-0400wb-49-24894 0
228 0 clueweb12-0001wb-84-06375 1
228 0 clueweb12-0312wb-01-13325 1
228 0 clueweb12-0707wb-40-26707 0
228 0 clueweb12-0800tw-47-16467 0
228 0 clueweb12-0401wb-70-27831 0
228 0 clueweb12-1410wb-17-13564 1
228 0 clueweb12-0400wb-20-03380 0
228 0 clueweb12-0312wb-01-13322 0
228 0 clueweb12-0912wb-08-17473 0
228 0 clueweb12-1410wb-17-13565 1
228 0 clueweb12-0400wb-33-08894 1
228 0 clueweb12-0400wb-95-31883 0
228 0 clueweb12-0101wb-21-07873 0
228 0 clueweb12-0001wb-72-13120 0
228 0 clueweb12-0405wb-88-23313 0
228 0 clueweb12-0401wb-70-27818 1
229 0 clueweb12-0406wb-22-14491 1
229 0 clueweb12-0609wb-94-15043 1
229 0 clueweb12-0405wb-36-10191 1
229 0 clueweb12-0005wb-19-26046 1
229 0 clueweb12-0407wb-41-18619 0
229 0 clueweb12-0402wb-82-29973 1
229 0 clueweb12-1706wb-83-06642 1
229 0 clueweb12-0308wb-84-04362 1
229 0 clueweb12-0309wb-12-14202 0
229 0 clueweb12-0004wb-65-08665 1
229 0 clueweb12-0009wb-21-21382 1
229 0 clueweb12-0311wb-35-26203 0
229 0 clueweb12-0817wb-73-10853 0
229 0 clueweb12-0101wb-13-16435 1
229 0 clueweb12-1012wb-59-11173 0
229 0 clueweb12-1206wb-47-24088 0
229 0 clueweb12-0309wb-23-28527 0
229 0 clueweb12-0403wb-26-29765 1
229 0 clueweb12-0003wb-49-13928 1
229 0 clueweb12-1806wb-73-13059 0
229 0 clueweb12-0006wb-01-05158 1
229 0 clueweb12-0106wb-44-10167 1
229 0 clueweb12-1809wb-54-26305 1
229 0 clueweb12-1500tw-13-09202 1
229 0 clueweb12-1705wb-45-23371 1
229 0 clueweb12-1501wb-97-22314 1
229 0 clueweb12-1408wb-44-14692 0
229 0 clueweb12-0812wb-93-22293 0
229 0 clueweb12-1117wb-12-01594 0
229 0 clueweb12-1912wb-85-07071 1
229 0 clueweb12-0907wb-96-00529 0
229 0 clueweb12-0005wb-14-17951 0
229 0 clueweb12-0004wb-26-01495 0
229 0 clueweb12-0012wb-13-05348 0
229 0 clueweb12-0008wb-97-03336 0
229 0 clueweb12-1012wb-47-17508 0
229 0 clueweb12-0002wb-19-03605 0
229 0 clueweb12-1902wb-86-26882 0
229 0 clueweb12-1301wb-60-25250 1
229 0 clueweb12-0208wb-65-32818 1
229 0 clueweb12-0406wb-94-04640 1
229 0 clueweb12-0713wb-39-02620 1
229 0 clueweb12-0008wb-45-13077 1
229 0 clueweb12-1912wb-12-28078 1
229 0 clueweb12-0903wb-92-15210 0
229 0 clueweb12-0603wb-54-21860 0
229 0 clueweb12-0600tw-21-18549 0
229 0 clueweb12-0400tw-55-09331 0
229 0 clueweb12-1909wb-83-16544 0
229 0 clueweb12-0204wb-06-30058 0
230 0 clueweb12-0906wb-64-10582 0
230 0 clueweb12-1800tw-29-00173 1
230 0 clueweb12-1415wb-64-10843 1
230 0 clueweb12-1404wb-58-10064 1
230 0 clueweb12-1111wb-64-07274 0
230 0 clueweb12-1415wb-74-08061 1
230 0 clueweb12-1500tw-87-00084 0
230 0 clueweb12-0301tw-20-13994 1
230 0 clueweb12-1400tw-42-13889 0
230 0 clueweb12-1512wb-43-19047 0
230 0 clueweb12-1106wb-62-04647 0
230 0 clueweb12-1902wb-49-30749 0
230 0 clueweb12-0712wb-21-07595 1
230 0 clueweb12-0300tw-38-01117 0
230 0 clueweb12-1900tw-07-15075 0
230 0 clueweb12-1807wb-23-04610 1
230 0 clueweb12-1909wb-38-08255 0
230 0 clueweb12-0910wb-42-16381 1
230 0 clueweb12-0910wb-42-16372 1
230 0 clueweb12-0012wb-72-20261 1
230 0 clueweb12-1910wb-76-11971 0
230 0 clueweb12-0919wb-16-11694 1
230 0 clueweb12-0902wb-00-27039 0
230 0 clueweb12-0601wb-49-32059 0
230 0 clueweb12-1700tw-28-14211 1
230 0 clueweb12-0711wb-94-01978 1
230 0 clueweb12-1000tw-68-11998 1
230 0 clueweb12-1714wb-21-23241 0
230 0 clueweb12-0412wb-23-03565 0
230 0 clueweb12-1710wb-30-27630 0
230 0 clueweb12-1504wb-42-08892 1
230 0 clueweb12-0818wb-73-17457 0
230 0 clueweb12-0907wb-09-11694 0
230 0 clueweb12-0001wb-56-33209 1
230 0 clueweb12-0502wb-91-10583 1
230 0 clueweb12-0102wb-89-31678 1
230 0 clueweb12-1501tw-02-17021 0
230 0 clueweb12-0716wb-79-24154 1
230 0 clueweb12-1309wb-90-17617 0
230 0 clueweb12-1909wb-11-28203 1
230 0 clueweb12-0000wb-11-25079 1
230 0 clueweb12-1305wb-51-21851 0
230 0 clueweb12-0817wb-66-13064 0
230 0 clueweb12-1500tw-39-13753 1
230 0 clueweb12-0208wb-53-05628 1
230 0 clueweb12-0500wb-10-21810 1
230 0 clueweb12-1214wb-66-20566 1
230 0 clueweb12-1406wb-06-07821 0
230 0 clueweb12-0209wb-21-14900 0
230 0 clueweb12-1800tw-57-04398 0
231 0 clueweb12-1704wb-46-25975 1
231 0 clueweb12-0807wb-03-19968 1
231 0 clueweb12-1001wb-46-01865 1
231 0 clueweb12-0108wb-52-04663 1
231 0 clueweb12-1003wb-99-15753 1
231 0 clueweb12-0609wb-59-28037 1
231 0 clueweb12-0919wb-54-02240 1
231 0 clueweb12-0209wb-14-18721 1
231 0 clueweb12-0805wb-41-18211 1
231 0 clueweb12-1802wb-53-03570 1
231 0 clueweb12-1909wb-35-02928 1
231 0 clueweb12-1300tw-25-16656 1
231 0 clueweb12-1904wb-62-05093 0
231 0 clueweb12-1107wb-86-17014 0
231 0 clueweb12-0100wb-29-04022 0
231 0 clueweb12-1411wb-62-07409 0
231 0 clueweb12-1106wb-81-07789 0
231 0 clueweb12-0000wb-16-16017 0
231 0 clueweb12-0007wb-35-14716 0
231 0 clueweb12-0209wb-83-00013 0
231 0 clueweb12-1606wb-39-28858 0
231 0 clueweb12-1906wb-38-02728 0
231 0 clueweb12-1610wb-39-28688 0
231 0 clueweb12-0000wb-66-01364 1
231 0 clueweb12-1802wb-99-13952 1
231 0 clueweb12-1801wb-21-14851 0
231 0 clueweb12-0502wb-42-20107 1
231 0 clueweb12-1814wb-68-02987 0
231 0 clueweb12-0105wb-20-13261 0
231 0 clueweb12-0005wb-04-17026 1
231 0 clueweb12-0002wb-83-18014 1
231 0 clueweb12-0805wb-69-11539 1
231 0 clueweb12-0008wb-59-15189 1
231 0 clueweb12-0307wb-49-10722 1
231 0 clueweb12-0005wb-04-17023 1
231 0 clueweb12-0001wb-60-01032 0
231 0 clueweb12-0307wb-91-26456 0
231 0 clueweb12-1100wb-65-24676 0
231 0 clueweb12-0805wb-41-18217 1
231 0 clueweb12-0805wb-08-08119 1
231 0 clueweb12-0805wb-08-08122 1
231 0 clueweb12-0805wb-41-18204 1
231 0 clueweb12-0806wb-79-11440 1
231 0 clueweb12-1108wb-69-20290 1
231 0 clueweb12-1714wb-53-10573 1
231 0 clueweb12-1501wb-98-06614 1
231 0 clueweb12-1215wb-17-02974 0
231 0 clueweb12-0300tw-38-19819 0
231 0 clueweb12-1001wb-53-08450 1
231 0 clueweb12-0503wb-26-32202 0
232 0 clueweb12-0204wb-91-33259 1
232 0 clueweb12-0100tw-72-22639 1
232 0 clueweb12-0408wb-77-25677 0
232 0 clueweb12-0403wb-48-30267 1
232 0 clueweb12-0914wb-78-19389 1
232 0 clueweb12-0007wb-78-07594 0
232 0 clueweb12-0004wb-05-07127 0
232 0 clueweb12-1707wb-89-16968 0
232 0 clueweb12-1316wb-24-21091 0
232 0 clueweb12-0204wb-19-19669 0
232 0 clueweb12-1707wb-06-09827 0
232 0 clueweb12-0010wb-12-14815 0
232 0 clueweb12-0307wb-19-27562 0
232 0 clueweb12-0403wb-41-13323 1
232 0 clueweb12-0602wb-77-21897 1
232 0 clueweb12-0612wb-00-03906 0
232 0 clueweb12-1315wb-58-16651 0
232 0 clueweb12-0803wb-04-15432 1
232 0 clueweb12-0604wb-79-08925 1
232 0 clueweb12-0210wb-92-04940 0
232 0 clueweb12-0601wb-35-11678 0
232 0 clueweb12-0211wb-38-20529 0
232 0 clueweb12-1706wb-81-27871 0
232 0 clueweb12-0201wb-37-12714 0
232 0 clueweb12-1806wb-86-00079 1
232 0 clueweb12-1806wb-37-05722 1
232 0 clueweb12-1806wb-37-05721 1
232 0 clueweb12-0312wb-29-27377 0
232 0 clueweb12-0800wb-45-41384 1
232 0 clueweb12-1408wb-54-03151 1
232 0 clueweb12-0715wb-46-25593 1
232 0 clueweb12-1315wb-78-21780 1
232 0 clueweb12-0715wb-81-29281 1
232 0 clueweb12-1408wb-54-03150 0
232 0 clueweb12-0012wb-86-02723 1
232 0 clueweb12-0713wb-31-10811 1
232 0 clueweb12-1302wb-57-00081 1
232 0 clueweb12-0013wb-42-21819 1
232 0 clueweb12-1613wb-01-23795 0
232 0 clueweb12-0106wb-60-04760 0
232 0 clueweb12-1406wb-31-17871 0
232 0 clueweb12-1813wb-50-27261 0
232 0 clueweb12-0500tw-12-01206 1
232 0 clueweb12-0013wb-31-06113 1
232 0 clueweb12-0012wb-86-02733 1
232 0 clueweb12-0400tw-54-21005 0
232 0 clueweb12-0801wb-38-02587 0
232 0 clueweb12-1406wb-80-18663 0
232 0 clueweb12-0908wb-55-15713 0
232 0 clueweb12-0303wb-01-12353 1
233 0 clueweb12-0411wb-10-17769 1
233 0 clueweb12-0012wb-81-27886 0
233 0 clueweb12-0109wb-02-23477 0
233 0 clueweb12-0001wb-07-33462 0
233 0 clueweb12-0012wb-93-02071 0
233 0 clueweb12-0200wb-78-22756 0
233 0 clueweb12-0410wb-66-08988 0
233 0 clueweb12-0913wb-77-12260 0
233 0 clueweb12-0310wb-63-16504 0
233 0 clueweb12-0209wb-65-21642 0
233 0 clueweb12-0112wb-07-14726 0
233 0 clueweb12-0913wb-08-17906 0
233 0 clueweb12-0905wb-99-00219 0
233 0 clueweb12-0410wb-95-07976 0
233 0 clueweb12-0111wb-42-25075 0
233 0 clueweb12-0109wb-37-03390 0
233 0 clueweb12-0211wb-98-24603 0
233 0 clueweb12-1900tw-42-02972 0
233 0 clueweb12-0813wb-86-01044 1
233 0 clueweb12-0203wb-71-26434 0
233 0 clueweb12-0111wb-51-09886 0
233 0 clueweb12-1400tw-69-01007 0
233 0 clueweb12-0112wb-50-01793 0
233 0 clueweb12-0101wb-40-28502 1
233 0 clueweb12-0112wb-46-15257 0
233 0 clueweb12-0111wb-51-09883 0
233 0 clueweb12-0211wb-22-13456 0
233 0 clueweb12-0013wb-38-22088 0
233 0 clueweb12-0304wb-83-21054 0
233 0 clueweb12-0410wb-84-28604 0
233 0 clueweb12-0210wb-30-02762 0
233 0 clueweb12-0200wb-41-12078 0
233 0 clueweb12-0111wb-07-31561 0
233 0 clueweb12-1900tw-52-02343 0
233 0 clueweb12-0603wb-05-24869 1
233 0 clueweb12-0107wb-76-28729 0
233 0 clueweb12-1009wb-63-12740 0
233 0 clueweb12-0816wb-22-26746 0
233 0 clueweb12-0410wb-95-07975 0
233 0 clueweb12-0211wb-66-11248 0
233 0 clueweb12-1812wb-51-20577 0
233 0 clueweb12-0813wb-27-01970 0
233 0 clueweb12-1000wb-32-09847 0
233 0 clueweb12-0013wb-27-14601 0
233 0 clueweb12-0200tw-51-17175 0
233 0 clueweb12-0211wb-27-05532 0
233 0 clueweb12-0304wb-59-11542 0
233 0 clueweb12-1300tw-48-07169 0
233 0 clueweb12-1506wb-53-22599 0
233 0 clueweb12-0000tw-27-23312 1
234 0 clueweb12-1303wb-95-23915 1
234 0 clueweb12-0900tw-66-08791 0
234 0 clueweb12-0200tw-20-20283 1
234 0 clueweb12-0209wb-24-16209 1
234 0 clueweb12-0002wb-09-15008 1
234 0 clueweb12-0715wb-83-27742 1
234 0 clueweb12-0409wb-36-10625 1
234 0 clueweb12-0100tw-51-14551 0
234 0 clueweb12-0700tw-32-19474 1
234 0 clueweb12-0002wb-09-14892 1
234 0 clueweb12-0913wb-13-02202 1
234 0 clueweb12-0108wb-12-13901 1
234 0 clueweb12-0111wb-90-25331 1
234 0 clueweb12-1018wb-64-13216 1
234 0 clueweb12-1909wb-67-01177 1
234 0 clueweb12-0011wb-99-04862 1
234 0 clueweb12-0009wb-20-04575 1
234 0 clueweb12-0112wb-06-18252 1
234 0 clueweb12-1807wb-48-25279 1
234 0 clueweb12-1913wb-05-07849 0
234 0 clueweb12-1908wb-15-03967 0
234 0 clueweb12-1809wb-57-05633 1
234 0 clueweb12-1902wb-39-28719 1
234 0 clueweb12-0500wb-85-22048 0
234 0 clueweb12-1000tw-62-04163 1
234 0 clueweb12-1108wb-51-10112 0
234 0 clueweb12-0209wb-25-05537 0
234 0 clueweb12-1200tw-58-16162 1
234 0 clueweb12-0300tw-65-22032 0
234 0 clueweb12-1704wb-57-25055 0
234 0 clueweb12-1200tw-76-18366 0
234 0 clueweb12-1100tw-73-07884 0
234 0 clueweb12-0000wb-20-16001 0
234 0 clueweb12-0311wb-60-24980 0
234 0 clueweb12-0203wb-97-28037 1
234 0 clueweb12-1213wb-67-18898 0
234 0 clueweb12-0000tw-40-10838 1
234 0 clueweb12-1302wb-09-20010 1
234 0 clueweb12-0209wb-72-01409 1
234 0 clueweb12-1806wb-30-25197 1
234 0 clueweb12-0201wb-95-02110 0
234 0 clueweb12-0700tw-08-00812 0
234 0 clueweb12-1900wb-90-00090 1
234 0 clueweb12-1815wb-19-20606 1
234 0 clueweb12-0112wb-65-34543 1
234 0 clueweb12-0100tw-32-17086 1
234 0 clueweb12-1011wb-07-12110 1
234 0 clueweb12-0400wb-60-04881 0
234 0 clueweb12-1515wb-15-15042 1
234 0 clueweb12-1216wb-75-22869 1
235 0 clueweb12-0109wb-03-32287 1
235 0 clueweb12-0815wb-03-10065 0
235 0 clueweb12-0107wb-50-07701 0
235 0 clueweb12-1405wb-12-26074 0
235 0 clueweb12-1416wb-51-29013 0
235 0 clueweb12-1815wb-37-30413 0
235 0 clueweb12-1506wb-79-00761 0
235 0 clueweb12-0008wb-93-30867 0
235 0 clueweb12-1012wb-62-10814 0
235 0 clueweb12-0500tw-31-21398 0
235 0 clueweb12-0813wb-57-28998 1
235 0 clueweb12-1000wb-29-03201 1
235 0 clueweb12-1204wb-05-13510 0
235 0 clueweb12-0301wb-83-16640 0
235 0 clueweb12-0410wb-41-21158 0
235 0 clueweb12-0900tw-85-07032 0
235 0 clueweb12-0406wb-06-18854 0
235 0 clueweb12-0006wb-22-20884 0
235 0 clueweb12-1401wb-37-21043 0
235 0 clueweb12-0206wb-99-34223 0
235 0 clueweb12-0207wb-56-24008 0
235 0 clueweb12-1515wb-16-23110 0
235 0 clueweb12-0300wb-95-03083 0
235 0 clueweb12-1312wb-68-05711 0
235 0 clueweb12-0108wb-21-28440 0
235 0 clueweb12-0306wb-87-15882 0
235 0 clueweb12-1413wb-92-16969 0
235 0 clueweb12-1600wb-00-09562 0
235 0 clueweb12-1412wb-35-17387 0
235 0 clueweb12-1116wb-64-09354 0
235 0 clueweb12-0100wb-54-30726 0
235 0 clueweb12-0307wb-10-02008 0
235 0 clueweb12-0109wb-39-30425 0
235 0 clueweb12-0202wb-91-26270 0
235 0 clueweb12-0308wb-88-05407 0
235 0 clueweb12-1314wb-06-02421 0
235 0 clueweb12-1703wb-88-12122 0
235 0 clueweb12-0716wb-81-16039 0
235 0 clueweb12-1703wb-85-11175 0
235 0 clueweb12-1012wb-52-21514 0
235 0 clueweb12-0011wb-40-29303 0
235 0 clueweb12-0004wb-81-05152 0
235 0 clueweb12-1200tw-43-06583 0
235 0 clueweb12-0300wb-04-10213 0
235 0 clueweb12-0716wb-91-07852 0
235 0 clueweb12-1204wb-74-11105 0
235 0 clueweb12-0301wb-91-22791 0
235 0 clueweb12-1803wb-84-22157 0
235 0 clueweb12-0306wb-87-15869 0
235 0 clueweb12-1003wb-70-07045 0
236 0 clueweb12-1900tw-58-09883 0
236 0 clueweb12-1409wb-00-13961 1
236 0 clueweb12-0300wb-25-17403 1
236 0 clueweb12-0403wb-58-12394 1
236 0 clueweb12-0205wb-85-21521 1
236 0 clueweb12-1206wb-38-15295 1
236 0 clueweb12-1900tw-59-21888 0
236 0 clueweb12-0202wb-83-22254 1
236 0 clueweb12-1610wb-78-23597 1
236 0 clueweb12-1416wb-31-00252 1
236 0 clueweb12-1900tw-55-03345 0
236 0 clueweb12-1012wb-00-20683 1
236 0 clueweb12-0105wb-26-19685 0
236 0 clueweb12-1612wb-90-29193 1
236 0 clueweb12-0008wb-27-14903 1
236 0 clueweb12-0914wb-68-01319 1
236 0 clueweb12-1900tw-64-04656 0
236 0 clueweb12-1314wb-10-22607 1
236 0 clueweb12-1900tw-54-11019 0
236 0 clueweb12-0708wb-45-13112 0
236 0 clueweb12-0208wb-74-15012 0
236 0 clueweb12-0502wb-04-33643 1
236 0 clueweb12-1010wb-78-22141 0
236 0 clueweb12-1011wb-88-23400 1
236 0 clueweb12-1012wb-15-10757 1
236 0 clueweb12-1610wb-26-25107 0
236 0 clueweb12-0713wb-31-02176 0
236 0 clueweb12-0403wb-85-15564 0
236 0 clueweb12-1002wb-65-12665 1
236 0 clueweb12-0901wb-18-20328 0
236 0 clueweb12-1612wb-99-16056 0
236 0 clueweb12-0913wb-18-20630 0
236 0 clueweb12-1412wb-22-13616 0
236 0 clueweb12-0901wb-72-22774 1
236 0 clueweb12-1900tw-47-14706 1
236 0 clueweb12-1900tw-49-07145 1
236 0 clueweb12-1900tw-50-21154 1
236 0 clueweb12-1900tw-50-21155 1
236 0 clueweb12-1012wb-72-11187 1
236 0 clueweb12-0914wb-69-26405 1
236 0 clueweb12-0903wb-08-26716 1
236 0 clueweb12-0301wb-20-31595 1
236 0 clueweb12-1012wb-09-23079 1
236 0 clueweb12-0300wb-07-04407 0
236 0 clueweb12-0203wb-91-15088 0
236 0 clueweb12-0601wb-85-21828 0
236 0 clueweb12-0200wb-22-00403 0
236 0 clueweb12-1900tw-58-01658 0
236 0 clueweb12-1613wb-61-02563 1
236 0 clueweb12-0103wb-98-09363 0
237 0 clueweb12-0607wb-61-18548 0
237 0 clueweb12-0012wb-45-00461 0
237 0 clueweb12-0300wb-88-04502 0
237 0 clueweb12-0005wb-23-05785 0
237 0 clueweb12-0601wb-77-35159 0
237 0 clueweb12-0102wb-47-09248 0
237 0 clueweb12-1611wb-87-03077 0
237 0 clueweb12-1100wb-41-18849 1
237 0 clueweb12-1800tw-02-18214 0
237 0 clueweb12-0207wb-47-18757 0
237 0 clueweb12-0210wb-74-19625 0
237 0 clueweb12-0307wb-58-29891 0
237 0 clueweb12-1903wb-21-06988 0
237 0 clueweb12-0800wb-08-14863 0
237 0 clueweb12-0408wb-39-34115 0
237 0 clueweb12-0210wb-74-19621 0
237 0 clueweb12-1602wb-83-22770 0
237 0 clueweb12-0600wb-60-28282 0
237 0 clueweb12-0005wb-34-01777 0
237 0 clueweb12-1616wb-26-20839 0
237 0 clueweb12-0011wb-38-30576 0
237 0 clueweb12-0001wb-70-16297 0
237 0 clueweb12-0107wb-06-19531 0
237 0 clueweb12-1910wb-81-01091 0
237 0 clueweb12-1400wb-47-05273 0
237 0 clueweb12-0511wb-31-25761 0
237 0 clueweb12-0209wb-01-31301 0
237 0 clueweb12-0104wb-23-14591 0
237 0 clueweb12-0101wb-65-00036 0
237 0 clueweb12-0005wb-49-11360 0
237 0 clueweb12-0307wb-33-24328 0
237 0 clueweb12-1703wb-92-06085 0
237 0 clueweb12-0304wb-47-31378 0
237 0 clueweb12-0006wb-03-01313 0
237 0 clueweb12-1304wb-60-21875 0
237 0 clueweb12-1603wb-92-15359 0
237 0 clueweb12-0601wb-85-30511 0
237 0 clueweb12-0408wb-23-20939 0
237 0 clueweb12-0109wb-44-06093 0
237 0 clueweb12-0801wb-72-07235 0
237 0 clueweb12-0702wb-41-18298 0
237 0 clueweb12-0208wb-16-01705 0
237 0 clueweb12-0604wb-65-15118 0
237 0 clueweb12-0106wb-91-21076 0
237 0 clueweb12-1911wb-44-06474 0
237 0 clueweb12-1502wb-68-09439 0
237 0 clueweb12-0601wb-50-26715 0
237 0 clueweb12-1708wb-20-13409 0
237 0 clueweb12-0512wb-47-03372 0
237 0 clueweb12-0200wb-24-27468 0
238 0 clueweb12-0508wb-18-01502 1
238 0 clueweb12-1701wb-91-14933 0
238 0 clueweb12-1800tw-34-09883 1
238 0 clueweb12-0707wb-19-05978 1
238 0 clueweb12-1200tw-64-12440 0
238 0 clueweb12-0901wb-01-03613 1
238 0 clueweb12-0612wb-35-13432 1
238 0 clueweb12-0716wb-05-06544 1
238 0 clueweb12-1000tw-60-18747 0
238 0 clueweb12-1416wb-07-07314 1
238 0 clueweb12-0309wb-46-06670 0
238 0 clueweb12-0900tw-11-17279 1
238 0 clueweb12-0000wb-48-05718 0
238 0 clueweb12-1106wb-34-25071 0
238 0 clueweb12-0000wb-73-22840 0
238 0 clueweb12-0006wb-03-02710 0
238 0 clueweb12-0403wb-35-10672 0
238 0 clueweb12-0103wb-32-04089 0
238 0 clueweb12-1807wb-51-10423 1
238 0 clueweb12-1807wb-65-08631 1
238 0 clueweb12-1012wb-03-08228 0
238 0 clueweb12-1315wb-47-19544 0
238 0 clueweb12-1001wb-03-25909 0
238 0 clueweb12-1807wb-00-10937 0
238 0 clueweb12-0301wb-94-30160 0
238 0 clueweb12-0011wb-55-05086 0
238 0 clueweb12-0207wb-45-31222 0
238 0 clueweb12-1010wb-87-07903 0
238 0 clueweb12-0306wb-98-00412 1
238 0 clueweb12-0716wb-19-30868 0
238 0 clueweb12-0007wb-64-07914 1
238 0 clueweb12-0010wb-82-05877 0
238 0 clueweb12-1411wb-81-26936 0
238 0 clueweb12-0005wb-61-11386 1
238 0 clueweb12-0008wb-87-14176 1
238 0 clueweb12-0715wb-89-17307 1
238 0 clueweb12-0006wb-32-07821 1
238 0 clueweb12-0401wb-33-19077 1
238 0 clueweb12-1011wb-58-24240 1
238 0 clueweb12-1101tw-13-05186 0
238 0 clueweb12-1218wb-47-28236 0
238 0 clueweb12-0011wb-14-12540 0
238 0 clueweb12-1203wb-43-18877 0
238 0 clueweb12-0304wb-17-04304 0
238 0 clueweb12-0702wb-96-20345 0
238 0 clueweb12-0807wb-86-11034 0
238 0 clueweb12-1502wb-20-04748 0
238 0 clueweb12-0008wb-26-31156 0
238 0 clueweb12-1700wb-11-32395 1
238 0 clueweb12-1201wb-90-03164 0
239 0 clueweb12-0104wb-32-23220 0
239 0 clueweb12-0606wb-28-03236 1
239 0 clueweb12-0401wb-63-18647 1
239 0 clueweb12-0903wb-22-05022 0
239 0 clueweb12-0305wb-88-27379 0
239 0 clueweb12-1006wb-80-16687 1
239 0 clueweb12-1805wb-01-17520 0
239 0 clueweb12-0402wb-93-26668 0
239 0 clueweb12-1602wb-61-25574 1
239 0 clueweb12-0606wb-46-12388 1
239 0 clueweb12-0006wb-43-15453 1
239 0 clueweb12-0201wb-13-30583 1
239 0 clueweb12-0311wb-22-00239 0
239 0 clueweb12-0307wb-91-26191 0
239 0 clueweb12-0807wb-96-22074 0
239 0 clueweb12-1005wb-51-20589 0
239 0 clueweb12-0106wb-40-19524 0
239 0 clueweb12-0606wb-70-01406 0
239 0 clueweb12-1400tw-37-22357 1
239 0 clueweb12-0700tw-35-10167 1
239 0 clueweb12-0806wb-28-12320 1
239 0 clueweb12-0002wb-97-13622 0
239 0 clueweb12-0111wb-13-21955 1
239 0 clueweb12-1000wb-26-11844 1
239 0 clueweb12-0104wb-76-05930 1
239 0 clueweb12-1007wb-49-24112 1
239 0 clueweb12-0200wb-61-08659 0
239 0 clueweb12-0303wb-41-23869 0
239 0 clueweb12-0804wb-04-11531 1
239 0 clueweb12-0101wb-59-23069 0
239 0 clueweb12-0206wb-31-26292 0
239 0 clueweb12-0008wb-17-07361 0
239 0 clueweb12-0101wb-84-21151 1
239 0 clueweb12-1504wb-68-33233 1
239 0 clueweb12-1504wb-88-20515 0
239 0 clueweb12-0811wb-58-00484 1
239 0 clueweb12-0013wb-45-05577 1
239 0 clueweb12-0101wb-39-18613 1
239 0 clueweb12-1607wb-97-30361 0
239 0 clueweb12-0010wb-01-02828 0
239 0 clueweb12-0504wb-23-23807 0
239 0 clueweb12-1506wb-15-09046 1
239 0 clueweb12-0512wb-02-01874 1
239 0 clueweb12-0107wb-44-16680 0
239 0 clueweb12-0608wb-09-04444 1
239 0 clueweb12-1210wb-36-07054 1
239 0 clueweb12-0204wb-52-25441 1
239 0 clueweb12-0606wb-92-21044 1
239 0 clueweb12-0202wb-63-31104 0
239 0 clueweb12-0919wb-83-12440 1
240 0 clueweb12-0611wb-03-27200 1
240 0 clueweb12-1913wb-82-13881 0
240 0 clueweb12-1016wb-91-19825 1
240 0 clueweb12-1018wb-84-23729 1
240 0 clueweb12-1018wb-84-23727 1
240 0 clueweb12-1018wb-84-23726 1
240 0 clueweb12-1018wb-84-23728 1
240 0 clueweb12-1018wb-84-23738 1
240 0 clueweb12-0300tw-38-12553 1
240 0 clueweb12-1314wb-30-04213 1
240 0 clueweb12-0306wb-73-02475 1
240 0 clueweb12-0005wb-84-24435 1
240 0 clueweb12-1400wb-63-06354 1
240 0 clueweb12-0607wb-10-26311 1
240 0 clueweb12-0717wb-32-06735 1
240 0 clueweb12-1211wb-26-06952 1
240 0 clueweb12-1018wb-84-23731 1
240 0 clueweb12-0204wb-18-27341 1
240 0 clueweb12-1714wb-56-24957 0
240 0 clueweb12-1413wb-64-12749 0
240 0 clueweb12-0205wb-32-02981 1
240 0 clueweb12-1414wb-05-05324 0
240 0 clueweb12-1809wb-59-10850 1
240 0 clueweb12-0800wb-26-14565 0
240 0 clueweb12-0105wb-30-11905 0
240 0 clueweb12-1806wb-93-17501 0
240 0 clueweb12-1805wb-52-17510 0
240 0 clueweb12-0909wb-42-13543 1
240 0 clueweb12-0211wb-84-07459 1
240 0 clueweb12-0800wb-07-00809 0
240 0 clueweb12-0006wb-77-09077 1
240 0 clueweb12-1715wb-05-18788 0
240 0 clueweb12-1009wb-75-24457 1
240 0 clueweb12-1501wb-94-19831 1
240 0 clueweb12-1311wb-03-06439 0
240 0 clueweb12-1900tw-30-07130 1
240 0 clueweb12-0013wb-51-23642 1
240 0 clueweb12-1017wb-00-20944 1
240 0 clueweb12-1806wb-56-23267 0
240 0 clueweb12-0006wb-08-01080 0
240 0 clueweb12-1311wb-49-14905 1
240 0 clueweb12-0004wb-81-17455 0
240 0 clueweb12-0800tw-30-15062 1
240 0 clueweb12-1900wb-09-22000 0
240 0 clueweb12-1506wb-51-07148 1
240 0 clueweb12-1413wb-68-03459 0
240 0 clueweb12-1807wb-17-08624 0
240 0 clueweb12-1714wb-62-05205 0
240 0 clueweb12-1807wb-28-20420 0
240 0 clueweb12-1210wb-58-04497 0
241 0 clueweb12-1205wb-72-15478 0
241 0 clueweb12-0003wb-51-12107 1
241 0 clueweb12-0303wb-37-06529 1
241 0 clueweb12-0816wb-17-25628 1
241 0 clueweb12-0008wb-12-09919 1
241 0 clueweb12-0705wb-73-17147 1
241 0 clueweb12-0005wb-44-15444 1
241 0 clueweb12-0806wb-69-35178 1
241 0 clueweb12-0806wb-80-22324 1
241 0 clueweb12-0304wb-65-08189 1
241 0 clueweb12-0803wb-41-02388 1
241 0 clueweb12-1810wb-82-11177 0
241 0 clueweb12-1806wb-30-09189 0
241 0 clueweb12-1805wb-97-28668 0
241 0 clueweb12-0807wb-97-21176 0
241 0 clueweb12-0002wb-81-00335 0
241 0 clueweb12-0908wb-85-15351 1
241 0 clueweb12-0908wb-55-05654 0
241 0 clueweb12-0906wb-08-05133 0
241 0 clueweb12-1212wb-57-00361 0
241 0 clueweb12-1118wb-28-22082 1
241 0 clueweb12-1508wb-05-11672 1
241 0 clueweb12-0902wb-89-05066 0
241 0 clueweb12-1713wb-50-02821 0
241 0 clueweb12-0813wb-25-19429 1
241 0 clueweb12-0007wb-88-11481 0
241 0 clueweb12-0802wb-84-20443 0
241 0 clueweb12-0812wb-20-27072 1
241 0 clueweb12-0810wb-17-05526 1
241 0 clueweb12-0814wb-41-06638 1
241 0 clueweb12-0705wb-18-19505 1
241 0 clueweb12-1500wb-68-15902 1
241 0 clueweb12-1508wb-80-22328 1
241 0 clueweb12-0012wb-63-33525 1
241 0 clueweb12-0710wb-96-03356 1
241 0 clueweb12-0814wb-30-16637 1
241 0 clueweb12-0002wb-56-10931 0
241 0 clueweb12-0814wb-67-07694 1
241 0 clueweb12-1110wb-20-04965 1
241 0 clueweb12-1207wb-81-21194 0
241 0 clueweb12-0816wb-14-04101 0
241 0 clueweb12-0011wb-02-22667 1
241 0 clueweb12-0011wb-15-17186 1
241 0 clueweb12-1004wb-44-21820 0
241 0 clueweb12-1203wb-09-20986 1
241 0 clueweb12-1813wb-20-02045 0
241 0 clueweb12-0011wb-00-05109 0
241 0 clueweb12-0305wb-63-20871 0
241 0 clueweb12-0816wb-14-04098 1
241 0 clueweb12-0816wb-14-04099 1
242 0 clueweb12-0607wb-37-05719 0
242 0 clueweb12-0200wb-98-08424 1
242 0 clueweb12-0204wb-80-02067 0
242 0 clueweb12-0403wb-54-21947 0
242 0 clueweb12-0010wb-78-12579 0
242 0 clueweb12-0810wb-87-27075 1
242 0 clueweb12-0303wb-73-20816 0
242 0 clueweb12-0913wb-34-16612 0
242 0 clueweb12-1700tw-33-16558 0
242 0 clueweb12-0013wb-50-13224 0
242 0 clueweb12-0011wb-57-07679 1
242 0 clueweb12-1516wb-50-31905 0
242 0 clueweb12-1515wb-63-06849 0
242 0 clueweb12-0303wb-64-16645 0
242 0 clueweb12-0703wb-76-01337 1
242 0 clueweb12-0305wb-93-17310 0
242 0 clueweb12-1407wb-52-19583 1
242 0 clueweb12-1911wb-46-17287 0
242 0 clueweb12-0703wb-46-27483 1
242 0 clueweb12-0702wb-52-26638 1
242 0 clueweb12-0311wb-91-03194 0
242 0 clueweb12-0703wb-46-27499 1
242 0 clueweb12-0112wb-14-07420 0
242 0 clueweb12-0005wb-40-26920 0
242 0 clueweb12-0605wb-65-06925 0
242 0 clueweb12-1405wb-41-12354 0
242 0 clueweb12-1703wb-04-04780 0
242 0 clueweb12-0304wb-07-01604 0
242 0 clueweb12-1807wb-81-15863 0
242 0 clueweb12-1710wb-20-01129 0
242 0 clueweb12-0301tw-53-18973 0
242 0 clueweb12-0914wb-18-18082 0
242 0 clueweb12-0402wb-98-16318 0
242 0 clueweb12-0512wb-51-30140 0
242 0 clueweb12-1806wb-38-09258 0
242 0 clueweb12-1706wb-90-01492 0
242 0 clueweb12-1515wb-80-11354 0
242 0 clueweb12-0800tw-59-02420 0
242 0 clueweb12-0914wb-42-19103 0
242 0 clueweb12-0302wb-93-02623 0
242 0 clueweb12-1709wb-72-04849 0
242 0 clueweb12-0302wb-64-31538 0
242 0 clueweb12-1606wb-60-07607 0
242 0 clueweb12-1515wb-80-11352 0
242 0 clueweb12-0914wb-45-20335 0
242 0 clueweb12-0209wb-58-02721 0
242 0 clueweb12-1710wb-23-06137 0
242 0 clueweb12-1600wb-55-15704 0
242 0 clueweb12-0512wb-25-19179 0
242 0 clueweb12-1901wb-08-10063 1
243 0 clueweb12-1700tw-41-00936 1
243 0 clueweb12-0206wb-77-03013 1
243 0 clueweb12-1204wb-44-13161 0
243 0 clueweb12-0101wb-81-30388 1
243 0 clueweb12-1102wb-73-18046 1
243 0 clueweb12-1102wb-73-18049 1
243 0 clueweb12-1103wb-19-22173 1
243 0 clueweb12-1613wb-87-31555 1
243 0 clueweb12-0207wb-93-32868 0
243 0 clueweb12-0103wb-96-09775 1
243 0 clueweb12-0110wb-45-31084 0
243 0 clueweb12-0404wb-21-09560 1
243 0 clueweb12-0102wb-22-03298 1
243 0 clueweb12-0111wb-83-13308 0
243 0 clueweb12-0207wb-16-03003 0
243 0 clueweb12-0410wb-15-08686 0
243 0 clueweb12-1201wb-40-13440 0
243 0 clueweb12-0200wb-58-27683 0
243 0 clueweb12-0110wb-62-17529 1
243 0 clueweb12-0408wb-15-09254 0
243 0 clueweb12-0200wb-13-34211 0
243 0 clueweb12-0306wb-46-05114 1
243 0 clueweb12-1107wb-75-21249 1
243 0 clueweb12-1808wb-92-24398 1
243 0 clueweb12-0500wb-99-01697 1
243 0 clueweb12-0204wb-34-01904 0
243 0 clueweb12-0306wb-35-20583 1
243 0 clueweb12-0101wb-14-20813 0
243 0 clueweb12-0411wb-56-22724 1
243 0 clueweb12-0406wb-91-20479 0
243 0 clueweb12-0008wb-25-00083 1
243 0 clueweb12-0400wb-82-10706 0
243 0 clueweb12-1210wb-94-17243 1
243 0 clueweb12-0815wb-87-23658 1
243 0 clueweb12-0709wb-57-20134 0
243 0 clueweb12-0211wb-30-16138 0
243 0 clueweb12-1200wb-78-24430 0
243 0 clueweb12-0604wb-77-11901 0
243 0 clueweb12-0507wb-55-30152 0
243 0 clueweb12-1200wb-76-06636 0
243 0 clueweb12-1202wb-97-15939 0
243 0 clueweb12-0510wb-01-02110 0
243 0 clueweb12-0408wb-13-30645 0
243 0 clueweb12-0302wb-36-12323 1
243 0 clueweb12-1715wb-65-00321 1
243 0 clueweb12-0300wb-63-02268 0
243 0 clueweb12-0401wb-30-17363 0
243 0 clueweb12-0609wb-87-16396 1
243 0 clueweb12-0302wb-45-00261 0
243 0 clueweb12-0112wb-20-15660 0
244 0 clueweb12-1016wb-91-11845 0
244 0 clueweb12-0904wb-87-11299 1
244 0 clueweb12-1302wb-00-09679 0
244 0 clueweb12-1906wb-76-14850 0
244 0 clueweb12-1004wb-86-13523 0
244 0 clueweb12-0309wb-64-26216 0
244 0 clueweb12-1300wb-44-24447 0
244 0 clueweb12-0904wb-80-15849 1
244 0 clueweb12-1300tw-42-06142 1
244 0 clueweb12-1108wb-00-25662 0
244 0 clueweb12-0810wb-81-09662 0
244 0 clueweb12-0208wb-29-18643 0
244 0 clueweb12-1108wb-52-23206 0
244 0 clueweb12-1016wb-42-14775 0
244 0 clueweb12-0916wb-56-30229 0
244 0 clueweb12-1214wb-68-01757 0
244 0 clueweb12-1300wb-48-12453 0
244 0 clueweb12-1004wb-86-13522 0
244 0 clueweb12-1016wb-91-11846 0
244 0 clueweb12-1611wb-23-02507 1
244 0 clueweb12-1215wb-27-17267 0
244 0 clueweb12-1007wb-96-20123 0
244 0 clueweb12-1301wb-03-26423 0
244 0 clueweb12-1017wb-82-23763 0
244 0 clueweb12-0312wb-00-16666 0
244 0 clueweb12-1107wb-94-07277 0
244 0 clueweb12-1215wb-57-05252 0
244 0 clueweb12-1302wb-59-22580 0
244 0 clueweb12-0812wb-62-11515 0
244 0 clueweb12-1906wb-37-26230 0
244 0 clueweb12-0810wb-82-24475 0
244 0 clueweb12-1506wb-57-23351 0
244 0 clueweb12-1302wb-44-26980 0
244 0 clueweb12-1019wb-66-12577 0
244 0 clueweb12-1801wb-61-11084 0
244 0 clueweb12-1812wb-27-28097 0
244 0 clueweb12-0001wb-56-28038 0
244 0 clueweb12-1217wb-83-23566 0
244 0 clueweb12-1214wb-68-01755 0
244 0 clueweb12-1018wb-27-07285 0
244 0 clueweb12-1907wb-89-09270 0
244 0 clueweb12-1218wb-02-28835 0
244 0 clueweb12-1715wb-67-16941 0
244 0 clueweb12-1800wb-36-02072 0
244 0 clueweb12-0304wb-90-20556 0
244 0 clueweb12-1020wb-62-14343 0
244 0 clueweb12-1004wb-86-13521 0
244 0 clueweb12-1300wb-55-11186 0
244 0 clueweb12-1017wb-43-21934 0
244 0 clueweb12-0301wb-08-27878 0
245 0 clueweb12-0301tw-47-16488 1
245 0 clueweb12-0204wb-55-24876 0
245 0 clueweb12-1706wb-30-24078 0
245 0 clueweb12-1812wb-39-08196 0
245 0 clueweb12-1106wb-22-04453 0
245 0 clueweb12-1707wb-92-30370 0
245 0 clueweb12-1019wb-43-12102 0
245 0 clueweb12-0109wb-93-14385 0
245 0 clueweb12-0502wb-73-14537 0
245 0 clueweb12-1411wb-69-07349 0
245 0 clueweb12-0406wb-53-16835 0
245 0 clueweb12-1018wb-59-20860 0
245 0 clueweb12-1301wb-34-06849 0
245 0 clueweb12-0805wb-30-02429 0
245 0 clueweb12-0703wb-04-17152 0
245 0 clueweb12-0003wb-04-32978 0
245 0 clueweb12-1205wb-66-05945 0
245 0 clueweb12-1608wb-50-21803 0
245 0 clueweb12-1901wb-55-21685 0
245 0 clueweb12-0403wb-56-24737 0
245 0 clueweb12-1808wb-99-17809 0
245 0 clueweb12-0805wb-12-11942 0
245 0 clueweb12-1205wb-18-08676 0
245 0 clueweb12-0700tw-64-14189 0
245 0 clueweb12-0209wb-14-25436 0
245 0 clueweb12-1215wb-92-17691 0
245 0 clueweb12-0008wb-14-17740 0
245 0 clueweb12-0602wb-03-22202 0
245 0 clueweb12-0900tw-76-07079 0
245 0 clueweb12-1503wb-60-00808 0
245 0 clueweb12-1800tw-28-09602 0
245 0 clueweb12-1809wb-57-14027 0
245 0 clueweb12-0908wb-96-03744 0
245 0 clueweb12-1508wb-82-17165 0
245 0 clueweb12-1504wb-87-01572 0
245 0 clueweb12-0105wb-05-20447 0
245 0 clueweb12-1812wb-87-18763 0
245 0 clueweb12-0100wb-19-13997 0
245 0 clueweb12-1100wb-73-21112 0
245 0 clueweb12-1408wb-61-21482 0
245 0 clueweb12-0917wb-39-11519 0
245 0 clueweb12-0206wb-63-08043 0
245 0 clueweb12-0412wb-35-02457 0
245 0 clueweb12-0814wb-34-32311 0
245 0 clueweb12-1508wb-33-18180 0
245 0 clueweb12-0816wb-92-18264 0
245 0 clueweb12-0409wb-25-26181 0
245 0 clueweb12-0808wb-19-15600 0
245 0 clueweb12-0208wb-02-32002 0
245 0 clueweb12-0402wb-76-08018 0
246 0 clueweb12-0202wb-59-25458 1
246 0 clueweb12-1006wb-74-15824 0
246 0 clueweb12-0209wb-13-20397 1
246 0 clueweb12-0211wb-36-05800 1
246 0 clueweb12-0001wb-00-15727 1
246 0 clueweb12-0210wb-70-24518 1
246 0 clueweb12-0611wb-01-29297 0
246 0 clueweb12-0201wb-62-13794 1
246 0 clueweb12-0211wb-25-20009 0
246 0 clueweb12-0510wb-13-15741 0
246 0 clueweb12-0604wb-61-19535 1
246 0 clueweb12-0608wb-75-18385 1
246 0 clueweb12-1218wb-32-18735 1
246 0 clueweb12-0210wb-22-00204 1
246 0 clueweb12-1510wb-63-17793 0
246 0 clueweb12-0609wb-68-18575 0
246 0 clueweb12-0607wb-80-03445 0
246 0 clueweb12-0509wb-85-23535 0
246 0 clueweb12-0610wb-77-25366 1
246 0 clueweb12-0611wb-67-31852 0
246 0 clueweb12-0611wb-46-08161 0
246 0 clueweb12-0500wb-07-05385 1
246 0 clueweb12-0004wb-84-29266 1
246 0 clueweb12-0610wb-77-25363 1
246 0 clueweb12-1414wb-79-13810 1
246 0 clueweb12-0402wb-10-27016 0
246 0 clueweb12-0006wb-01-02809 1
246 0 clueweb12-0609wb-47-23143 1
246 0 clueweb12-0307wb-67-22660 0
246 0 clueweb12-0003wb-63-36625 0
246 0 clueweb12-0807wb-30-05635 0
246 0 clueweb12-0400tw-98-09483 1
246 0 clueweb12-0307wb-18-05113 0
246 0 clueweb12-0102wb-93-02466 0
246 0 clueweb12-1514wb-75-27891 0
246 0 clueweb12-0609wb-84-09438 0
246 0 clueweb12-0609wb-34-31497 0
246 0 clueweb12-0604wb-11-04733 0
246 0 clueweb12-0208wb-14-27366 0
246 0 clueweb12-0611wb-26-31050 0
246 0 clueweb12-1413wb-37-09761 1
246 0 clueweb12-0209wb-37-19515 0
246 0 clueweb12-0009wb-20-13649 0
246 0 clueweb12-1505wb-30-08089 0
246 0 clueweb12-0609wb-72-06643 1
246 0 clueweb12-0207wb-39-07356 0
246 0 clueweb12-1007wb-96-14962 0
246 0 clueweb12-1415wb-97-03335 0
246 0 clueweb12-0405wb-54-18649 0
246 0 clueweb12-1802wb-57-15732 1
247 0 clueweb12-0601wb-51-02582 1
247 0 clueweb12-1309wb-77-03205 1
247 0 clueweb12-0201wb-03-21371 1
247 0 clueweb12-1113wb-10-05440 0
247 0 clueweb12-0905wb-50-04112 0
247 0 clueweb12-0917wb-91-30094 0
247 0 clueweb12-1511wb-23-32237 0
247 0 clueweb12-1215wb-82-14598 0
247 0 clueweb12-1713wb-97-28340 1
247 0 clueweb12-1713wb-32-15101 0
247 0 clueweb12-0207wb-59-33034 0
247 0 clueweb12-0207wb-15-05213 0
247 0 clueweb12-0707wb-58-06229 0
247 0 clueweb12-1111wb-09-07502 0
247 0 clueweb12-0706wb-56-00082 0
247 0 clueweb12-1514wb-08-06465 0
247 0 clueweb12-1111wb-61-25620 0
247 0 clueweb12-0105wb-13-21862 0
247 0 clueweb12-1415wb-82-11664 0
247 0 clueweb12-1116wb-66-03711 0
247 0 clueweb12-1710wb-16-07952 1
247 0 clueweb12-1710wb-16-07967 1
247 0 clueweb12-1504wb-91-10944 0
247 0 clueweb12-1504wb-74-31597 0
247 0 clueweb12-1510wb-27-02332 0
247 0 clueweb12-1401wb-57-06583 0
247 0 clueweb12-0302wb-27-03668 0
247 0 clueweb12-0804wb-35-22776 1
247 0 clueweb12-1600tw-05-05183 0
247 0 clueweb12-0602wb-26-33305 1
247 0 clueweb12-0400tw-36-04812 1
247 0 clueweb12-1709wb-51-18588 1
247 0 clueweb12-1717wb-39-13188 0
247 0 clueweb12-1709wb-51-18599 1
247 0 clueweb12-0509wb-69-14306 1
247 0 clueweb12-0403wb-01-12105 1
247 0 clueweb12-0310wb-30-01116 0
247 0 clueweb12-1510wb-41-26606 0
247 0 clueweb12-1306wb-81-17335 0
247 0 clueweb12-0307wb-94-06996 0
247 0 clueweb12-0004wb-68-13987 1
247 0 clueweb12-1714wb-82-10247 1
247 0 clueweb12-0311wb-02-01014 1
247 0 clueweb12-1714wb-37-15036 0
247 0 clueweb12-1020wb-97-06311 0
247 0 clueweb12-0305wb-37-06056 0
247 0 clueweb12-1309wb-68-11409 1
247 0 clueweb12-1117wb-78-14908 0
247 0 clueweb12-1503wb-16-09752 0
247 0 clueweb12-0806wb-66-15744 0
248 0 clueweb12-1406wb-31-10833 0
248 0 clueweb12-1400wb-29-05214 1
248 0 clueweb12-0001wb-37-09082 1
248 0 clueweb12-0815wb-86-19774 1
248 0 clueweb12-0803wb-61-13558 1
248 0 clueweb12-0210wb-32-28508 0
248 0 clueweb12-0002wb-73-00163 1
248 0 clueweb12-0110wb-20-24355 1
248 0 clueweb12-0306wb-64-12606 0
248 0 clueweb12-1406wb-31-10830 0
248 0 clueweb12-0501wb-91-02861 1
248 0 clueweb12-0109wb-90-23863 0
248 0 clueweb12-0500tw-21-19159 0
248 0 clueweb12-0004wb-67-05647 0
248 0 clueweb12-0304wb-98-19856 0
248 0 clueweb12-0913wb-44-00185 0
248 0 clueweb12-1407wb-22-13080 0
248 0 clueweb12-0211wb-28-20304 1
248 0 clueweb12-1613wb-65-04750 0
248 0 clueweb12-0200wb-13-27901 1
248 0 clueweb12-0610wb-06-06678 1
248 0 clueweb12-0000tw-18-08337 0
248 0 clueweb12-1302wb-10-18200 0
248 0 clueweb12-0203wb-14-26135 0
248 0 clueweb12-0502wb-30-21982 1
248 0 clueweb12-0210wb-69-14908 0
248 0 clueweb12-0009wb-88-06041 0
248 0 clueweb12-0409wb-10-24508 0
248 0 clueweb12-1010wb-44-30363 0
248 0 clueweb12-1304wb-63-26500 0
248 0 clueweb12-0200wb-79-11682 0
248 0 clueweb12-1700tw-04-13465 1
248 0 clueweb12-0110wb-90-15461 0
248 0 clueweb12-0204wb-44-00051 0
248 0 clueweb12-1316wb-34-17380 1
248 0 clueweb12-0815wb-31-19657 0
248 0 clueweb12-1902wb-48-18103 0
248 0 clueweb12-0504wb-56-16903 0
248 0 clueweb12-0403wb-09-28411 0
248 0 clueweb12-0013wb-59-27218 0
248 0 clueweb12-0300wb-17-32817 0
248 0 clueweb12-0206wb-65-07191 0
248 0 clueweb12-0107wb-00-07775 0
248 0 clueweb12-0913wb-54-27210 0
248 0 clueweb12-1600tw-25-06415 0
248 0 clueweb12-0009wb-35-17888 0
248 0 clueweb12-0106wb-20-06407 0
248 0 clueweb12-0913wb-50-06862 1
248 0 clueweb12-0401wb-65-08946 0
248 0 clueweb12-0502wb-30-21983 0
249 0 clueweb12-0803wb-03-12556 0
249 0 clueweb12-1803wb-06-12110 0
249 0 clueweb12-0009wb-46-21915 0
249 0 clueweb12-1400wb-31-20663 0
249 0 clueweb12-1204wb-32-11722 0
249 0 clueweb12-0112wb-36-16342 1
249 0 clueweb12-0210wb-44-15057 0
249 0 clueweb12-1202wb-68-11126 0
249 0 clueweb12-1400tw-19-21892 1
249 0 clueweb12-1102wb-91-08523 0
249 0 clueweb12-0009wb-28-16447 0
249 0 clueweb12-0009wb-74-29980 0
249 0 clueweb12-0811wb-64-25189 0
249 0 clueweb12-0601wb-77-35159 0
249 0 clueweb12-1500wb-18-23327 0
249 0 clueweb12-0100wb-64-11197 0
249 0 clueweb12-0512wb-56-08998 0
249 0 clueweb12-0202wb-38-20886 0
249 0 clueweb12-1204wb-43-13057 0
249 0 clueweb12-1306wb-24-09656 0
249 0 clueweb12-0512wb-18-03352 0
249 0 clueweb12-0101wb-98-06464 0
249 0 clueweb12-0810wb-68-00357 0
249 0 clueweb12-0207wb-96-14890 0
249 0 clueweb12-0406wb-94-08199 0
249 0 clueweb12-0002wb-92-05607 0
249 0 clueweb12-0512wb-56-08993 0
249 0 clueweb12-0204wb-04-29577 0
249 0 clueweb12-1503wb-31-15242 0
249 0 clueweb12-0009wb-28-16448 0
249 0 clueweb12-0810wb-47-06493 0
249 0 clueweb12-1204wb-43-13058 0
249 0 clueweb12-1900wb-35-15400 0
249 0 clueweb12-0404wb-21-09346 0
249 0 clueweb12-1608wb-61-22882 1
249 0 clueweb12-1207wb-89-10174 1
249 0 clueweb12-0203wb-13-31966 1
249 0 clueweb12-0107wb-13-13030 1
249 0 clueweb12-0109wb-34-02390 0
249 0 clueweb12-1609wb-35-11940 0
249 0 clueweb12-0814wb-32-25742 0
249 0 clueweb12-0512wb-18-03341 0
249 0 clueweb12-1614wb-18-15356 0
249 0 clueweb12-1101wb-86-18736 0
249 0 clueweb12-0813wb-71-23856 1
249 0 clueweb12-1300wb-03-13456 1
249 0 clueweb12-0807wb-19-17658 1
249 0 clueweb12-0802wb-41-07643 1
249 0 clueweb12-0704wb-45-02255 0
249 0 clueweb12-0704wb-20-12561 0
250 0 clueweb12-0402wb-69-17667 1
250 0 clueweb12-0000wb-17-09638 0
250 0 clueweb12-1600wb-23-12993 0
250 0 clueweb12-1914wb-04-28612 0
250 0 clueweb12-0208wb-44-07199 0
250 0 clueweb12-0009wb-88-18105 0
250 0 clueweb12-0412wb-13-01117 0
250 0 clueweb12-0401tw-15-09292 0
250 0 clueweb12-0407wb-33-27066 1
250 0 clueweb12-1914wb-20-14722 0
250 0 clueweb12-0104wb-59-06434 1
250 0 clueweb12-0101wb-14-06809 0
250 0 clueweb12-1400wb-79-28607 0
250 0 clueweb12-1906wb-56-13338 0
250 0 clueweb12-1116wb-23-09751 0
250 0 clueweb12-1803wb-72-26780 0
250 0 clueweb12-0411wb-98-03808 0
250 0 clueweb12-0815wb-63-08988 1
250 0 clueweb12-0815wb-63-08987 1
250 0 clueweb12-0815wb-87-20871 0
250 0 clueweb12-0815wb-87-20872 1
250 0 clueweb12-0815wb-87-20870 1
250 0 clueweb12-0207wb-97-27598 0
250 0 clueweb12-0208wb-20-31789 0
250 0 clueweb12-1209wb-76-00789 0
250 0 clueweb12-1912wb-79-29706 0
250 0 clueweb12-0404wb-96-09874 0
250 0 clueweb12-0412wb-17-24219 1
250 0 clueweb12-1118wb-76-09805 0
250 0 clueweb12-0202wb-48-03797 0
250 0 clueweb12-1606wb-37-15302 0
250 0 clueweb12-1501wb-23-30099 0
250 0 clueweb12-0200tw-71-01793 0
250 0 clueweb12-1605wb-18-18651 0
250 0 clueweb12-1914wb-01-27128 0
250 0 clueweb12-1901wb-17-30353 0
250 0 clueweb12-1512wb-90-15559 0
250 0 clueweb12-0700tw-61-14704 0
250 0 clueweb12-0412wb-17-24226 0
250 0 clueweb12-0011wb-25-13555 0
250 0 clueweb12-1913wb-64-15762 0
250 0 clueweb12-1102wb-44-02160 0
250 0 clueweb12-1116wb-18-41176 0
250 0 clueweb12-0700tw-20-02205 0
250 0 clueweb12-1906wb-06-11966 0
250 0 clueweb12-0700tw-14-05689 0
250 0 clueweb12-0111wb-91-33474 0
250 0 clueweb12-0901wb-53-10397 0
250 0 clueweb12-1914wb-04-28610 0
250 0 clueweb12-1505wb-53-10738 0
