201 0 clueweb12-1700tw-11-11014 0
201 0 clueweb12-1804wb-83-27006 1
201 0 clueweb12-1804wb-61-18411 1
201 0 clueweb12-1700tw-60-14505 0
201 0 clueweb12-1600tw-25-03206 0
201 0 clueweb12-1700tw-01-10630 1
201 0 clueweb12-1700tw-12-12180 1
201 0 clueweb12-0916wb-56-28701 2
201 0 clueweb12-0915wb-93-12188 2
201 0 clueweb12-0917wb-42-14097 2
201 0 clueweb12-0909wb-96-26247 0
201 0 clueweb12-1300tw-81-10983 0
201 0 clueweb12-0700tw-61-14704 2
201 0 clueweb12-1006wb-76-06368 1
201 0 clueweb12-0700tw-06-03345 0
201 0 clueweb12-1700tw-24-18392 0
201 0 clueweb12-1700tw-24-18393 0
201 0 clueweb12-0700tw-74-19724 1
201 0 clueweb12-1804wb-83-26991 1
201 0 clueweb12-1613wb-41-04806 2
201 0 clueweb12-0600tw-15-11839 0
201 0 clueweb12-0700tw-72-10766 1
201 0 clueweb12-0500tw-09-01438 0
201 0 clueweb12-1700tw-04-02422 1
201 0 clueweb12-1003wb-22-01697 1
201 0 clueweb12-0900tw-34-09743 1
201 0 clueweb12-0916wb-37-04526 1
201 0 clueweb12-0600tw-21-12056 0
201 0 clueweb12-1500tw-89-06869 0
201 0 clueweb12-1700tw-19-01998 1
201 0 clueweb12-1805wb-00-30333 1
201 0 clueweb12-1500tw-87-05762 0
201 0 clueweb12-1805wb-10-00159 1
201 0 clueweb12-1805wb-10-00164 1
201 0 clueweb12-1804wb-47-11414 1
201 0 clueweb12-1500tw-89-06870 0
201 0 clueweb12-1700tw-12-03430 0
201 0 clueweb12-1700tw-04-02424 1
201 0 clueweb12-1700tw-04-02423 0
201 0 clueweb12-0500tw-14-16637 1
201 0 clueweb12-1700tw-04-02426 0
201 0 clueweb12-1700tw-04-02425 0
201 0 clueweb12-0904wb-71-24472 1
201 0 clueweb12-0300tw-57-15513 1
201 0 clueweb12-1305wb-52-24223 1
201 0 clueweb12-0700tw-43-07348 1
201 0 clueweb12-1600tw-43-10277 1
201 0 clueweb12-0700tw-69-23823 0
201 0 clueweb12-0500tw-11-17774 1
201 0 clueweb12-1712wb-91-26912 1
202 0 clueweb12-1900tw-53-20555 0
202 0 clueweb12-1701wb-94-12199 0
202 0 clueweb12-0900tw-39-13453 0
202 0 clueweb12-1802wb-29-21108 0
202 0 clueweb12-0205wb-88-32545 0
202 0 clueweb12-1500wb-51-10404 0
202 0 clueweb12-1702wb-52-18834 0
202 0 clueweb12-1702wb-98-29608 0
202 0 clueweb12-0203wb-70-20735 0
202 0 clueweb12-1412wb-25-05309 0
202 0 clueweb12-1116wb-12-30914 0
202 0 clueweb12-0800wb-41-14545 0
202 0 clueweb12-1702wb-43-28339 0
202 0 clueweb12-0005wb-35-09005 0
202 0 clueweb12-1002wb-12-01571 0
202 0 clueweb12-1310wb-24-26317 0
202 0 clueweb12-0700tw-75-05625 0
202 0 clueweb12-0105wb-82-26360 0
202 0 clueweb12-1212wb-02-13082 0
202 0 clueweb12-1215wb-33-08369 0
202 0 clueweb12-1206wb-33-15528 0
202 0 clueweb12-1205wb-18-29328 0
202 0 clueweb12-0902wb-25-17572 0
202 0 clueweb12-1900tw-27-05755 0
202 0 clueweb12-1701wb-94-12194 0
202 0 clueweb12-0412wb-03-03994 0
202 0 clueweb12-1701wb-94-12188 0
202 0 clueweb12-0009wb-43-04224 0
202 0 clueweb12-1406wb-39-07752 0
202 0 clueweb12-1013wb-15-21838 0
202 0 clueweb12-1019wb-55-07377 0
202 0 clueweb12-1704wb-81-21983 0
202 0 clueweb12-1416wb-60-15323 0
202 0 clueweb12-1004wb-58-26866 0
202 0 clueweb12-1216wb-29-29797 0
202 0 clueweb12-0510wb-95-32597 0
202 0 clueweb12-0607wb-09-10783 0
202 0 clueweb12-1300tw-73-05391 0
202 0 clueweb12-0606wb-62-03233 0
202 0 clueweb12-0412wb-03-03995 0
202 0 clueweb12-1614wb-18-03275 0
202 0 clueweb12-1514wb-76-23186 0
202 0 clueweb12-1305wb-06-26685 0
202 0 clueweb12-1815wb-00-13560 0
202 0 clueweb12-1400tw-16-11230 0
202 0 clueweb12-0805wb-29-00101 0
202 0 clueweb12-1700tw-08-09303 0
202 0 clueweb12-1304wb-45-03877 0
202 0 clueweb12-0817wb-91-03089 0
202 0 clueweb12-1500wb-51-12151 0
203 0 clueweb12-0301wb-73-33709 1
203 0 clueweb12-0808wb-65-05575 1
203 0 clueweb12-0807wb-09-03736 0
203 0 clueweb12-0004wb-16-35952 1
203 0 clueweb12-0002wb-55-21171 1
203 0 clueweb12-1114wb-64-21708 1
203 0 clueweb12-1309wb-45-13338 0
203 0 clueweb12-1313wb-56-15640 0
203 0 clueweb12-1616wb-93-16046 0
203 0 clueweb12-1500wb-52-21496 1
203 0 clueweb12-0102wb-32-30963 1
203 0 clueweb12-0111wb-25-01235 3
203 0 clueweb12-0914wb-44-07104 3
203 0 clueweb12-0807wb-64-18762 0
203 0 clueweb12-0103wb-27-32640 0
203 0 clueweb12-1813wb-61-28021 2
203 0 clueweb12-0205wb-95-09703 0
203 0 clueweb12-1415wb-90-15596 2
203 0 clueweb12-1615wb-55-06412 3
203 0 clueweb12-0712wb-91-07912 3
203 0 clueweb12-0500tw-26-08047 0
203 0 clueweb12-1514wb-35-27255 1
203 0 clueweb12-0805wb-14-04542 3
203 0 clueweb12-0205wb-95-09699 0
203 0 clueweb12-0704wb-14-27955 0
203 0 clueweb12-0206wb-52-07957 1
203 0 clueweb12-0205wb-88-31300 0
203 0 clueweb12-0205wb-95-09696 0
203 0 clueweb12-1401wb-12-29321 0
203 0 clueweb12-0203wb-11-28386 0
203 0 clueweb12-0211wb-43-35222 2
203 0 clueweb12-0800tw-61-02099 0
203 0 clueweb12-1107wb-71-14984 0
203 0 clueweb12-0205wb-95-09711 0
203 0 clueweb12-0205wb-95-09701 0
203 0 clueweb12-1308wb-69-04033 3
203 0 clueweb12-1616wb-28-18498 2
203 0 clueweb12-0205wb-95-09698 0
203 0 clueweb12-0205wb-95-09707 0
203 0 clueweb12-1615wb-59-23008 3
203 0 clueweb12-0704wb-14-27947 0
203 0 clueweb12-0205wb-88-31302 0
203 0 clueweb12-1700wb-56-14811 0
203 0 clueweb12-1412wb-88-29455 0
203 0 clueweb12-0205wb-95-09708 0
203 0 clueweb12-1617wb-23-28073 0
203 0 clueweb12-1107wb-09-15543 0
203 0 clueweb12-0205wb-95-09706 0
203 0 clueweb12-1202wb-28-15923 0
203 0 clueweb12-0703wb-31-06804 0
204 0 clueweb12-0000wb-58-29498 0
204 0 clueweb12-1500tw-39-01008 0
204 0 clueweb12-1208wb-62-05131 0
204 0 clueweb12-0002wb-34-12168 0
204 0 clueweb12-1212wb-63-17269 1
204 0 clueweb12-1210wb-17-01493 0
204 0 clueweb12-1209wb-22-00167 1
204 0 clueweb12-1209wb-79-28735 1
204 0 clueweb12-1208wb-42-20453 2
204 0 clueweb12-0005wb-51-30120 1
204 0 clueweb12-1208wb-46-02945 0
204 0 clueweb12-0002wb-34-12166 1
204 0 clueweb12-0005wb-65-23319 2
204 0 clueweb12-1213wb-06-18861 1
204 0 clueweb12-1212wb-63-17266 0
204 0 clueweb12-0002wb-34-12153 2
204 0 clueweb12-0311wb-57-09902 2
204 0 clueweb12-1209wb-60-13384 2
204 0 clueweb12-0002wb-34-12172 0
204 0 clueweb12-0207wb-85-00335 1
204 0 clueweb12-0005wb-65-23321 2
204 0 clueweb12-0005wb-51-30123 2
204 0 clueweb12-0005wb-65-23323 2
204 0 clueweb12-0001wb-04-29912 1
204 0 clueweb12-0005wb-51-30129 2
204 0 clueweb12-0005wb-51-30125 2
204 0 clueweb12-0005wb-51-30151 1
204 0 clueweb12-0005wb-65-23324 2
204 0 clueweb12-0002wb-43-37240 2
204 0 clueweb12-1209wb-22-00162 1
204 0 clueweb12-0002wb-34-12171 0
204 0 clueweb12-1209wb-22-00166 0
204 0 clueweb12-1512wb-87-09536 0
204 0 clueweb12-0300wb-98-20074 0
204 0 clueweb12-1209wb-22-00165 0
204 0 clueweb12-1211wb-30-02347 1
204 0 clueweb12-1214wb-05-12167 1
204 0 clueweb12-1211wb-53-27044 0
204 0 clueweb12-1208wb-42-20452 1
204 0 clueweb12-0207wb-78-19090 0
204 0 clueweb12-0000wb-76-37759 2
204 0 clueweb12-1214wb-14-27016 1
204 0 clueweb12-0000wb-31-33977 1
204 0 clueweb12-0302wb-60-20041 0
204 0 clueweb12-1209wb-22-00163 1
204 0 clueweb12-1214wb-14-27004 1
204 0 clueweb12-1211wb-30-02358 0
204 0 clueweb12-0005wb-40-25706 2
204 0 clueweb12-0002wb-34-12155 1
204 0 clueweb12-1212wb-96-26374 2
205 0 clueweb12-0403wb-64-26188 1
205 0 clueweb12-0405wb-49-12399 1
205 0 clueweb12-0404wb-02-01517 1
205 0 clueweb12-0402wb-62-23693 1
205 0 clueweb12-0607wb-95-09963 1
205 0 clueweb12-1100tw-15-15997 1
205 0 clueweb12-0006wb-32-37841 0
205 0 clueweb12-1101wb-41-10572 0
205 0 clueweb12-0106wb-38-33238 1
205 0 clueweb12-1100tw-15-15998 1
205 0 clueweb12-0818wb-55-20010 2
205 0 clueweb12-0308wb-22-01430 1
205 0 clueweb12-0104wb-54-18083 2
205 0 clueweb12-1107wb-61-05162 0
205 0 clueweb12-0710wb-42-05248 0
205 0 clueweb12-1500tw-73-13465 1
205 0 clueweb12-0306wb-81-14366 1
205 0 clueweb12-0811wb-49-17331 0
205 0 clueweb12-0001wb-18-03820 1
205 0 clueweb12-0301wb-77-12589 1
205 0 clueweb12-0205wb-84-26498 0
205 0 clueweb12-0204wb-32-29917 1
205 0 clueweb12-0106wb-71-11924 1
205 0 clueweb12-0402wb-55-02398 2
205 0 clueweb12-0607wb-95-09962 0
205 0 clueweb12-0608wb-54-04617 1
205 0 clueweb12-1502wb-98-15313 1
205 0 clueweb12-0203wb-00-27569 2
205 0 clueweb12-0005wb-04-24302 2
205 0 clueweb12-0207wb-13-00035 0
205 0 clueweb12-0111wb-34-27257 2
205 0 clueweb12-0608wb-78-11515 1
205 0 clueweb12-0912wb-44-24082 0
205 0 clueweb12-0206wb-09-28585 0
205 0 clueweb12-0404wb-18-24380 0
205 0 clueweb12-0812wb-07-15129 0
205 0 clueweb12-0004wb-84-32383 0
205 0 clueweb12-0006wb-17-23685 1
205 0 clueweb12-0006wb-46-09712 0
205 0 clueweb12-1303wb-94-25019 0
205 0 clueweb12-1901wb-93-10350 0
205 0 clueweb12-1019wb-72-14799 0
205 0 clueweb12-0816wb-89-15417 0
205 0 clueweb12-0306wb-06-19634 1
205 0 clueweb12-1111wb-45-04851 0
205 0 clueweb12-1215wb-29-26772 0
205 0 clueweb12-0305wb-17-20186 0
205 0 clueweb12-0704wb-30-02468 0
205 0 clueweb12-0611wb-58-23510 0
205 0 clueweb12-0412wb-21-19133 0
206 0 clueweb12-1401wb-92-14851 1
206 0 clueweb12-1900tw-11-12838 0
206 0 clueweb12-1617wb-04-14197 0
206 0 clueweb12-1803wb-89-21079 -2
206 0 clueweb12-1514wb-27-13249 1
206 0 clueweb12-1617wb-17-09841 0
206 0 clueweb12-1104wb-83-23108 1
206 0 clueweb12-1105wb-19-07418 1
206 0 clueweb12-0303wb-20-18845 0
206 0 clueweb12-0207wb-96-15548 0
206 0 clueweb12-1110wb-87-23832 0
206 0 clueweb12-1100tw-35-11080 1
206 0 clueweb12-0806wb-09-09740 1
206 0 clueweb12-0111wb-12-29975 0
206 0 clueweb12-0512wb-33-20102 1
206 0 clueweb12-0310wb-97-23209 1
206 0 clueweb12-1115wb-15-24917 -2
206 0 clueweb12-1017wb-34-27542 0
206 0 clueweb12-0112wb-02-30946 1
206 0 clueweb12-0900wb-97-02702 1
206 0 clueweb12-0606wb-40-12197 1
206 0 clueweb12-0902wb-67-05109 1
206 0 clueweb12-0601wb-00-13002 0
206 0 clueweb12-0301wb-43-35174 1
206 0 clueweb12-1501wb-66-13825 1
206 0 clueweb12-1502wb-67-08442 1
206 0 clueweb12-1502wb-21-20558 1
206 0 clueweb12-1502wb-12-19967 1
206 0 clueweb12-1503wb-11-07637 1
206 0 clueweb12-1501wb-80-16507 1
206 0 clueweb12-0905wb-03-05823 1
206 0 clueweb12-1502wb-62-24022 1
206 0 clueweb12-1502wb-84-04715 1
206 0 clueweb12-1501wb-95-25964 1
206 0 clueweb12-1502wb-99-02201 1
206 0 clueweb12-1502wb-89-03010 1
206 0 clueweb12-1502wb-84-04716 1
206 0 clueweb12-1502wb-70-03518 1
206 0 clueweb12-1501wb-95-25965 1
206 0 clueweb12-1502wb-89-03009 1
206 0 clueweb12-1502wb-84-04717 1
206 0 clueweb12-1502wb-36-19364 1
206 0 clueweb12-1502wb-57-10551 1
206 0 clueweb12-0301wb-43-35173 1
206 0 clueweb12-0914wb-36-02591 1
206 0 clueweb12-1104wb-00-02960 1
206 0 clueweb12-1501wb-92-24518 1
206 0 clueweb12-0000wb-64-25787 1
206 0 clueweb12-1910wb-76-01392 1
206 0 clueweb12-1501wb-80-16506 0
207 0 clueweb12-0207wb-90-20840 0
207 0 clueweb12-0507wb-30-21602 0
207 0 clueweb12-1408wb-69-07244 2
207 0 clueweb12-0703wb-91-29881 1
207 0 clueweb12-0505wb-10-15909 0
207 0 clueweb12-0806wb-67-24255 2
207 0 clueweb12-0806wb-67-24256 1
207 0 clueweb12-1800wb-24-06145 1
207 0 clueweb12-0305wb-53-27499 2
207 0 clueweb12-1713wb-83-14522 1
207 0 clueweb12-1809wb-95-20952 1
207 0 clueweb12-1806wb-43-18892 1
207 0 clueweb12-0005wb-52-29519 3
207 0 clueweb12-0006wb-34-01000 3
207 0 clueweb12-1811wb-35-10653 1
207 0 clueweb12-1905wb-56-25449 0
207 0 clueweb12-1806wb-87-30320 0
207 0 clueweb12-1315wb-01-23891 0
207 0 clueweb12-1808wb-45-08679 0
207 0 clueweb12-1807wb-96-09969 1
207 0 clueweb12-1809wb-44-30071 1
207 0 clueweb12-1806wb-43-18891 0
207 0 clueweb12-0206wb-71-14452 0
207 0 clueweb12-0714wb-69-25428 3
207 0 clueweb12-0607wb-76-17468 0
207 0 clueweb12-0112wb-21-26718 1
207 0 clueweb12-1809wb-95-20948 0
207 0 clueweb12-1809wb-68-00674 0
207 0 clueweb12-0717wb-32-07044 2
207 0 clueweb12-1905wb-56-25452 0
207 0 clueweb12-1808wb-97-25741 1
207 0 clueweb12-1809wb-27-02786 1
207 0 clueweb12-1810wb-68-24140 1
207 0 clueweb12-1807wb-39-28668 0
207 0 clueweb12-1806wb-64-10548 0
207 0 clueweb12-0007wb-43-05387 2
207 0 clueweb12-0007wb-43-05386 1
207 0 clueweb12-1810wb-25-04772 1
207 0 clueweb12-1810wb-99-18551 1
207 0 clueweb12-1905wb-50-22038 0
207 0 clueweb12-0911wb-12-02885 0
207 0 clueweb12-1905wb-48-10251 0
207 0 clueweb12-0006wb-80-17148 3
207 0 clueweb12-1905wb-46-06917 0
207 0 clueweb12-1803wb-06-19837 1
207 0 clueweb12-1405wb-79-06210 0
207 0 clueweb12-0005wb-78-16068 0
207 0 clueweb12-1806wb-87-30317 1
207 0 clueweb12-1806wb-87-30318 0
207 0 clueweb12-1905wb-70-13334 0
208 0 clueweb12-1908wb-77-16099 0
208 0 clueweb12-1612wb-18-22030 1
208 0 clueweb12-0608wb-51-18276 0
208 0 clueweb12-0813wb-29-16299 1
208 0 clueweb12-1414wb-05-08095 2
208 0 clueweb12-1312wb-85-13470 0
208 0 clueweb12-1301wb-88-19658 2
208 0 clueweb12-0404wb-38-07381 2
208 0 clueweb12-0002wb-97-19918 0
208 0 clueweb12-0200tw-61-13709 0
208 0 clueweb12-0001wb-25-23616 2
208 0 clueweb12-0301tw-29-19555 0
208 0 clueweb12-0412wb-14-25811 0
208 0 clueweb12-0406wb-87-11186 0
208 0 clueweb12-0713wb-47-20654 1
208 0 clueweb12-0602wb-60-02021 0
208 0 clueweb12-1011wb-62-00443 0
208 0 clueweb12-1415wb-17-25901 0
208 0 clueweb12-1415wb-36-18396 0
208 0 clueweb12-0111wb-85-10721 1
208 0 clueweb12-0606wb-66-31070 0
208 0 clueweb12-0300tw-33-13601 2
208 0 clueweb12-1414wb-88-04657 0
208 0 clueweb12-1610wb-40-03669 2
208 0 clueweb12-1613wb-62-32825 2
208 0 clueweb12-1215wb-46-13227 0
208 0 clueweb12-0305wb-67-05389 0
208 0 clueweb12-0200wb-80-24550 1
208 0 clueweb12-1711wb-98-07767 0
208 0 clueweb12-0109wb-28-08304 0
208 0 clueweb12-0003wb-09-30275 0
208 0 clueweb12-1809wb-11-22192 0
208 0 clueweb12-1911wb-89-06008 1
208 0 clueweb12-0703wb-18-11475 0
208 0 clueweb12-1216wb-42-29972 0
208 0 clueweb12-0111wb-28-18795 0
208 0 clueweb12-0203wb-30-07760 1
208 0 clueweb12-1410wb-17-23537 0
208 0 clueweb12-1020wb-76-09763 0
208 0 clueweb12-1804wb-99-10067 0
208 0 clueweb12-1901wb-99-18522 0
208 0 clueweb12-0702wb-13-18078 0
208 0 clueweb12-0106wb-61-15202 0
208 0 clueweb12-0312wb-31-27441 0
208 0 clueweb12-1509wb-52-09768 1
208 0 clueweb12-0301wb-09-04696 0
208 0 clueweb12-1812wb-80-15306 0
208 0 clueweb12-1515wb-29-09102 0
208 0 clueweb12-0912wb-91-18890 0
208 0 clueweb12-0108wb-72-24490 0
209 0 clueweb12-1300tw-42-05868 0
209 0 clueweb12-0105wb-14-09800 2
209 0 clueweb12-1405wb-23-03730 0
209 0 clueweb12-1313wb-59-25523 3
209 0 clueweb12-1006wb-84-22891 0
209 0 clueweb12-1814wb-17-25239 0
209 0 clueweb12-1006wb-69-08315 0
209 0 clueweb12-1610wb-08-13221 0
209 0 clueweb12-1406wb-09-24505 0
209 0 clueweb12-1007wb-42-25507 0
209 0 clueweb12-0712wb-94-14061 0
209 0 clueweb12-1811wb-37-15416 0
209 0 clueweb12-0200wb-68-20778 0
209 0 clueweb12-0811wb-52-01249 0
209 0 clueweb12-1405wb-47-29126 0
209 0 clueweb12-1610wb-08-13224 0
209 0 clueweb12-1900tw-42-18458 0
209 0 clueweb12-1100tw-88-06143 0
209 0 clueweb12-1814wb-17-25231 0
209 0 clueweb12-0800tw-38-07658 0
209 0 clueweb12-1608wb-59-18255 0
209 0 clueweb12-1610wb-08-13225 0
209 0 clueweb12-0200wb-00-15618 0
209 0 clueweb12-1608wb-29-04079 0
209 0 clueweb12-0201wb-59-07088 0
209 0 clueweb12-0507wb-36-19206 0
209 0 clueweb12-1006wb-84-22892 0
209 0 clueweb12-1610wb-08-13230 0
209 0 clueweb12-1400tw-44-21751 0
209 0 clueweb12-1814wb-86-02901 0
209 0 clueweb12-1608wb-59-18270 0
209 0 clueweb12-1813wb-52-06492 0
209 0 clueweb12-0409wb-04-06607 2
209 0 clueweb12-1812wb-72-28183 0
209 0 clueweb12-1900wb-39-00749 0
209 0 clueweb12-1610wb-08-13222 0
209 0 clueweb12-1007wb-23-17997 0
209 0 clueweb12-1609wb-84-08469 0
209 0 clueweb12-1813wb-08-25247 0
209 0 clueweb12-1007wb-18-02935 0
209 0 clueweb12-1006wb-84-22890 0
209 0 clueweb12-1810wb-71-24908 0
209 0 clueweb12-0605wb-74-25485 3
209 0 clueweb12-0101wb-08-15911 0
209 0 clueweb12-0905wb-82-12758 0
209 0 clueweb12-1812wb-04-05278 0
209 0 clueweb12-1812wb-40-18896 0
209 0 clueweb12-0009wb-95-03677 0
209 0 clueweb12-0303wb-04-18452 0
209 0 clueweb12-1812wb-40-18882 0
210 0 clueweb12-0107wb-32-02462 0
210 0 clueweb12-0110wb-66-19553 0
210 0 clueweb12-0110wb-84-21607 0
210 0 clueweb12-0110wb-84-21606 0
210 0 clueweb12-0110wb-84-21605 0
210 0 clueweb12-0110wb-84-21604 0
210 0 clueweb12-0110wb-76-12435 0
210 0 clueweb12-0110wb-84-21608 0
210 0 clueweb12-0107wb-18-03514 0
210 0 clueweb12-0108wb-60-26316 0
210 0 clueweb12-0002wb-09-11456 1
210 0 clueweb12-0001wb-37-11288 0
210 0 clueweb12-0512wb-14-24991 0
210 0 clueweb12-1115wb-60-03021 0
210 0 clueweb12-0817wb-47-09355 -2
210 0 clueweb12-1700tw-18-01572 0
210 0 clueweb12-1901wb-80-07058 2
210 0 clueweb12-0000wb-90-34383 0
210 0 clueweb12-0000wb-58-29959 1
210 0 clueweb12-0101wb-90-13000 0
210 0 clueweb12-1115wb-84-16641 0
210 0 clueweb12-1203wb-46-05221 1
210 0 clueweb12-0110wb-76-12434 0
210 0 clueweb12-1400wb-82-32013 0
210 0 clueweb12-1400wb-81-16791 0
210 0 clueweb12-1400wb-81-16792 0
210 0 clueweb12-0000wb-66-04534 1
210 0 clueweb12-0001wb-15-08841 0
210 0 clueweb12-0504wb-42-04777 0
210 0 clueweb12-0208wb-44-29312 0
210 0 clueweb12-0001wb-04-30716 1
210 0 clueweb12-0000wb-90-34382 1
210 0 clueweb12-0000wb-90-34384 0
210 0 clueweb12-0000wb-01-03896 2
210 0 clueweb12-1616wb-81-19001 0
210 0 clueweb12-0000wb-90-34371 1
210 0 clueweb12-0110wb-93-03887 0
210 0 clueweb12-1616wb-81-18989 0
210 0 clueweb12-1616wb-81-19000 0
210 0 clueweb12-1610wb-74-22886 0
210 0 clueweb12-1610wb-18-25211 0
210 0 clueweb12-1610wb-74-22876 0
210 0 clueweb12-0002wb-19-02593 0
210 0 clueweb12-1610wb-83-15791 0
210 0 clueweb12-1610wb-89-26833 0
210 0 clueweb12-1610wb-41-28020 0
210 0 clueweb12-1610wb-24-20786 0
210 0 clueweb12-0109wb-06-33054 0
210 0 clueweb12-0001wb-27-29238 0
210 0 clueweb12-1610wb-36-11272 0
211 0 clueweb12-0007wb-52-06376 0
211 0 clueweb12-1205wb-28-06475 1
211 0 clueweb12-1511wb-27-35749 0
211 0 clueweb12-0603wb-93-28217 1
211 0 clueweb12-0301wb-69-08860 -2
211 0 clueweb12-1313wb-85-00033 1
211 0 clueweb12-0705wb-52-16756 0
211 0 clueweb12-1609wb-04-05655 1
211 0 clueweb12-1610wb-89-11019 1
211 0 clueweb12-0007wb-59-17886 0
211 0 clueweb12-0401wb-12-19780 2
211 0 clueweb12-0812wb-92-01590 1
211 0 clueweb12-1516wb-57-22831 1
211 0 clueweb12-0401wb-81-30968 2
211 0 clueweb12-0106wb-72-23240 1
211 0 clueweb12-0704wb-78-06262 1
211 0 clueweb12-1408wb-21-18598 1
211 0 clueweb12-0605wb-47-28308 1
211 0 clueweb12-0712wb-97-09990 2
211 0 clueweb12-0103wb-63-06524 1
211 0 clueweb12-1505wb-33-06270 2
211 0 clueweb12-0606wb-81-31205 0
211 0 clueweb12-0501wb-93-06225 2
211 0 clueweb12-0000tw-12-16406 2
211 0 clueweb12-0009wb-93-25417 1
211 0 clueweb12-0604wb-92-21958 0
211 0 clueweb12-1017wb-88-10596 1
211 0 clueweb12-0200tw-16-18188 2
211 0 clueweb12-1407wb-74-28263 2
211 0 clueweb12-0200tw-66-02516 2
211 0 clueweb12-0102wb-15-29916 3
211 0 clueweb12-0501wb-12-10799 2
211 0 clueweb12-0512wb-42-23428 1
211 0 clueweb12-0005wb-26-17914 0
211 0 clueweb12-0210wb-17-21441 0
211 0 clueweb12-0100wb-48-18678 0
211 0 clueweb12-0000wt-00-02989 2
211 0 clueweb12-1019wb-23-12286 1
211 0 clueweb12-1014wb-24-09121 0
211 0 clueweb12-1213wb-67-05919 0
211 0 clueweb12-0311wb-28-26321 0
211 0 clueweb12-0006wb-00-08035 0
211 0 clueweb12-1311wb-53-28636 0
211 0 clueweb12-0005wb-37-15804 0
211 0 clueweb12-0609wb-72-15381 2
211 0 clueweb12-0204wb-34-06634 2
211 0 clueweb12-1211wb-15-06372 0
211 0 clueweb12-0013wb-73-05489 1
211 0 clueweb12-0006wb-36-21354 0
211 0 clueweb12-1704wb-84-07720 1
212 0 clueweb12-1814wb-05-26199 0
212 0 clueweb12-0400wb-47-26395 0
212 0 clueweb12-0713wb-50-21719 0
212 0 clueweb12-0005wb-40-30225 0
212 0 clueweb12-1603wb-27-02596 0
212 0 clueweb12-0603wb-22-09396 0
212 0 clueweb12-0400wb-20-23438 0
212 0 clueweb12-1813wb-63-21220 0
212 0 clueweb12-0003wb-78-12502 0
212 0 clueweb12-1100wb-38-00224 0
212 0 clueweb12-0401wb-21-20629 0
212 0 clueweb12-0400tw-81-19015 0
212 0 clueweb12-0002wb-44-01212 1
212 0 clueweb12-0311wb-68-16454 0
212 0 clueweb12-1313wb-42-05692 0
212 0 clueweb12-0402wb-55-08161 0
212 0 clueweb12-0400wb-33-22153 0
212 0 clueweb12-0400wb-20-26322 0
212 0 clueweb12-0311wb-57-06811 0
212 0 clueweb12-1503wb-62-12031 0
212 0 clueweb12-0311wb-03-09726 0
212 0 clueweb12-0007wb-03-12205 0
212 0 clueweb12-0002wb-19-04020 0
212 0 clueweb12-1502wb-15-19317 0
212 0 clueweb12-1113wb-71-23777 0
212 0 clueweb12-1901wb-03-10318 0
212 0 clueweb12-0301wb-29-02470 0
212 0 clueweb12-1502wb-34-24170 0
212 0 clueweb12-0001wb-37-11803 0
212 0 clueweb12-0402wb-82-29470 0
212 0 clueweb12-0505wb-30-10709 0
212 0 clueweb12-0400wb-33-22152 0
212 0 clueweb12-0002wb-58-34351 0
212 0 clueweb12-0402wb-55-08171 0
212 0 clueweb12-0109wb-50-30843 0
212 0 clueweb12-0004wb-74-36175 0
212 0 clueweb12-0004wb-74-36160 0
212 0 clueweb12-0000wb-66-05081 0
212 0 clueweb12-0409wb-45-27843 0
212 0 clueweb12-0205wb-07-33917 0
212 0 clueweb12-0012wb-30-33377 0
212 0 clueweb12-0311wb-99-21645 0
212 0 clueweb12-0004wb-38-07355 0
212 0 clueweb12-1503wb-32-31207 0
212 0 clueweb12-0400wb-18-03796 0
212 0 clueweb12-0711wb-07-05844 0
212 0 clueweb12-0715wb-46-20632 0
212 0 clueweb12-0004wb-26-00622 0
212 0 clueweb12-0005wb-52-01232 0
212 0 clueweb12-1900wb-03-20027 0
213 0 clueweb12-0812wb-60-28452 0
213 0 clueweb12-0000wb-32-22299 1
213 0 clueweb12-1803wb-38-13335 0
213 0 clueweb12-0816wb-82-11326 0
213 0 clueweb12-0816wb-90-19957 0
213 0 clueweb12-0816wb-63-18247 0
213 0 clueweb12-0816wb-90-19956 0
213 0 clueweb12-0816wb-82-11340 2
213 0 clueweb12-0705wb-18-00174 2
213 0 clueweb12-1900wb-37-11063 0
213 0 clueweb12-0816wb-82-11330 0
213 0 clueweb12-0404wb-06-04219 1
213 0 clueweb12-0816wb-82-11328 0
213 0 clueweb12-0002wb-18-31788 0
213 0 clueweb12-0816wb-90-19955 0
213 0 clueweb12-0406wb-10-17326 0
213 0 clueweb12-0816wb-90-19953 0
213 0 clueweb12-0005wb-04-24693 2
213 0 clueweb12-1117wb-67-14649 2
213 0 clueweb12-0816wb-82-11332 0
213 0 clueweb12-0011wb-27-23554 1
213 0 clueweb12-0307wb-13-30442 0
213 0 clueweb12-0817wb-26-11662 0
213 0 clueweb12-0816wb-90-19954 0
213 0 clueweb12-0004wb-15-20621 2
213 0 clueweb12-0106wb-74-24799 2
213 0 clueweb12-0203wb-03-30481 0
213 0 clueweb12-0816wb-82-11339 2
213 0 clueweb12-0002wb-43-31611 0
213 0 clueweb12-0307wb-13-30441 2
213 0 clueweb12-0001wb-04-27864 2
213 0 clueweb12-0816wb-63-18248 0
213 0 clueweb12-0816wb-82-11334 0
213 0 clueweb12-0816wb-90-19951 0
213 0 clueweb12-0812wb-57-08081 0
213 0 clueweb12-0000wb-20-14817 0
213 0 clueweb12-0814wb-95-13885 0
213 0 clueweb12-0816wb-63-18243 0
213 0 clueweb12-0006wb-79-23526 0
213 0 clueweb12-0816wb-82-11329 0
213 0 clueweb12-0816wb-63-18244 0
213 0 clueweb12-0816wb-82-11336 0
213 0 clueweb12-0817wb-26-11663 0
213 0 clueweb12-0816wb-82-11338 0
213 0 clueweb12-0102wb-58-12396 2
213 0 clueweb12-0306wb-80-07756 2
213 0 clueweb12-0206wb-34-29291 0
213 0 clueweb12-0816wb-82-11337 0
213 0 clueweb12-0002wb-58-27792 0
213 0 clueweb12-0816wb-90-19952 0
214 0 clueweb12-0011wb-17-26705 1
214 0 clueweb12-0012wb-15-12275 1
214 0 clueweb12-0003wb-84-12067 1
214 0 clueweb12-1412wb-23-27027 2
214 0 clueweb12-1210wb-72-29192 1
214 0 clueweb12-0000wb-46-08820 1
214 0 clueweb12-0107wb-00-12757 0
214 0 clueweb12-0112wb-18-29306 1
214 0 clueweb12-1305wb-44-14628 -2
214 0 clueweb12-1812wb-13-22454 1
214 0 clueweb12-1301wb-53-25827 0
214 0 clueweb12-0109wb-61-07769 0
214 0 clueweb12-0209wb-71-22551 1
214 0 clueweb12-0403wb-14-21533 2
214 0 clueweb12-0308wb-92-18417 2
214 0 clueweb12-0002wb-97-14165 2
214 0 clueweb12-0202wb-89-22103 1
214 0 clueweb12-0006wb-79-17098 1
214 0 clueweb12-1503wb-77-19610 0
214 0 clueweb12-0800wb-29-03800 1
214 0 clueweb12-0900tw-61-21014 1
214 0 clueweb12-0012wb-57-07518 1
214 0 clueweb12-0501wb-95-00428 1
214 0 clueweb12-1700tw-01-13799 1
214 0 clueweb12-0203wb-64-25030 1
214 0 clueweb12-0011wb-62-03765 2
214 0 clueweb12-0003wb-36-29741 1
214 0 clueweb12-0812wb-31-11832 0
214 0 clueweb12-1905wb-83-23865 1
214 0 clueweb12-1803wb-50-00066 1
214 0 clueweb12-0300wb-78-31872 1
214 0 clueweb12-0105wb-53-06835 1
214 0 clueweb12-1105wb-90-07784 1
214 0 clueweb12-0008wb-31-14452 1
214 0 clueweb12-0106wb-53-06270 1
214 0 clueweb12-0004wb-00-21797 0
214 0 clueweb12-0001wb-15-33433 1
214 0 clueweb12-1800wb-75-29892 0
214 0 clueweb12-1415wb-77-16473 2
214 0 clueweb12-0002wb-22-08917 1
214 0 clueweb12-0408wb-26-31829 1
214 0 clueweb12-1312wb-67-20776 1
214 0 clueweb12-0006wb-79-17102 1
214 0 clueweb12-1103wb-86-18340 1
214 0 clueweb12-0404wb-38-13802 0
214 0 clueweb12-0005wb-98-11303 1
214 0 clueweb12-1105wb-57-30340 1
214 0 clueweb12-1514wb-57-12706 0
214 0 clueweb12-1902wb-48-28195 2
214 0 clueweb12-1109wb-20-06783 1
215 0 clueweb12-0715wb-79-09334 0
215 0 clueweb12-0004wb-72-22379 0
215 0 clueweb12-1809wb-32-18598 0
215 0 clueweb12-0104wb-54-09612 1
215 0 clueweb12-0409wb-88-10873 0
215 0 clueweb12-1500tw-73-02555 1
215 0 clueweb12-0307wb-02-02937 1
215 0 clueweb12-0307wb-36-18504 1
215 0 clueweb12-0105wb-62-12281 1
215 0 clueweb12-0814wb-97-33919 0
215 0 clueweb12-0715wb-13-05157 0
215 0 clueweb12-0404wb-43-23712 1
215 0 clueweb12-0812wb-25-11262 0
215 0 clueweb12-0103wb-71-28727 1
215 0 clueweb12-0112wb-04-07706 1
215 0 clueweb12-0106wb-11-22321 1
215 0 clueweb12-0307wb-11-26655 2
215 0 clueweb12-0306wb-81-00258 1
215 0 clueweb12-0106wb-11-22322 1
215 0 clueweb12-0103wb-52-20529 1
215 0 clueweb12-0306wb-65-02897 1
215 0 clueweb12-0112wb-54-10284 1
215 0 clueweb12-0306wb-97-10912 1
215 0 clueweb12-0306wb-65-02888 0
215 0 clueweb12-0104wb-61-05073 1
215 0 clueweb12-0306wb-81-00284 1
215 0 clueweb12-0503wb-02-10047 0
215 0 clueweb12-0401wb-66-18127 0
215 0 clueweb12-0306wb-73-16043 1
215 0 clueweb12-0404wb-24-01911 1
215 0 clueweb12-1016wb-99-11705 0
215 0 clueweb12-0307wb-02-02923 1
215 0 clueweb12-0306wb-73-16075 1
215 0 clueweb12-0306wb-81-00291 1
215 0 clueweb12-0306wb-81-00276 2
215 0 clueweb12-0307wb-91-07141 0
215 0 clueweb12-0306wb-81-00259 1
215 0 clueweb12-0307wb-11-26663 1
215 0 clueweb12-0112wb-02-01048 0
215 0 clueweb12-0110wb-34-28146 1
215 0 clueweb12-0307wb-36-18506 1
215 0 clueweb12-0815wb-56-09510 0
215 0 clueweb12-0306wb-97-10917 1
215 0 clueweb12-0306wb-73-16055 1
215 0 clueweb12-0200wb-55-09875 0
215 0 clueweb12-0307wb-76-19558 0
215 0 clueweb12-0308wb-56-12928 1
215 0 clueweb12-0307wb-11-26641 1
215 0 clueweb12-1017wb-16-08442 0
215 0 clueweb12-0001wb-58-14573 1
216 0 clueweb12-0412wb-30-12144 1
216 0 clueweb12-0105wb-09-33299 2
216 0 clueweb12-1304wb-07-11215 2
216 0 clueweb12-1304wb-07-11214 2
216 0 clueweb12-1303wb-69-20179 2
216 0 clueweb12-1304wb-07-11216 2
216 0 clueweb12-1300tw-11-12437 2
216 0 clueweb12-0104wb-88-03977 2
216 0 clueweb12-1813wb-06-09068 0
216 0 clueweb12-0204wb-38-28950 1
216 0 clueweb12-0410wb-53-16290 1
216 0 clueweb12-1300tw-13-03461 2
216 0 clueweb12-0007wb-03-13148 2
216 0 clueweb12-0800tw-38-09396 0
216 0 clueweb12-0800tw-38-09395 0
216 0 clueweb12-1410wb-17-15362 1
216 0 clueweb12-1300tw-66-00071 1
216 0 clueweb12-1614wb-48-07337 2
216 0 clueweb12-0011wb-41-27409 2
216 0 clueweb12-0810wb-76-10710 2
216 0 clueweb12-1602wb-41-12621 2
216 0 clueweb12-1000tw-65-02132 1
216 0 clueweb12-0800tw-47-10089 0
216 0 clueweb12-0500tw-07-22575 1
216 0 clueweb12-1304wb-13-16345 2
216 0 clueweb12-0800tw-35-12115 0
216 0 clueweb12-0100tw-74-08426 1
216 0 clueweb12-0100tw-84-14181 1
216 0 clueweb12-0200wb-21-08838 1
216 0 clueweb12-1203wb-55-17262 1
216 0 clueweb12-0100tw-64-07041 0
216 0 clueweb12-0800tw-35-12116 0
216 0 clueweb12-1902wb-29-31188 0
216 0 clueweb12-1715wb-34-02466 2
216 0 clueweb12-0100tw-41-19493 1
216 0 clueweb12-1003wb-20-00117 1
216 0 clueweb12-0304wb-88-18324 1
216 0 clueweb12-1808wb-63-06968 1
216 0 clueweb12-1102wb-43-04327 1
216 0 clueweb12-1206wb-47-15375 1
216 0 clueweb12-1018wb-32-12008 2
216 0 clueweb12-0100tw-68-10731 3
216 0 clueweb12-0403wb-82-03795 1
216 0 clueweb12-0200tw-27-20399 3
216 0 clueweb12-0200tw-24-06923 0
216 0 clueweb12-1800tw-28-01536 0
216 0 clueweb12-0900tw-03-03112 0
216 0 clueweb12-0200tw-27-20400 3
216 0 clueweb12-1602wb-45-12798 1
216 0 clueweb12-1303wb-69-20174 2
217 0 clueweb12-0001wb-15-09071 2
217 0 clueweb12-1415wb-49-10447 1
217 0 clueweb12-1600tw-36-10490 0
217 0 clueweb12-0717wb-19-10395 2
217 0 clueweb12-0808wb-66-13058 2
217 0 clueweb12-0810wb-65-27089 0
217 0 clueweb12-0410wb-48-25408 1
217 0 clueweb12-0905wb-55-18536 2
217 0 clueweb12-1020wb-46-21673 2
217 0 clueweb12-0001wb-15-09072 1
217 0 clueweb12-1516wb-65-10683 1
217 0 clueweb12-1414wb-87-14894 1
217 0 clueweb12-0001wb-15-09068 0
217 0 clueweb12-1516wb-65-10679 1
217 0 clueweb12-0000wb-91-20312 1
217 0 clueweb12-1900tw-06-01927 0
217 0 clueweb12-0400wb-77-06797 0
217 0 clueweb12-1516wb-70-03334 1
217 0 clueweb12-1516wb-70-03335 1
217 0 clueweb12-1516wb-68-15312 1
217 0 clueweb12-1516wb-68-15315 1
217 0 clueweb12-1516wb-71-27774 1
217 0 clueweb12-1516wb-68-15313 1
217 0 clueweb12-1516wb-68-15314 1
217 0 clueweb12-1516wb-68-15311 1
217 0 clueweb12-1516wb-71-27773 1
217 0 clueweb12-1800tw-12-00475 0
217 0 clueweb12-1500wb-79-25758 1
217 0 clueweb12-1616wb-50-35567 2
217 0 clueweb12-1415wb-49-10446 1
217 0 clueweb12-1402wb-97-04622 2
217 0 clueweb12-1516wb-63-18693 0
217 0 clueweb12-1800tw-47-15309 0
217 0 clueweb12-0004wb-74-29606 1
217 0 clueweb12-1800tw-49-09656 0
217 0 clueweb12-1017wb-41-20031 0
217 0 clueweb12-1516wb-63-18686 1
217 0 clueweb12-0503wb-78-04314 2
217 0 clueweb12-1800tw-26-20085 1
217 0 clueweb12-1800tw-01-01522 1
217 0 clueweb12-0700wb-00-08460 0
217 0 clueweb12-1700tw-16-18413 2
217 0 clueweb12-1415wb-32-16351 1
217 0 clueweb12-0007wb-14-06856 0
217 0 clueweb12-1516wb-63-18687 1
217 0 clueweb12-1415wb-59-13544 2
217 0 clueweb12-0001wb-30-29101 2
217 0 clueweb12-1505wb-87-17474 2
217 0 clueweb12-0309wb-15-16132 2
217 0 clueweb12-1802wb-09-11444 2
218 0 clueweb12-0211wb-66-01709 1
218 0 clueweb12-0707wb-41-00907 0
218 0 clueweb12-1000tw-57-05863 1
218 0 clueweb12-0707wb-41-00919 1
218 0 clueweb12-0707wb-41-00932 1
218 0 clueweb12-0707wb-41-00921 0
218 0 clueweb12-0707wb-41-00914 1
218 0 clueweb12-0707wb-41-00928 1
218 0 clueweb12-0707wb-85-25301 1
218 0 clueweb12-0707wb-85-25302 1
218 0 clueweb12-0707wb-41-00910 1
218 0 clueweb12-0707wb-41-00929 1
218 0 clueweb12-0209wb-21-25159 0
218 0 clueweb12-0707wb-41-00923 1
218 0 clueweb12-0706wb-41-13564 0
218 0 clueweb12-1608wb-31-20083 0
218 0 clueweb12-1118wb-74-18804 0
218 0 clueweb12-0111wb-94-04293 1
218 0 clueweb12-0305wb-94-19297 1
218 0 clueweb12-0305wb-01-12931 0
218 0 clueweb12-0705wb-13-11104 1
218 0 clueweb12-0709wb-23-10068 1
218 0 clueweb12-1202wb-25-28106 1
218 0 clueweb12-0708wb-75-26661 0
218 0 clueweb12-0204wb-36-23183 2
218 0 clueweb12-0305wb-17-20504 1
218 0 clueweb12-0203wb-33-19813 1
218 0 clueweb12-0107wb-21-14545 0
218 0 clueweb12-0304wb-06-19291 0
218 0 clueweb12-1108wb-48-00920 0
218 0 clueweb12-1810wb-63-15008 1
218 0 clueweb12-1312wb-93-04118 0
218 0 clueweb12-0703wb-91-32355 0
218 0 clueweb12-1909wb-14-30954 0
218 0 clueweb12-1311wb-28-11930 2
218 0 clueweb12-0807wb-52-26242 1
218 0 clueweb12-0602wb-19-22288 0
218 0 clueweb12-1112wb-16-10458 0
218 0 clueweb12-0707wb-41-00916 1
218 0 clueweb12-0810wb-90-19471 1
218 0 clueweb12-0705wb-87-16777 1
218 0 clueweb12-0704wb-65-14960 0
218 0 clueweb12-0705wb-13-11107 0
218 0 clueweb12-0810wb-94-19281 1
218 0 clueweb12-0810wb-90-19472 1
218 0 clueweb12-0209wb-58-00006 1
218 0 clueweb12-0810wb-76-05766 1
218 0 clueweb12-0305wb-94-19293 0
218 0 clueweb12-0709wb-77-15669 1
218 0 clueweb12-1312wb-91-22789 1
219 0 clueweb12-0105wb-75-26744 0
219 0 clueweb12-0200tw-45-10914 1
219 0 clueweb12-1006wb-74-08032 0
219 0 clueweb12-0007wb-78-19658 1
219 0 clueweb12-0200wb-40-09993 0
219 0 clueweb12-1100wb-40-13331 0
219 0 clueweb12-1608wb-32-10837 0
219 0 clueweb12-1101wb-28-00269 0
219 0 clueweb12-0108wb-54-18066 0
219 0 clueweb12-0309wb-70-16823 0
219 0 clueweb12-1311wb-75-24606 0
219 0 clueweb12-0004wb-72-01016 1
219 0 clueweb12-0011wb-83-14123 0
219 0 clueweb12-0608wb-77-14171 1
219 0 clueweb12-1310wb-27-19919 0
219 0 clueweb12-0412wb-25-08674 0
219 0 clueweb12-0505wb-80-10786 0
219 0 clueweb12-0505wb-65-12071 0
219 0 clueweb12-1909wb-96-12692 1
219 0 clueweb12-0311wb-79-06656 0
219 0 clueweb12-1200tw-94-11718 0
219 0 clueweb12-1019wb-26-06956 0
219 0 clueweb12-1901wb-73-12130 0
219 0 clueweb12-1311wb-42-21724 0
219 0 clueweb12-0004wb-75-00395 1
219 0 clueweb12-0106wb-60-20442 1
219 0 clueweb12-0110wb-37-15571 0
219 0 clueweb12-0309wb-55-19982 0
219 0 clueweb12-0003wb-49-19619 2
219 0 clueweb12-0506wb-23-26802 1
219 0 clueweb12-0108wb-28-02852 0
219 0 clueweb12-1311wb-08-31377 0
219 0 clueweb12-0304wb-33-34187 1
219 0 clueweb12-0108wb-54-18064 0
219 0 clueweb12-1312wb-51-07790 0
219 0 clueweb12-0302wb-52-06413 0
219 0 clueweb12-0109wb-30-01559 0
219 0 clueweb12-0606wb-72-23112 0
219 0 clueweb12-0505wb-23-27561 0
219 0 clueweb12-1311wb-18-16185 0
219 0 clueweb12-1208wb-59-20863 0
219 0 clueweb12-0502wb-84-30115 0
219 0 clueweb12-0109wb-83-23351 0
219 0 clueweb12-0701wb-49-17573 0
219 0 clueweb12-0408wb-40-11149 0
219 0 clueweb12-1309wb-93-21334 0
219 0 clueweb12-0110wb-55-28808 0
219 0 clueweb12-0109wb-45-27283 0
219 0 clueweb12-0301wb-19-21297 0
219 0 clueweb12-0301wb-10-04583 0
220 0 clueweb12-1300tw-89-06933 0
220 0 clueweb12-1800tw-56-10639 1
220 0 clueweb12-0304wb-98-30497 0
220 0 clueweb12-1210wb-69-13476 1
220 0 clueweb12-1616wb-21-09524 2
220 0 clueweb12-0501wb-18-19582 3
220 0 clueweb12-0211wb-75-27069 2
220 0 clueweb12-0812wb-29-03518 0
220 0 clueweb12-1409wb-14-13857 0
220 0 clueweb12-0400wb-23-06919 0
220 0 clueweb12-1300tw-39-19917 0
220 0 clueweb12-0818wb-58-22921 1
220 0 clueweb12-0211wb-08-05415 0
220 0 clueweb12-0506wb-69-05091 0
220 0 clueweb12-1312wb-57-22383 2
220 0 clueweb12-0500tw-19-15981 2
220 0 clueweb12-1806wb-88-21442 0
220 0 clueweb12-1310wb-29-01699 1
220 0 clueweb12-0211wb-00-05815 0
220 0 clueweb12-0308wb-38-31731 2
220 0 clueweb12-0308wb-87-08899 0
220 0 clueweb12-0211wb-00-05809 0
220 0 clueweb12-0305wb-21-26356 0
220 0 clueweb12-0706wb-76-08216 0
220 0 clueweb12-0603wb-60-33443 0
220 0 clueweb12-1413wb-22-08411 0
220 0 clueweb12-0210wb-33-03426 0
220 0 clueweb12-0900tw-39-00602 -2
220 0 clueweb12-0604wb-86-13627 0
220 0 clueweb12-0605wb-05-12240 0
220 0 clueweb12-0605wb-05-12246 0
220 0 clueweb12-0605wb-18-31496 0
220 0 clueweb12-0605wb-59-17576 1
220 0 clueweb12-0818wb-29-18572 1
220 0 clueweb12-0013wb-16-09240 1
220 0 clueweb12-1810wb-29-19310 0
220 0 clueweb12-1413wb-39-13405 0
220 0 clueweb12-1312wb-31-13403 0
220 0 clueweb12-0500tw-30-15775 0
220 0 clueweb12-1312wb-31-13402 0
220 0 clueweb12-1413wb-22-08407 0
220 0 clueweb12-0706wb-31-33033 0
220 0 clueweb12-0305wb-78-16055 0
220 0 clueweb12-0706wb-54-29183 0
220 0 clueweb12-0013wb-02-05921 1
220 0 clueweb12-0208wb-83-11015 0
220 0 clueweb12-0706wb-45-05997 0
220 0 clueweb12-0001wb-39-03579 0
220 0 clueweb12-1413wb-22-08415 0
220 0 clueweb12-0706wb-54-29174 0
221 0 clueweb12-1615wb-92-14872 2
221 0 clueweb12-0712wb-24-17553 1
221 0 clueweb12-0101wb-06-30496 0
221 0 clueweb12-1700wb-57-04219 2
221 0 clueweb12-0402wb-91-33148 1
221 0 clueweb12-0907wb-40-04078 3
221 0 clueweb12-1907wb-04-23627 2
221 0 clueweb12-0102wb-31-05031 1
221 0 clueweb12-0102wb-40-11564 1
221 0 clueweb12-0201wb-52-05234 1
221 0 clueweb12-0100wb-91-16022 1
221 0 clueweb12-0101wb-25-05852 0
221 0 clueweb12-0013wb-83-02045 2
221 0 clueweb12-1508wb-36-32004 0
221 0 clueweb12-0012wb-89-10464 1
221 0 clueweb12-0100tw-14-12046 2
221 0 clueweb12-0011wb-37-04896 1
221 0 clueweb12-0110wb-90-26914 1
221 0 clueweb12-1615wb-09-21886 2
221 0 clueweb12-0405wb-96-24661 1
221 0 clueweb12-0011wb-44-10471 1
221 0 clueweb12-0401wb-17-18990 1
221 0 clueweb12-1804wb-62-01680 2
221 0 clueweb12-1101tw-01-13761 2
221 0 clueweb12-0009wb-63-27893 2
221 0 clueweb12-0012wb-65-04019 0
221 0 clueweb12-1804wb-55-05688 1
221 0 clueweb12-0102wb-40-11562 0
221 0 clueweb12-0101wb-82-10173 0
221 0 clueweb12-0403wb-33-06684 1
221 0 clueweb12-0012wb-07-07681 1
221 0 clueweb12-0101wb-75-09465 1
221 0 clueweb12-0406wb-28-08184 1
221 0 clueweb12-1305wb-36-04835 1
221 0 clueweb12-0100wb-40-02406 1
221 0 clueweb12-0102wb-02-09029 1
221 0 clueweb12-0102wb-05-32110 1
221 0 clueweb12-0101wb-14-06110 0
221 0 clueweb12-0102wb-22-02776 1
221 0 clueweb12-0101wb-14-06119 0
221 0 clueweb12-1117wb-30-08164 1
221 0 clueweb12-1111wb-57-39367 0
221 0 clueweb12-0011wb-37-04895 1
221 0 clueweb12-0100wb-35-25359 1
221 0 clueweb12-0012wb-07-07679 1
221 0 clueweb12-0013wb-43-12760 1
221 0 clueweb12-0405wb-73-02915 1
221 0 clueweb12-1802wb-02-15537 1
221 0 clueweb12-0204wb-16-05427 1
221 0 clueweb12-0201wb-52-05242 1
222 0 clueweb12-1507wb-15-22992 0
222 0 clueweb12-0202wb-19-12239 1
222 0 clueweb12-0004wb-51-14619 0
222 0 clueweb12-0202wb-19-12240 1
222 0 clueweb12-0004wb-63-30327 3
222 0 clueweb12-1300wb-33-07657 0
222 0 clueweb12-1300wb-33-07658 3
222 0 clueweb12-0201wb-49-16115 1
222 0 clueweb12-0207wb-79-35278 2
222 0 clueweb12-0004wb-16-11977 1
222 0 clueweb12-0207wb-90-06374 2
222 0 clueweb12-1509wb-04-14414 0
222 0 clueweb12-0818wb-59-22475 1
222 0 clueweb12-0207wb-49-12883 3
222 0 clueweb12-1218wb-42-19653 1
222 0 clueweb12-0209wb-21-33965 0
222 0 clueweb12-0207wb-90-06373 2
222 0 clueweb12-1905wb-35-29153 2
222 0 clueweb12-0202wb-19-12236 1
222 0 clueweb12-1107wb-62-07587 0
222 0 clueweb12-0202wb-12-10652 1
222 0 clueweb12-0711wb-66-03349 2
222 0 clueweb12-1300wb-02-21842 2
222 0 clueweb12-0004wb-51-14622 0
222 0 clueweb12-0004wb-51-14623 0
222 0 clueweb12-0004wb-13-21935 0
222 0 clueweb12-0004wb-51-14621 0
222 0 clueweb12-0711wb-77-21957 0
222 0 clueweb12-1300wb-33-07660 0
222 0 clueweb12-0202wb-12-10654 0
222 0 clueweb12-0004wb-51-14620 0
222 0 clueweb12-1300wb-33-07659 1
222 0 clueweb12-1300wb-33-07662 1
222 0 clueweb12-0300wb-17-16598 0
222 0 clueweb12-1507wb-22-18424 1
222 0 clueweb12-1107wb-64-02277 0
222 0 clueweb12-0004wb-51-14624 1
222 0 clueweb12-0209wb-38-21143 0
222 0 clueweb12-0202wb-81-02847 0
222 0 clueweb12-1600tw-36-04312 0
222 0 clueweb12-0610wb-28-10596 0
222 0 clueweb12-1014wb-64-19735 0
222 0 clueweb12-0001wb-64-12104 0
222 0 clueweb12-1513wb-98-01944 0
222 0 clueweb12-0103wb-59-17107 0
222 0 clueweb12-0202wb-28-00754 0
222 0 clueweb12-0209wb-66-05209 2
222 0 clueweb12-0202wb-46-21923 0
222 0 clueweb12-1602wb-08-03676 0
222 0 clueweb12-1513wb-89-27026 1
223 0 clueweb12-0112wb-09-15320 2
223 0 clueweb12-0005wb-40-27730 1
223 0 clueweb12-0008wb-76-24973 1
223 0 clueweb12-0008wb-76-24974 1
223 0 clueweb12-1912wb-55-28701 1
223 0 clueweb12-0603wb-64-22741 1
223 0 clueweb12-0309wb-64-31123 1
223 0 clueweb12-0301wb-93-06650 2
223 0 clueweb12-0301wb-58-14751 2
223 0 clueweb12-0806wb-76-18849 0
223 0 clueweb12-0004wb-91-21580 1
223 0 clueweb12-1301wb-61-29311 1
223 0 clueweb12-0601wb-98-19025 0
223 0 clueweb12-0004wb-65-13594 1
223 0 clueweb12-0004wb-75-20276 0
223 0 clueweb12-1501wb-66-15114 1
223 0 clueweb12-0507wb-20-07675 1
223 0 clueweb12-0806wb-80-21139 0
223 0 clueweb12-1701wb-48-12063 1
223 0 clueweb12-1200tw-38-06894 1
223 0 clueweb12-0400wb-69-12707 1
223 0 clueweb12-1705wb-55-00149 1
223 0 clueweb12-1504wb-65-02511 0
223 0 clueweb12-0008wb-31-13486 2
223 0 clueweb12-1106wb-13-11604 1
223 0 clueweb12-0808wb-06-17777 2
223 0 clueweb12-1108wb-29-18041 0
223 0 clueweb12-0111wb-27-13116 1
223 0 clueweb12-0008wb-76-24972 1
223 0 clueweb12-1105wb-11-39883 4
223 0 clueweb12-1002wb-26-19262 1
223 0 clueweb12-0006wb-46-09724 1
223 0 clueweb12-1301wb-61-29313 1
223 0 clueweb12-1208wb-49-15942 1
223 0 clueweb12-0003wb-47-03854 3
223 0 clueweb12-0106wb-03-06403 0
223 0 clueweb12-0011wb-02-18988 2
223 0 clueweb12-1803wb-69-18898 2
223 0 clueweb12-0005wb-51-32229 1
223 0 clueweb12-0705wb-72-02343 1
223 0 clueweb12-0105wb-24-29838 0
223 0 clueweb12-0201wb-23-01936 1
223 0 clueweb12-1403wb-30-18336 2
223 0 clueweb12-0407wb-14-07610 1
223 0 clueweb12-0303wb-55-27966 2
223 0 clueweb12-0201wb-80-29650 0
223 0 clueweb12-0916wb-36-10598 1
223 0 clueweb12-0205wb-73-31176 0
223 0 clueweb12-0507wb-77-20594 1
223 0 clueweb12-1309wb-36-27404 2
224 0 clueweb12-0300wb-11-17868 0
224 0 clueweb12-0207wb-39-23141 0
224 0 clueweb12-0202wb-06-30534 0
224 0 clueweb12-0612wb-82-15790 0
224 0 clueweb12-1913wb-33-10036 0
224 0 clueweb12-0300wb-11-17869 0
224 0 clueweb12-0300wb-11-17867 0
224 0 clueweb12-0300wb-21-30539 0
224 0 clueweb12-0306wb-09-13171 0
224 0 clueweb12-0300wb-21-30540 0
224 0 clueweb12-0306wb-05-25055 0
224 0 clueweb12-0003wb-37-01652 0
224 0 clueweb12-1808wb-41-17832 0
224 0 clueweb12-0001wb-60-01163 0
224 0 clueweb12-0907wb-41-24487 2
224 0 clueweb12-1508wb-14-26698 0
224 0 clueweb12-0301tw-22-13012 1
224 0 clueweb12-0003wb-28-12200 0
224 0 clueweb12-1401wb-06-15735 2
224 0 clueweb12-0010wb-17-02773 0
224 0 clueweb12-0003wb-28-12201 0
224 0 clueweb12-0300tw-34-04457 0
224 0 clueweb12-0300tw-32-11297 0
224 0 clueweb12-1503wb-61-15240 0
224 0 clueweb12-0003wb-35-00332 1
224 0 clueweb12-1200tw-79-17196 2
224 0 clueweb12-1310wb-57-00493 2
224 0 clueweb12-1903wb-59-03108 0
224 0 clueweb12-1216wb-76-19957 2
224 0 clueweb12-1701wb-26-16920 0
224 0 clueweb12-0102wb-00-11916 0
224 0 clueweb12-0301wb-67-01245 0
224 0 clueweb12-1503wb-82-15030 0
224 0 clueweb12-1019wb-62-02280 1
224 0 clueweb12-0300wb-04-25495 0
224 0 clueweb12-1504wb-87-23052 2
224 0 clueweb12-0914wb-17-16719 2
224 0 clueweb12-0205wb-23-30937 0
224 0 clueweb12-0608wb-62-01092 0
224 0 clueweb12-0914wb-54-20971 0
224 0 clueweb12-0310wb-67-10754 0
224 0 clueweb12-0800tw-47-10441 0
224 0 clueweb12-0909wb-22-10051 0
224 0 clueweb12-1104wb-00-22603 0
224 0 clueweb12-0003wb-09-27105 0
224 0 clueweb12-0800tw-43-07410 0
224 0 clueweb12-0916wb-12-00556 0
224 0 clueweb12-1612wb-01-23882 0
224 0 clueweb12-0400wb-81-11776 0
224 0 clueweb12-0711wb-29-03021 0
225 0 clueweb12-0300wb-69-15658 0
225 0 clueweb12-0108wb-12-21295 0
225 0 clueweb12-1807wb-65-13301 0
225 0 clueweb12-0009wb-22-18200 0
225 0 clueweb12-1808wb-69-24228 0
225 0 clueweb12-0205wb-75-05856 0
225 0 clueweb12-0101wb-44-21854 0
225 0 clueweb12-0205wb-75-05854 0
225 0 clueweb12-1901wb-47-03420 0
225 0 clueweb12-0205wb-75-05851 0
225 0 clueweb12-0205wb-67-05832 0
225 0 clueweb12-1901wb-28-22716 0
225 0 clueweb12-0205wb-67-05830 0
225 0 clueweb12-0205wb-58-07951 0
225 0 clueweb12-0602wb-88-25924 0
225 0 clueweb12-1301wb-60-25896 0
225 0 clueweb12-1103wb-48-10281 0
225 0 clueweb12-1908wb-44-27755 0
225 0 clueweb12-1901wb-47-03419 0
225 0 clueweb12-0203wb-77-11394 0
225 0 clueweb12-0210wb-36-22588 0
225 0 clueweb12-1810wb-48-25343 0
225 0 clueweb12-1314wb-29-06245 0
225 0 clueweb12-0602wb-07-01607 0
225 0 clueweb12-1102wb-32-19868 0
225 0 clueweb12-0205wb-75-05857 0
225 0 clueweb12-0105wb-41-06719 0
225 0 clueweb12-0205wb-75-05858 0
225 0 clueweb12-1809wb-95-00660 0
225 0 clueweb12-0200wb-33-10594 0
225 0 clueweb12-1907wb-84-18224 0
225 0 clueweb12-0510wb-26-16640 0
225 0 clueweb12-0817wb-30-36006 0
225 0 clueweb12-0511wb-81-24440 0
225 0 clueweb12-0908wb-12-09646 0
225 0 clueweb12-0200wb-14-31917 0
225 0 clueweb12-1807wb-14-16948 0
225 0 clueweb12-1313wb-87-14534 0
225 0 clueweb12-0205wb-75-05850 0
225 0 clueweb12-0205wb-75-05861 0
225 0 clueweb12-1808wb-80-09948 0
225 0 clueweb12-0112wb-13-28478 0
225 0 clueweb12-1507wb-05-15916 0
225 0 clueweb12-1100tw-32-18465 0
225 0 clueweb12-0002wb-71-08041 0
225 0 clueweb12-1101tw-12-18635 0
225 0 clueweb12-0102wb-14-05576 0
225 0 clueweb12-1104wb-60-21722 0
225 0 clueweb12-1000wb-88-15430 0
225 0 clueweb12-1907wb-41-24072 0
226 0 clueweb12-1308wb-38-21136 0
226 0 clueweb12-0300tw-40-16815 0
226 0 clueweb12-0310wb-79-28113 1
226 0 clueweb12-1411wb-48-07109 0
226 0 clueweb12-0912wb-70-01711 0
226 0 clueweb12-0306wb-66-13565 0
226 0 clueweb12-1106wb-27-21835 0
226 0 clueweb12-0800wb-11-19838 0
226 0 clueweb12-0902wb-47-22976 0
226 0 clueweb12-0804wb-50-12254 0
226 0 clueweb12-0804wb-50-12265 0
226 0 clueweb12-0804wb-50-12264 0
226 0 clueweb12-0804wb-50-12266 0
226 0 clueweb12-0804wb-50-12257 0
226 0 clueweb12-0800wb-99-03519 0
226 0 clueweb12-0804wb-50-12259 0
226 0 clueweb12-0804wb-50-12262 0
226 0 clueweb12-0200wb-64-04867 0
226 0 clueweb12-0300wb-31-31373 0
226 0 clueweb12-0804wb-50-12260 0
226 0 clueweb12-0100wb-51-02530 0
226 0 clueweb12-0804wb-50-12258 0
226 0 clueweb12-0804wb-50-12267 0
226 0 clueweb12-0804wb-50-12261 0
226 0 clueweb12-0804wb-50-12268 0
226 0 clueweb12-0208wb-57-20962 0
226 0 clueweb12-0809wb-23-14651 0
226 0 clueweb12-0804wb-50-12263 0
226 0 clueweb12-0809wb-32-13615 0
226 0 clueweb12-1409wb-79-04987 0
226 0 clueweb12-0809wb-32-13616 0
226 0 clueweb12-0809wb-23-14650 0
226 0 clueweb12-0809wb-32-13619 0
226 0 clueweb12-1311wb-95-08290 0
226 0 clueweb12-0809wb-32-13617 0
226 0 clueweb12-1311wb-84-19663 0
226 0 clueweb12-1311wb-84-19664 0
226 0 clueweb12-1316wb-35-08230 0
226 0 clueweb12-1311wb-92-14206 0
226 0 clueweb12-0809wb-32-13618 0
226 0 clueweb12-0204wb-05-07451 0
226 0 clueweb12-0908wb-17-17923 2
226 0 clueweb12-0002wb-58-21779 0
226 0 clueweb12-1312wb-03-02570 0
226 0 clueweb12-1311wb-92-14207 0
226 0 clueweb12-0808wb-28-15054 0
226 0 clueweb12-0808wb-28-15057 0
226 0 clueweb12-0100wb-28-00798 0
226 0 clueweb12-0809wb-32-13620 0
226 0 clueweb12-1910wb-65-05320 0
227 0 clueweb12-0604wb-06-29881 0
227 0 clueweb12-1514wb-69-25683 0
227 0 clueweb12-1017wb-85-16663 0
227 0 clueweb12-0907wb-41-26032 0
227 0 clueweb12-1910wb-69-25447 2
227 0 clueweb12-1800wb-05-27239 3
227 0 clueweb12-1910wb-69-25451 0
227 0 clueweb12-1616wb-31-05235 0
227 0 clueweb12-1616wb-31-05236 0
227 0 clueweb12-1616wb-00-20335 0
227 0 clueweb12-0905wb-50-09866 0
227 0 clueweb12-0818wb-13-07903 0
227 0 clueweb12-0902wb-71-00004 0
227 0 clueweb12-1215wb-30-23164 0
227 0 clueweb12-0203wb-23-02468 0
227 0 clueweb12-0610wb-19-27091 1
227 0 clueweb12-1606wb-37-31264 3
227 0 clueweb12-0605wb-76-13008 0
227 0 clueweb12-1905wb-44-08158 0
227 0 clueweb12-1400tw-38-08192 0
227 0 clueweb12-0506wb-77-11987 0
227 0 clueweb12-0011wb-37-19347 1
227 0 clueweb12-0610wb-74-19886 3
227 0 clueweb12-0503wb-78-10706 0
227 0 clueweb12-0914wb-14-13746 1
227 0 clueweb12-0400wb-45-19923 3
227 0 clueweb12-0205wb-37-30325 0
227 0 clueweb12-0409wb-70-14679 0
227 0 clueweb12-0716wb-90-17770 3
227 0 clueweb12-0601wb-40-07774 1
227 0 clueweb12-0010wb-78-08785 3
227 0 clueweb12-0407wb-03-05726 4
227 0 clueweb12-0506wb-58-05042 2
227 0 clueweb12-0700tw-49-14191 2
227 0 clueweb12-0304wb-90-24747 1
227 0 clueweb12-0103wb-10-24892 0
227 0 clueweb12-0612wb-66-17397 3
227 0 clueweb12-0503wb-26-03483 2
227 0 clueweb12-0706wb-05-00394 3
227 0 clueweb12-1904wb-83-19328 0
227 0 clueweb12-0507wb-32-02937 3
227 0 clueweb12-0400wb-61-15218 2
227 0 clueweb12-1205wb-61-29293 0
227 0 clueweb12-0211wb-67-18399 0
227 0 clueweb12-0507wb-65-04011 3
227 0 clueweb12-1802wb-90-16815 3
227 0 clueweb12-1315wb-43-13356 0
227 0 clueweb12-0005wb-02-15778 2
227 0 clueweb12-0004wb-70-22993 3
227 0 clueweb12-0105wb-22-18066 1
228 0 clueweb12-0811wb-49-03047 1
228 0 clueweb12-0004wb-00-05370 3
228 0 clueweb12-0010wb-02-02542 1
228 0 clueweb12-0011wb-43-27009 2
228 0 clueweb12-0405wb-88-23313 0
228 0 clueweb12-0011wb-43-27011 0
228 0 clueweb12-0101wb-21-07873 0
228 0 clueweb12-0001wb-36-24975 3
228 0 clueweb12-0311wb-35-21643 2
228 0 clueweb12-0808wb-66-06938 0
228 0 clueweb12-0100wb-01-28176 1
228 0 clueweb12-0406wb-03-17724 0
228 0 clueweb12-0109wb-39-22383 0
228 0 clueweb12-0010wb-45-30308 1
228 0 clueweb12-0811wb-94-14868 0
228 0 clueweb12-0406wb-03-17717 0
228 0 clueweb12-0000wb-31-12525 1
228 0 clueweb12-0411wb-33-32872 2
228 0 clueweb12-0011wb-90-25174 0
228 0 clueweb12-0311wb-78-00436 1
228 0 clueweb12-0406wb-75-00326 1
228 0 clueweb12-0100wb-01-28175 0
228 0 clueweb12-1209wb-30-29840 2
228 0 clueweb12-0206wb-01-20109 0
228 0 clueweb12-0011wb-03-24728 1
228 0 clueweb12-0814wb-00-23697 0
228 0 clueweb12-0013wb-11-03834 0
228 0 clueweb12-1412wb-82-15413 1
228 0 clueweb12-0703wb-71-36459 0
228 0 clueweb12-0012wb-00-13703 0
228 0 clueweb12-0100wb-01-28174 0
228 0 clueweb12-1004wb-85-29908 1
228 0 clueweb12-0404wb-73-09823 1
228 0 clueweb12-0811wb-67-21534 0
228 0 clueweb12-1716wb-60-23030 0
228 0 clueweb12-0004wb-00-05366 0
228 0 clueweb12-0312wb-01-13322 0
228 0 clueweb12-0011wb-70-28216 0
228 0 clueweb12-0812wb-25-02727 0
228 0 clueweb12-0812wb-08-04448 0
228 0 clueweb12-1716wb-17-17352 1
228 0 clueweb12-0001wb-36-24973 0
228 0 clueweb12-0010wb-58-19756 0
228 0 clueweb12-0406wb-03-17715 0
228 0 clueweb12-0401wb-70-27800 1
228 0 clueweb12-0002wb-08-31066 2
228 0 clueweb12-1410wb-17-13565 2
228 0 clueweb12-0400wb-20-03385 0
228 0 clueweb12-0011wb-90-25175 1
228 0 clueweb12-0400wb-49-24894 0
229 0 clueweb12-0406wb-22-14491 2
229 0 clueweb12-0405wb-36-10191 2
229 0 clueweb12-0609wb-94-15043 2
229 0 clueweb12-0308wb-84-04362 2
229 0 clueweb12-0402wb-82-29973 2
229 0 clueweb12-1706wb-83-06642 2
229 0 clueweb12-0101wb-13-16435 2
229 0 clueweb12-0004wb-65-08665 2
229 0 clueweb12-0005wb-19-26046 2
229 0 clueweb12-0403wb-26-29765 2
229 0 clueweb12-1806wb-73-13059 -2
229 0 clueweb12-0003wb-49-13928 2
229 0 clueweb12-0106wb-44-10167 2
229 0 clueweb12-1809wb-54-26305 2
229 0 clueweb12-0006wb-01-05158 2
229 0 clueweb12-1315wb-36-18498 0
229 0 clueweb12-0012wb-13-05348 0
229 0 clueweb12-0004wb-26-01495 0
229 0 clueweb12-1500tw-13-09202 2
229 0 clueweb12-0405wb-25-09696 0
229 0 clueweb12-0003wb-90-34304 0
229 0 clueweb12-1705wb-45-23371 2
229 0 clueweb12-1012wb-59-11173 0
229 0 clueweb12-0312wb-23-07858 0
229 0 clueweb12-1309wb-81-20486 0
229 0 clueweb12-0004wb-13-14554 2
229 0 clueweb12-1805wb-82-12999 0
229 0 clueweb12-0407wb-41-18619 0
229 0 clueweb12-1315wb-44-33409 0
229 0 clueweb12-0000wb-02-12892 0
229 0 clueweb12-1408wb-44-14692 0
229 0 clueweb12-1902wb-86-26882 0
229 0 clueweb12-1012wb-47-17508 0
229 0 clueweb12-0007wb-97-19131 0
229 0 clueweb12-0309wb-23-28527 0
229 0 clueweb12-1807wb-56-12400 0
229 0 clueweb12-0312wb-23-07857 0
229 0 clueweb12-0002wb-19-03605 0
229 0 clueweb12-0006wb-79-30605 0
229 0 clueweb12-1806wb-73-13054 0
229 0 clueweb12-1315wb-43-13992 0
229 0 clueweb12-0010wb-59-01452 0
229 0 clueweb12-1501wb-97-22314 2
229 0 clueweb12-0005wb-14-17951 0
229 0 clueweb12-1215wb-80-28198 0
229 0 clueweb12-1912wb-85-07071 2
229 0 clueweb12-0406wb-33-24478 2
229 0 clueweb12-1014wb-45-07399 2
229 0 clueweb12-0100wb-63-20641 1
229 0 clueweb12-1604wb-56-21849 0
230 0 clueweb12-0906wb-64-10582 0
230 0 clueweb12-0012wb-72-20261 2
230 0 clueweb12-0910wb-42-16381 1
230 0 clueweb12-1807wb-23-04610 1
230 0 clueweb12-1910wb-76-11971 0
230 0 clueweb12-0000wb-53-08504 1
230 0 clueweb12-0910wb-42-16372 1
230 0 clueweb12-1000tw-68-11998 2
230 0 clueweb12-0910wb-42-16374 1
230 0 clueweb12-0412wb-23-03565 0
230 0 clueweb12-1200tw-49-09328 0
230 0 clueweb12-1806wb-10-13236 0
230 0 clueweb12-1200tw-84-13507 0
230 0 clueweb12-1200tw-47-05335 0
230 0 clueweb12-1800tw-29-00173 1
230 0 clueweb12-1415wb-74-08061 2
230 0 clueweb12-1500tw-87-00084 0
230 0 clueweb12-1200tw-61-06265 0
230 0 clueweb12-0301tw-20-13994 1
230 0 clueweb12-1415wb-64-10843 1
230 0 clueweb12-1108wb-60-06001 0
230 0 clueweb12-1803wb-38-14664 0
230 0 clueweb12-1909wb-38-08255 0
230 0 clueweb12-0706wb-55-33323 0
230 0 clueweb12-1900tw-06-01973 1
230 0 clueweb12-1900tw-18-07806 1
230 0 clueweb12-1800tw-53-02586 1
230 0 clueweb12-0208wb-53-05628 1
230 0 clueweb12-0300tw-38-01117 0
230 0 clueweb12-0712wb-21-07595 1
230 0 clueweb12-1500tw-87-00085 0
230 0 clueweb12-1200tw-37-10025 0
230 0 clueweb12-0209wb-72-10280 0
230 0 clueweb12-1804wb-00-27745 0
230 0 clueweb12-0307wb-86-23656 1
230 0 clueweb12-1200tw-75-04591 1
230 0 clueweb12-1504wb-42-08892 1
230 0 clueweb12-1714wb-21-23241 0
230 0 clueweb12-1500tw-07-09849 1
230 0 clueweb12-0500wb-39-06450 0
230 0 clueweb12-0816wb-95-07919 0
230 0 clueweb12-0000wb-11-25079 1
230 0 clueweb12-0500wb-10-21810 1
230 0 clueweb12-0910wb-64-11451 1
230 0 clueweb12-0403wb-79-04141 0
230 0 clueweb12-0901wb-71-15921 0
230 0 clueweb12-1400tw-39-04011 0
230 0 clueweb12-0301tw-10-13712 0
230 0 clueweb12-1106wb-62-04647 0
230 0 clueweb12-0005wb-87-27465 0
231 0 clueweb12-1704wb-46-25975 3
231 0 clueweb12-0807wb-03-19968 1
231 0 clueweb12-0002wb-83-18014 3
231 0 clueweb12-0005wb-04-17026 1
231 0 clueweb12-0805wb-41-18217 1
231 0 clueweb12-0000wb-66-01364 1
231 0 clueweb12-0805wb-41-18204 1
231 0 clueweb12-1714wb-53-10573 2
231 0 clueweb12-0805wb-69-11539 1
231 0 clueweb12-1300tw-25-16656 1
231 0 clueweb12-0108wb-52-04663 1
231 0 clueweb12-1708wb-23-06282 0
231 0 clueweb12-0502wb-42-20107 1
231 0 clueweb12-1108wb-17-15138 0
231 0 clueweb12-0806wb-79-11440 1
231 0 clueweb12-0710wb-77-02391 0
231 0 clueweb12-1610wb-39-28688 0
231 0 clueweb12-1000wb-47-10752 0
231 0 clueweb12-1107wb-86-17014 0
231 0 clueweb12-0805wb-08-08122 1
231 0 clueweb12-0919wb-54-02240 1
231 0 clueweb12-0805wb-88-04110 0
231 0 clueweb12-0204wb-56-16464 1
231 0 clueweb12-0800tw-21-13899 0
231 0 clueweb12-0908wb-42-10762 0
231 0 clueweb12-1004wb-52-18336 1
231 0 clueweb12-0805wb-08-08119 1
231 0 clueweb12-0106wb-91-14438 1
231 0 clueweb12-1001wb-53-08450 1
231 0 clueweb12-0008wb-59-15189 3
231 0 clueweb12-0111wb-42-29523 1
231 0 clueweb12-1802wb-99-13952 1
231 0 clueweb12-0610wb-71-16113 0
231 0 clueweb12-0112wb-15-28657 1
231 0 clueweb12-1904wb-47-15122 0
231 0 clueweb12-0907wb-40-09682 0
231 0 clueweb12-0307wb-49-10722 1
231 0 clueweb12-0908wb-26-18062 0
231 0 clueweb12-1605wb-91-08278 0
231 0 clueweb12-0108wb-64-29710 1
231 0 clueweb12-1005wb-30-23474 0
231 0 clueweb12-1604wb-79-01913 0
231 0 clueweb12-1001wb-46-01865 1
231 0 clueweb12-1707wb-19-13500 0
231 0 clueweb12-0904wb-51-28027 0
231 0 clueweb12-0807wb-11-00181 0
231 0 clueweb12-0906wb-25-12496 0
231 0 clueweb12-1002wb-99-02873 0
231 0 clueweb12-1301wb-75-00047 0
231 0 clueweb12-0916wb-25-04083 0
232 0 clueweb12-0204wb-91-33259 1
232 0 clueweb12-0100tw-72-22639 1
232 0 clueweb12-0408wb-77-25677 0
232 0 clueweb12-0403wb-48-30267 1
232 0 clueweb12-0403wb-41-13323 1
232 0 clueweb12-0914wb-78-19389 1
232 0 clueweb12-0204wb-19-19669 0
232 0 clueweb12-0602wb-77-21897 1
232 0 clueweb12-0204wb-13-18287 0
232 0 clueweb12-1806wb-37-05723 0
232 0 clueweb12-0211wb-38-20529 0
232 0 clueweb12-1706wb-81-27871 0
232 0 clueweb12-1707wb-06-09827 0
232 0 clueweb12-0106wb-17-03718 0
232 0 clueweb12-0203wb-19-16201 0
232 0 clueweb12-0606wb-55-16108 0
232 0 clueweb12-0307wb-19-27562 0
232 0 clueweb12-1707wb-89-16968 0
232 0 clueweb12-0817wb-32-34922 1
232 0 clueweb12-1012wb-60-16122 0
232 0 clueweb12-0507wb-51-15739 0
232 0 clueweb12-0803wb-04-15432 1
232 0 clueweb12-0004wb-05-07127 0
232 0 clueweb12-0915wb-45-07217 0
232 0 clueweb12-1414wb-67-06683 1
232 0 clueweb12-1514wb-74-29669 1
232 0 clueweb12-0009wb-05-01216 0
232 0 clueweb12-1300tw-01-13569 1
232 0 clueweb12-1707wb-48-22690 0
232 0 clueweb12-1707wb-97-04739 0
232 0 clueweb12-1707wb-63-04100 0
232 0 clueweb12-0210wb-92-04940 0
232 0 clueweb12-1212wb-60-17298 0
232 0 clueweb12-1706wb-81-27872 0
232 0 clueweb12-1807wb-79-15505 0
232 0 clueweb12-0817wb-25-11237 1
232 0 clueweb12-0914wb-78-19390 0
232 0 clueweb12-0913wb-33-02057 0
232 0 clueweb12-0601wb-47-17441 0
232 0 clueweb12-1514wb-77-22278 1
232 0 clueweb12-1703wb-43-26407 1
232 0 clueweb12-1514wb-74-29670 0
232 0 clueweb12-0304wb-08-10170 0
232 0 clueweb12-0610wb-51-18188 0
232 0 clueweb12-0007wb-78-07594 0
232 0 clueweb12-1703wb-32-04150 0
232 0 clueweb12-1707wb-19-07085 0
232 0 clueweb12-0511wb-33-09654 0
232 0 clueweb12-1201tw-00-02126 1
232 0 clueweb12-1101wb-83-14473 0
233 0 clueweb12-0411wb-10-17769 1
233 0 clueweb12-0012wb-81-27886 0
233 0 clueweb12-0111wb-51-09886 0
233 0 clueweb12-0201wb-01-20592 0
233 0 clueweb12-0112wb-46-15257 0
233 0 clueweb12-0200wb-27-17754 0
233 0 clueweb12-0111wb-76-07385 0
233 0 clueweb12-0101wb-40-28502 1
233 0 clueweb12-0110wb-24-28068 0
233 0 clueweb12-0111wb-07-31561 0
233 0 clueweb12-0503wb-00-32725 1
233 0 clueweb12-0109wb-76-16675 0
233 0 clueweb12-0200wb-90-06998 0
233 0 clueweb12-0905wb-99-00219 0
233 0 clueweb12-0908wb-42-24140 0
233 0 clueweb12-0013wb-38-22088 0
233 0 clueweb12-0110wb-39-26457 0
233 0 clueweb12-0111wb-22-11146 0
233 0 clueweb12-0200wb-63-24459 0
233 0 clueweb12-0200wb-78-22756 0
233 0 clueweb12-0112wb-59-04780 0
233 0 clueweb12-0111wb-51-09883 0
233 0 clueweb12-0110wb-24-28070 0
233 0 clueweb12-0200wb-10-04013 0
233 0 clueweb12-0112wb-59-04786 0
233 0 clueweb12-0109wb-52-28535 0
233 0 clueweb12-0109wb-28-00543 0
233 0 clueweb12-0200wb-90-06996 0
233 0 clueweb12-0111wb-68-07243 0
233 0 clueweb12-0200wb-27-17756 0
233 0 clueweb12-0111wb-76-07386 0
233 0 clueweb12-0200wb-47-15016 0
233 0 clueweb12-0111wb-15-29130 0
233 0 clueweb12-0201wb-53-34121 0
233 0 clueweb12-0200wb-55-19194 0
233 0 clueweb12-0109wb-02-23477 0
233 0 clueweb12-0201wb-49-04476 0
233 0 clueweb12-0200wb-63-24460 0
233 0 clueweb12-0201wb-62-30732 0
233 0 clueweb12-0109wb-37-01197 0
233 0 clueweb12-0109wb-97-32068 0
233 0 clueweb12-0110wb-99-16014 0
233 0 clueweb12-0108wb-91-34100 0
233 0 clueweb12-0112wb-65-22091 0
233 0 clueweb12-1812wb-51-20577 0
233 0 clueweb12-0112wb-65-22088 0
233 0 clueweb12-0200wb-55-19201 0
233 0 clueweb12-0110wb-57-12962 0
233 0 clueweb12-0200wb-55-19196 0
233 0 clueweb12-0100wb-89-17859 0
234 0 clueweb12-1303wb-95-23915 1
234 0 clueweb12-0900tw-66-08791 0
234 0 clueweb12-0000tw-40-10838 1
234 0 clueweb12-0201wb-95-02110 0
234 0 clueweb12-1807wb-48-25279 1
234 0 clueweb12-0100tw-32-17086 1
234 0 clueweb12-0808wb-79-06928 0
234 0 clueweb12-1210wb-80-29714 1
234 0 clueweb12-0009wb-20-04575 1
234 0 clueweb12-1515wb-15-15042 1
234 0 clueweb12-0002wb-09-15008 1
234 0 clueweb12-0700tw-08-00812 0
234 0 clueweb12-1806wb-30-25197 1
234 0 clueweb12-1809wb-57-05633 1
234 0 clueweb12-1815wb-19-20606 1
234 0 clueweb12-1900wb-66-02508 1
234 0 clueweb12-1900wb-90-00090 1
234 0 clueweb12-1611wb-73-07276 1
234 0 clueweb12-0108wb-19-10195 1
234 0 clueweb12-0112wb-65-34543 1
234 0 clueweb12-1908wb-15-03967 0
234 0 clueweb12-1913wb-05-07849 0
234 0 clueweb12-0002wb-09-14892 1
234 0 clueweb12-0202wb-03-09582 1
234 0 clueweb12-1316wb-21-17742 0
234 0 clueweb12-0202wb-97-12232 0
234 0 clueweb12-0007wb-34-33626 1
234 0 clueweb12-1416wb-08-10952 1
234 0 clueweb12-0203wb-97-28037 1
234 0 clueweb12-0818wb-54-18647 1
234 0 clueweb12-0603wb-26-22241 0
234 0 clueweb12-0900tw-02-15593 1
234 0 clueweb12-0400wb-12-12146 1
234 0 clueweb12-1909wb-14-17814 1
234 0 clueweb12-0209wb-24-16209 1
234 0 clueweb12-1414wb-08-06379 1
234 0 clueweb12-0502wb-40-29276 1
234 0 clueweb12-0202wb-03-09581 1
234 0 clueweb12-0209wb-82-31407 1
234 0 clueweb12-0002wb-97-23402 1
234 0 clueweb12-0108wb-12-13901 1
234 0 clueweb12-1505wb-33-02770 0
234 0 clueweb12-1416wb-72-22116 1
234 0 clueweb12-1200tw-49-00399 1
234 0 clueweb12-1505wb-37-11329 0
234 0 clueweb12-1505wb-68-30103 0
234 0 clueweb12-1500tw-22-02775 1
234 0 clueweb12-0306wb-42-23454 1
234 0 clueweb12-0400wb-60-04881 0
234 0 clueweb12-0815wb-56-19270 -2
235 0 clueweb12-0109wb-03-32287 2
235 0 clueweb12-0815wb-03-10065 0
235 0 clueweb12-0601wb-50-34183 0
235 0 clueweb12-0206wb-99-34223 -2
235 0 clueweb12-1815wb-37-30413 0
235 0 clueweb12-0204wb-36-06195 0
235 0 clueweb12-1416wb-51-29013 0
235 0 clueweb12-1413wb-92-16969 0
235 0 clueweb12-0301wb-91-22790 -2
235 0 clueweb12-0302wb-91-24854 0
235 0 clueweb12-1515wb-16-23110 0
235 0 clueweb12-0106wb-06-01619 2
235 0 clueweb12-1003wb-70-07045 0
235 0 clueweb12-0107wb-50-07701 0
235 0 clueweb12-0408wb-94-12082 0
235 0 clueweb12-0105wb-64-02504 0
235 0 clueweb12-0003wb-01-22594 0
235 0 clueweb12-0210wb-31-31562 -2
235 0 clueweb12-0011wb-18-08921 0
235 0 clueweb12-1413wb-69-21740 0
235 0 clueweb12-1506wb-79-00761 0
235 0 clueweb12-0511wb-32-13586 0
235 0 clueweb12-1502wb-22-17497 0
235 0 clueweb12-0001wb-78-13346 0
235 0 clueweb12-0302wb-16-13315 0
235 0 clueweb12-0511wb-44-06151 0
235 0 clueweb12-0814wb-35-07952 0
235 0 clueweb12-0511wb-32-13614 0
235 0 clueweb12-0511wb-32-13600 0
235 0 clueweb12-1516wb-41-34283 0
235 0 clueweb12-1407wb-84-15890 0
235 0 clueweb12-0511wb-88-29400 0
235 0 clueweb12-1703wb-85-11175 0
235 0 clueweb12-0106wb-41-32457 0
235 0 clueweb12-0202wb-63-01123 0
235 0 clueweb12-1407wb-12-01389 0
235 0 clueweb12-1001wb-76-08234 0
235 0 clueweb12-1510wb-87-14158 0
235 0 clueweb12-0001wb-17-31709 0
235 0 clueweb12-1710wb-36-12312 0
235 0 clueweb12-1106wb-23-15703 0
235 0 clueweb12-1413wb-06-14118 0
235 0 clueweb12-0202wb-91-26270 0
235 0 clueweb12-1600tw-12-10253 0
235 0 clueweb12-0603wb-63-35072 0
235 0 clueweb12-1614wb-72-02768 0
235 0 clueweb12-1614wb-83-25804 0
235 0 clueweb12-1116wb-64-09354 0
235 0 clueweb12-1106wb-64-06472 0
235 0 clueweb12-1210wb-43-29239 -2
236 0 clueweb12-1900tw-58-09883 0
236 0 clueweb12-1408wb-69-07590 1
236 0 clueweb12-1405wb-12-01723 1
236 0 clueweb12-0302wb-21-19560 1
236 0 clueweb12-0003wb-56-20728 1
236 0 clueweb12-0402wb-41-20668 1
236 0 clueweb12-0212wb-02-05049 1
236 0 clueweb12-0903wb-08-26716 1
236 0 clueweb12-0003wb-09-29798 1
236 0 clueweb12-1900tw-57-05765 1
236 0 clueweb12-0901wb-72-22773 1
236 0 clueweb12-1012wb-09-23079 1
236 0 clueweb12-0209wb-98-18027 1
236 0 clueweb12-0713wb-49-05176 1
236 0 clueweb12-0807wb-97-06659 2
236 0 clueweb12-0809wb-31-05807 0
236 0 clueweb12-0205wb-85-21521 1
236 0 clueweb12-1610wb-78-23597 1
236 0 clueweb12-1409wb-00-13961 1
236 0 clueweb12-0403wb-03-13920 1
236 0 clueweb12-0111wb-62-04952 1
236 0 clueweb12-0010wb-87-15745 0
236 0 clueweb12-0502wb-04-33643 1
236 0 clueweb12-1602wb-83-07501 1
236 0 clueweb12-0912wb-44-16113 1
236 0 clueweb12-1714wb-31-10095 0
236 0 clueweb12-1610wb-83-08617 1
236 0 clueweb12-0713wb-31-02175 0
236 0 clueweb12-0300wb-25-17403 1
236 0 clueweb12-1206wb-38-15295 1
236 0 clueweb12-0110wb-64-26412 1
236 0 clueweb12-1008wb-07-06945 0
236 0 clueweb12-1012wb-09-23077 1
236 0 clueweb12-1709wb-69-18954 1
236 0 clueweb12-1402wb-14-11477 0
236 0 clueweb12-0402wb-92-16796 1
236 0 clueweb12-0000wb-89-06611 0
236 0 clueweb12-0913wb-18-20630 0
236 0 clueweb12-1314wb-10-22607 1
236 0 clueweb12-0108wb-40-14564 1
236 0 clueweb12-0207wb-60-22570 0
236 0 clueweb12-0202wb-83-22254 1
236 0 clueweb12-0003wb-78-08977 0
236 0 clueweb12-0604wb-42-24205 0
236 0 clueweb12-0012wb-94-03884 1
236 0 clueweb12-1406wb-78-18096 1
236 0 clueweb12-1409wb-00-13962 1
236 0 clueweb12-0904wb-69-22979 0
236 0 clueweb12-1705wb-27-20657 1
236 0 clueweb12-1502wb-66-14328 1
237 0 clueweb12-0607wb-61-18548 0
237 0 clueweb12-0012wb-45-00461 0
237 0 clueweb12-0101wb-65-00036 0
237 0 clueweb12-0011wb-38-30576 0
237 0 clueweb12-1400wb-47-05273 0
237 0 clueweb12-0800wb-08-14863 0
237 0 clueweb12-1316wb-26-34750 0
237 0 clueweb12-0800wb-08-14862 0
237 0 clueweb12-1801wb-11-06821 0
237 0 clueweb12-1316wb-26-34751 0
237 0 clueweb12-0605wb-20-22587 0
237 0 clueweb12-0512wb-47-03372 0
237 0 clueweb12-0605wb-82-32040 0
237 0 clueweb12-0012wb-45-00445 0
237 0 clueweb12-0716wb-87-06401 0
237 0 clueweb12-0606wb-19-31421 0
237 0 clueweb12-0001wb-15-02723 0
237 0 clueweb12-1209wb-10-14679 3
237 0 clueweb12-0011wb-30-17238 0
237 0 clueweb12-0104wb-23-14587 0
237 0 clueweb12-0611wb-48-27328 0
237 0 clueweb12-0208wb-16-01705 0
237 0 clueweb12-0210wb-74-19625 0
237 0 clueweb12-1502wb-68-09439 0
237 0 clueweb12-0005wb-37-34469 0
237 0 clueweb12-0207wb-47-18757 0
237 0 clueweb12-0809wb-06-21405 0
237 0 clueweb12-1610wb-40-11075 0
237 0 clueweb12-1806wb-18-06265 0
237 0 clueweb12-0204wb-23-12041 0
237 0 clueweb12-0108wb-21-18236 0
237 0 clueweb12-0705wb-43-11195 3
237 0 clueweb12-0911wb-78-15837 0
237 0 clueweb12-0209wb-01-31301 0
237 0 clueweb12-0408wb-23-20939 0
237 0 clueweb12-0209wb-34-24633 0
237 0 clueweb12-0311wb-38-00889 0
237 0 clueweb12-0210wb-86-28632 0
237 0 clueweb12-0013wb-50-19219 0
237 0 clueweb12-0603wb-69-03701 0
237 0 clueweb12-0717wb-19-10225 0
237 0 clueweb12-1815wb-35-19082 0
237 0 clueweb12-1904wb-89-17702 0
237 0 clueweb12-0404wb-20-25235 0
237 0 clueweb12-0412wb-09-08658 0
237 0 clueweb12-1912wb-53-07664 0
237 0 clueweb12-0813wb-64-04311 0
237 0 clueweb12-1100wb-41-18849 1
237 0 clueweb12-0919wb-83-11674 0
237 0 clueweb12-0909wb-36-11987 0
238 0 clueweb12-0508wb-18-01502 2
238 0 clueweb12-1901wb-24-06279 1
238 0 clueweb12-0005wb-61-11386 1
238 0 clueweb12-0007wb-64-07914 1
238 0 clueweb12-0008wb-87-14176 1
238 0 clueweb12-0306wb-98-00412 1
238 0 clueweb12-0401wb-33-19077 1
238 0 clueweb12-0715wb-89-17307 1
238 0 clueweb12-0006wb-32-07821 1
238 0 clueweb12-1011wb-58-24240 1
238 0 clueweb12-0707wb-19-05978 1
238 0 clueweb12-0203wb-26-32466 0
238 0 clueweb12-1010wb-87-07903 0
238 0 clueweb12-1200tw-64-12440 0
238 0 clueweb12-1310wb-39-14202 0
238 0 clueweb12-1701wb-91-14933 0
238 0 clueweb12-0804wb-05-03200 0
238 0 clueweb12-1203wb-43-18877 0
238 0 clueweb12-1201tw-29-17252 0
238 0 clueweb12-0103wb-32-04089 0
238 0 clueweb12-1201tw-29-17253 0
238 0 clueweb12-0010wb-82-05877 0
238 0 clueweb12-1101tw-13-05186 0
238 0 clueweb12-0915wb-44-14537 0
238 0 clueweb12-0304wb-75-07413 0
238 0 clueweb12-0901wb-01-03613 1
238 0 clueweb12-1012wb-03-08228 0
238 0 clueweb12-0910wb-38-04838 0
238 0 clueweb12-0008wb-32-02389 0
238 0 clueweb12-0011wb-14-12540 0
238 0 clueweb12-1113wb-39-11049 0
238 0 clueweb12-1201wb-90-03164 0
238 0 clueweb12-0003wb-17-08388 0
238 0 clueweb12-0704wb-57-04846 0
238 0 clueweb12-0701wb-64-11668 0
238 0 clueweb12-1211wb-03-02707 0
238 0 clueweb12-1416wb-07-07314 1
238 0 clueweb12-1800tw-34-09883 1
238 0 clueweb12-1807wb-00-10937 0
238 0 clueweb12-0010wb-30-15525 0
238 0 clueweb12-1408wb-44-06114 0
238 0 clueweb12-1106wb-34-25071 0
238 0 clueweb12-0003wb-39-07156 0
238 0 clueweb12-0003wb-17-08398 0
238 0 clueweb12-0004wb-36-07368 0
238 0 clueweb12-0003wb-85-38575 0
238 0 clueweb12-0003wb-76-11427 0
238 0 clueweb12-1613wb-59-13971 0
238 0 clueweb12-0000wb-73-22840 0
238 0 clueweb12-0008wb-32-02391 0
239 0 clueweb12-0104wb-32-23220 0
239 0 clueweb12-0101wb-84-21151 1
239 0 clueweb12-0504wb-23-23807 0
239 0 clueweb12-0010wb-01-02828 0
239 0 clueweb12-0005wb-65-25307 0
239 0 clueweb12-0004wb-52-27113 0
239 0 clueweb12-0402wb-24-08829 0
239 0 clueweb12-0811wb-58-00484 1
239 0 clueweb12-0013wb-45-05577 1
239 0 clueweb12-0101wb-39-18613 1
239 0 clueweb12-1400tw-37-22357 3
239 0 clueweb12-1607wb-97-30361 0
239 0 clueweb12-0000wb-20-14795 0
239 0 clueweb12-0512wb-02-01874 1
239 0 clueweb12-0307wb-30-18278 0
239 0 clueweb12-0107wb-37-33652 0
239 0 clueweb12-1210wb-36-07054 1
239 0 clueweb12-0204wb-52-25441 1
239 0 clueweb12-0111wb-13-21955 1
239 0 clueweb12-1506wb-15-09046 2
239 0 clueweb12-1602wb-61-25572 1
239 0 clueweb12-0903wb-22-05022 0
239 0 clueweb12-1602wb-65-00369 1
239 0 clueweb12-1602wb-65-00379 1
239 0 clueweb12-0005wb-51-25392 0
239 0 clueweb12-0005wb-40-20687 0
239 0 clueweb12-1602wb-65-00374 1
239 0 clueweb12-0309wb-27-22365 0
239 0 clueweb12-0310wb-94-05386 0
239 0 clueweb12-1005wb-51-20589 0
239 0 clueweb12-0305wb-88-27379 0
239 0 clueweb12-1601wb-27-18872 0
239 0 clueweb12-0606wb-92-21044 1
239 0 clueweb12-1602wb-08-17874 1
239 0 clueweb12-1602wb-61-25578 1
239 0 clueweb12-1602wb-61-25577 1
239 0 clueweb12-1602wb-61-25576 1
239 0 clueweb12-1602wb-58-23999 1
239 0 clueweb12-1602wb-61-25574 1
239 0 clueweb12-0006wb-43-15453 1
239 0 clueweb12-0106wb-40-19524 0
239 0 clueweb12-1602wb-65-00367 1
239 0 clueweb12-1602wb-61-25571 0
239 0 clueweb12-1602wb-61-25569 0
239 0 clueweb12-0919wb-83-12440 1
239 0 clueweb12-1602wb-61-25570 1
239 0 clueweb12-1602wb-22-04961 0
239 0 clueweb12-1602wb-22-04963 0
239 0 clueweb12-0200wb-61-08659 0
239 0 clueweb12-1602wb-65-00378 0
240 0 clueweb12-0611wb-03-27200 3
240 0 clueweb12-1913wb-82-13881 -2
240 0 clueweb12-0010wb-77-19148 0
240 0 clueweb12-1413wb-64-12749 0
240 0 clueweb12-0500wb-00-15934 0
240 0 clueweb12-0200tw-60-03452 1
240 0 clueweb12-0007wb-58-06419 1
240 0 clueweb12-0501wb-57-33834 2
240 0 clueweb12-1714wb-56-24957 0
240 0 clueweb12-0006wb-35-11575 1
240 0 clueweb12-0717wb-43-20137 2
240 0 clueweb12-1714wb-62-05205 0
240 0 clueweb12-0800wb-26-14565 0
240 0 clueweb12-0406wb-71-18045 2
240 0 clueweb12-1208wb-09-00674 0
240 0 clueweb12-0202wb-13-17378 0
240 0 clueweb12-1413wb-68-03459 0
240 0 clueweb12-0010wb-02-18922 0
240 0 clueweb12-0010wb-87-00254 1
240 0 clueweb12-1500tw-60-17538 0
240 0 clueweb12-0006wb-75-08961 1
240 0 clueweb12-0800wb-07-00809 0
240 0 clueweb12-1016wb-91-19825 3
240 0 clueweb12-1018wb-84-23727 3
240 0 clueweb12-1018wb-84-23728 3
240 0 clueweb12-1018wb-84-23738 3
240 0 clueweb12-1018wb-84-23729 3
240 0 clueweb12-1018wb-84-23731 2
240 0 clueweb12-1018wb-84-23726 3
240 0 clueweb12-1900tw-30-07130 1
240 0 clueweb12-0300tw-38-12553 2
240 0 clueweb12-1506wb-51-07148 1
240 0 clueweb12-0006wb-64-03036 1
240 0 clueweb12-1414wb-05-05324 0
240 0 clueweb12-0006wb-88-09514 0
240 0 clueweb12-1715wb-05-18788 0
240 0 clueweb12-0900tw-15-15642 1
240 0 clueweb12-1507wb-16-25297 1
240 0 clueweb12-1012wb-37-06000 2
240 0 clueweb12-0506wb-27-20749 0
240 0 clueweb12-1900wb-09-22000 0
240 0 clueweb12-0403wb-33-16427 1
240 0 clueweb12-0402wb-25-02763 1
240 0 clueweb12-0306wb-73-02475 3
240 0 clueweb12-1501wb-94-19831 2
240 0 clueweb12-0006wb-88-09515 0
240 0 clueweb12-0800tw-30-15062 1
240 0 clueweb12-0001wb-68-19505 1
240 0 clueweb12-0006wb-48-09670 1
240 0 clueweb12-0006wb-35-11564 1
241 0 clueweb12-1205wb-72-15478 0
241 0 clueweb12-0008wb-19-32593 0
241 0 clueweb12-0000wb-31-00031 0
241 0 clueweb12-0806wb-82-08666 0
241 0 clueweb12-0003wb-51-12107 1
241 0 clueweb12-0303wb-37-06529 1
241 0 clueweb12-0816wb-17-25628 1
241 0 clueweb12-0008wb-12-09919 1
241 0 clueweb12-0806wb-69-35178 1
241 0 clueweb12-0806wb-80-22324 1
241 0 clueweb12-1118wb-28-22082 1
241 0 clueweb12-1508wb-05-11672 1
241 0 clueweb12-0813wb-25-19429 1
241 0 clueweb12-1806wb-30-09189 0
241 0 clueweb12-1805wb-97-28668 0
241 0 clueweb12-0304wb-65-08189 1
241 0 clueweb12-0011wb-15-17185 2
241 0 clueweb12-0007wb-88-11481 0
241 0 clueweb12-0002wb-81-00335 0
241 0 clueweb12-1008wb-62-24875 0
241 0 clueweb12-0011wb-15-17186 2
241 0 clueweb12-0716wb-62-16582 0
241 0 clueweb12-1020wb-26-01933 0
241 0 clueweb12-1810wb-82-11177 0
241 0 clueweb12-1100wb-07-30248 1
241 0 clueweb12-1814wb-24-15426 1
241 0 clueweb12-0906wb-08-05133 0
241 0 clueweb12-0302wb-91-27653 0
241 0 clueweb12-0005wb-44-15444 1
241 0 clueweb12-0000wb-16-36936 0
241 0 clueweb12-1212wb-57-00361 0
241 0 clueweb12-0407wb-89-22715 0
241 0 clueweb12-0908wb-08-01572 0
241 0 clueweb12-0716wb-49-15529 0
241 0 clueweb12-0111wb-24-05645 0
241 0 clueweb12-0710wb-96-03356 1
241 0 clueweb12-0000wb-35-03475 1
241 0 clueweb12-0005wb-51-32905 1
241 0 clueweb12-0011wb-02-22667 1
241 0 clueweb12-0913wb-21-19049 1
241 0 clueweb12-1910wb-95-16500 1
241 0 clueweb12-0010wb-74-01177 1
241 0 clueweb12-0917wb-30-05283 0
241 0 clueweb12-1910wb-98-16481 1
241 0 clueweb12-0002wb-42-32725 0
241 0 clueweb12-0000wb-19-15664 1
241 0 clueweb12-0301wb-03-31685 3
241 0 clueweb12-1711wb-44-08222 0
241 0 clueweb12-0002wb-97-23314 1
241 0 clueweb12-1014wb-62-25194 0
242 0 clueweb12-0607wb-37-05719 0
242 0 clueweb12-1407wb-52-19583 1
242 0 clueweb12-1405wb-41-12354 0
242 0 clueweb12-0005wb-40-26920 0
242 0 clueweb12-1911wb-46-17287 0
242 0 clueweb12-0001wb-49-06429 0
242 0 clueweb12-0916wb-44-16246 2
242 0 clueweb12-1502wb-88-17307 0
242 0 clueweb12-0512wb-51-30140 0
242 0 clueweb12-0011wb-57-07679 1
242 0 clueweb12-1516wb-50-31905 0
242 0 clueweb12-1515wb-63-06849 0
242 0 clueweb12-0914wb-73-11593 0
242 0 clueweb12-0305wb-53-21966 0
242 0 clueweb12-0410wb-24-01763 0
242 0 clueweb12-0908wb-64-17623 0
242 0 clueweb12-0914wb-73-11595 0
242 0 clueweb12-0914wb-42-19103 0
242 0 clueweb12-0914wb-73-11597 0
242 0 clueweb12-0914wb-73-11594 0
242 0 clueweb12-0914wb-73-11596 0
242 0 clueweb12-0914wb-68-03094 0
242 0 clueweb12-0914wb-68-03099 0
242 0 clueweb12-0914wb-73-11592 0
242 0 clueweb12-0914wb-18-18068 0
242 0 clueweb12-0914wb-42-19105 0
242 0 clueweb12-0914wb-42-19097 0
242 0 clueweb12-0914wb-68-03087 0
242 0 clueweb12-0914wb-42-19093 0
242 0 clueweb12-0914wb-42-19109 0
242 0 clueweb12-0914wb-18-18067 0
242 0 clueweb12-0914wb-42-19107 0
242 0 clueweb12-0914wb-68-03082 0
242 0 clueweb12-0914wb-42-19098 0
242 0 clueweb12-0914wb-42-19094 0
242 0 clueweb12-0914wb-42-19092 0
242 0 clueweb12-0914wb-68-03088 0
242 0 clueweb12-0914wb-42-19104 0
242 0 clueweb12-0914wb-68-03085 0
242 0 clueweb12-0914wb-42-19096 0
242 0 clueweb12-0914wb-42-19102 0
242 0 clueweb12-0914wb-68-03089 0
242 0 clueweb12-0914wb-68-03096 0
242 0 clueweb12-0914wb-68-03090 0
242 0 clueweb12-0914wb-18-18073 0
242 0 clueweb12-0914wb-68-03100 0
242 0 clueweb12-0914wb-42-19106 0
242 0 clueweb12-0914wb-68-03091 0
242 0 clueweb12-0914wb-42-19108 0
242 0 clueweb12-0914wb-68-03084 0
243 0 clueweb12-1700tw-41-00936 2
243 0 clueweb12-0206wb-77-03013 1
243 0 clueweb12-1201wb-40-13440 0
243 0 clueweb12-0411wb-92-10614 0
243 0 clueweb12-0110wb-45-31084 0
243 0 clueweb12-1204wb-44-13161 0
243 0 clueweb12-1205wb-03-22138 0
243 0 clueweb12-1200wb-76-06636 0
243 0 clueweb12-1200wb-79-25707 0
243 0 clueweb12-0404wb-21-09560 1
243 0 clueweb12-0408wb-15-09254 0
243 0 clueweb12-0102wb-22-03298 1
243 0 clueweb12-0101wb-14-20813 0
243 0 clueweb12-0110wb-62-17529 2
243 0 clueweb12-0306wb-46-05114 1
243 0 clueweb12-0306wb-35-20583 1
243 0 clueweb12-0204wb-34-01904 0
243 0 clueweb12-1808wb-92-24398 1
243 0 clueweb12-0410wb-33-01554 -2
243 0 clueweb12-0500wb-99-01697 3
243 0 clueweb12-0103wb-96-09775 1
243 0 clueweb12-0200wb-58-27683 0
243 0 clueweb12-0101wb-81-30388 1
243 0 clueweb12-1200wb-78-24430 0
243 0 clueweb12-1203wb-09-02995 0
243 0 clueweb12-1203wb-96-19820 0
243 0 clueweb12-1202wb-97-15939 0
243 0 clueweb12-1202wb-86-14663 0
243 0 clueweb12-1203wb-58-31959 0
243 0 clueweb12-0410wb-15-08686 0
243 0 clueweb12-1102wb-73-18049 1
243 0 clueweb12-0402wb-99-20324 1
243 0 clueweb12-1107wb-75-21249 2
243 0 clueweb12-0404wb-83-26707 0
243 0 clueweb12-0302wb-36-12323 1
243 0 clueweb12-1210wb-94-17243 1
243 0 clueweb12-0103wb-10-16813 1
243 0 clueweb12-0815wb-87-23658 1
243 0 clueweb12-1102wb-73-18046 1
243 0 clueweb12-1103wb-19-22173 1
243 0 clueweb12-0211wb-30-16138 -2
243 0 clueweb12-1613wb-87-31555 1
243 0 clueweb12-0401wb-30-17363 -2
243 0 clueweb12-0510wb-01-02110 -2
243 0 clueweb12-1003wb-98-11520 0
243 0 clueweb12-0112wb-61-28004 0
243 0 clueweb12-0507wb-55-30152 -2
243 0 clueweb12-0411wb-56-22724 1
243 0 clueweb12-0504wb-40-03101 1
243 0 clueweb12-0401wb-15-30397 0
244 0 clueweb12-1016wb-91-11845 0
244 0 clueweb12-1016wb-91-11846 0
244 0 clueweb12-1019wb-66-12577 0
244 0 clueweb12-1016wb-42-14775 0
244 0 clueweb12-1019wb-66-12575 0
244 0 clueweb12-1019wb-69-04149 0
244 0 clueweb12-1018wb-79-01214 0
244 0 clueweb12-1019wb-66-12578 0
244 0 clueweb12-0812wb-73-19794 2
244 0 clueweb12-1017wb-43-21926 0
244 0 clueweb12-0208wb-33-31561 0
244 0 clueweb12-1017wb-46-10300 0
244 0 clueweb12-1809wb-57-14270 0
244 0 clueweb12-1004wb-86-13521 0
244 0 clueweb12-0809wb-92-00920 0
244 0 clueweb12-1005wb-17-21858 0
244 0 clueweb12-1019wb-53-23985 0
244 0 clueweb12-0000wt-00-19283 2
244 0 clueweb12-1018wb-24-22333 0
244 0 clueweb12-1020wb-45-00090 0
244 0 clueweb12-1100wb-21-03462 0
244 0 clueweb12-1100tw-64-21172 1
244 0 clueweb12-1214wb-68-01755 0
244 0 clueweb12-1021wb-15-22157 0
244 0 clueweb12-1020wb-45-00091 0
244 0 clueweb12-1020wb-35-24210 0
244 0 clueweb12-1017wb-82-23766 0
244 0 clueweb12-1020wb-62-14343 0
244 0 clueweb12-0701wb-34-23702 0
244 0 clueweb12-1900tw-47-05746 0
244 0 clueweb12-1100wb-21-03468 0
244 0 clueweb12-0810wb-82-24475 0
244 0 clueweb12-1100tw-64-21171 0
244 0 clueweb12-0501wb-50-03478 0
244 0 clueweb12-1017wb-88-00556 0
244 0 clueweb12-1108wb-00-25662 0
244 0 clueweb12-0610wb-72-25513 0
244 0 clueweb12-1110wb-90-12568 1
244 0 clueweb12-0809wb-06-19482 0
244 0 clueweb12-1510wb-26-24382 0
244 0 clueweb12-0301tw-48-12691 0
244 0 clueweb12-0808wb-01-19534 0
244 0 clueweb12-1017wb-82-23764 0
244 0 clueweb12-0808wb-75-10973 0
244 0 clueweb12-1017wb-39-17888 0
244 0 clueweb12-1701wb-73-15829 0
244 0 clueweb12-1100wb-40-05052 0
244 0 clueweb12-1018wb-29-14929 0
244 0 clueweb12-0712wb-26-12027 0
244 0 clueweb12-1017wb-82-23760 0
245 0 clueweb12-0301tw-47-16488 1
245 0 clueweb12-0204wb-55-24876 0
245 0 clueweb12-1707wb-92-30370 0
245 0 clueweb12-1706wb-30-24078 0
245 0 clueweb12-0206wb-75-11340 0
245 0 clueweb12-1800tw-28-09602 0
245 0 clueweb12-1300wb-32-07673 0
245 0 clueweb12-1510wb-63-00022 0
245 0 clueweb12-1716wb-43-18869 0
245 0 clueweb12-0502wb-73-14537 0
245 0 clueweb12-0102wb-02-18789 0
245 0 clueweb12-1205wb-18-08676 0
245 0 clueweb12-1301wb-34-06849 0
245 0 clueweb12-1800tw-20-22033 0
245 0 clueweb12-0308wb-71-16636 0
245 0 clueweb12-1715wb-83-32137 1
245 0 clueweb12-0818wb-15-23250 0
245 0 clueweb12-0010wb-02-01425 2
245 0 clueweb12-1205wb-66-05945 0
245 0 clueweb12-0811wb-53-08508 0
245 0 clueweb12-0210wb-72-32879 0
245 0 clueweb12-0208wb-02-32002 0
245 0 clueweb12-1010wb-34-21403 0
245 0 clueweb12-0102wb-02-18790 0
245 0 clueweb12-0811wb-68-09098 1
245 0 clueweb12-0006wb-86-10744 0
245 0 clueweb12-1605wb-56-19268 0
245 0 clueweb12-0811wb-68-09097 2
245 0 clueweb12-1600wb-98-31096 0
245 0 clueweb12-0109wb-93-14385 0
245 0 clueweb12-1215wb-92-17691 0
245 0 clueweb12-0012wb-53-00147 0
245 0 clueweb12-1110wb-42-20696 0
245 0 clueweb12-0200tw-72-16297 0
245 0 clueweb12-1016wb-40-16601 1
245 0 clueweb12-1504wb-87-01572 0
245 0 clueweb12-0202wb-62-29388 0
245 0 clueweb12-0210wb-72-32884 0
245 0 clueweb12-0602wb-03-22202 0
245 0 clueweb12-1106wb-22-04453 0
245 0 clueweb12-0205wb-79-26149 0
245 0 clueweb12-1814wb-43-25416 0
245 0 clueweb12-1909wb-91-26372 0
245 0 clueweb12-0702wb-52-17530 0
245 0 clueweb12-1301wb-03-34069 0
245 0 clueweb12-0816wb-80-14087 0
245 0 clueweb12-0811wb-53-08507 0
245 0 clueweb12-1703wb-71-07862 0
245 0 clueweb12-0811wb-87-16181 0
245 0 clueweb12-0811wb-23-01560 0
246 0 clueweb12-0202wb-59-25458 2
246 0 clueweb12-1006wb-74-15824 0
246 0 clueweb12-1007wb-96-14962 0
246 0 clueweb12-0108wb-37-10175 0
246 0 clueweb12-0608wb-75-18385 2
246 0 clueweb12-0610wb-77-25366 2
246 0 clueweb12-0108wb-05-29114 0
246 0 clueweb12-1404wb-36-16602 0
246 0 clueweb12-0609wb-34-31497 0
246 0 clueweb12-1208wb-99-12573 1
246 0 clueweb12-0604wb-61-19535 1
246 0 clueweb12-1404wb-32-18077 0
246 0 clueweb12-0607wb-80-03445 0
246 0 clueweb12-0805wb-15-16555 1
246 0 clueweb12-0209wb-13-20397 2
246 0 clueweb12-0004wb-84-29266 1
246 0 clueweb12-1501wb-88-25925 1
246 0 clueweb12-0609wb-72-06632 0
246 0 clueweb12-0910wb-63-16131 0
246 0 clueweb12-0400tw-98-09483 2
246 0 clueweb12-1715wb-70-19089 1
246 0 clueweb12-1413wb-17-21416 0
246 0 clueweb12-0402wb-10-27016 0
246 0 clueweb12-0307wb-67-22660 0
246 0 clueweb12-1103wb-44-28062 0
246 0 clueweb12-0301wb-15-26976 1
246 0 clueweb12-0609wb-72-06631 1
246 0 clueweb12-0904wb-51-08707 0
246 0 clueweb12-0008wb-94-12701 0
246 0 clueweb12-1514wb-75-27891 0
246 0 clueweb12-0005wb-49-15905 1
246 0 clueweb12-1013wb-52-32721 1
246 0 clueweb12-1413wb-63-21999 0
246 0 clueweb12-1413wb-42-32942 0
246 0 clueweb12-0904wb-29-24095 0
246 0 clueweb12-0205wb-80-28432 1
246 0 clueweb12-0609wb-58-26709 0
246 0 clueweb12-1007wb-48-26144 0
246 0 clueweb12-0307wb-18-05113 0
246 0 clueweb12-0300wb-53-00460 0
246 0 clueweb12-0500wb-07-05385 1
246 0 clueweb12-0001wb-72-19269 1
246 0 clueweb12-1510wb-63-17792 1
246 0 clueweb12-0609wb-47-23142 0
246 0 clueweb12-1510wb-63-17790 0
246 0 clueweb12-0303wb-14-04308 0
246 0 clueweb12-0609wb-72-06638 0
246 0 clueweb12-0608wb-18-24081 0
246 0 clueweb12-0405wb-54-18649 0
246 0 clueweb12-0609wb-24-01197 0
247 0 clueweb12-0601wb-51-02582 1
247 0 clueweb12-1309wb-77-03205 1
247 0 clueweb12-0905wb-50-04112 0
247 0 clueweb12-0209wb-99-17936 0
247 0 clueweb12-0201wb-03-21371 1
247 0 clueweb12-1615wb-58-03484 1
247 0 clueweb12-1113wb-10-05440 0
247 0 clueweb12-0917wb-91-30094 0
247 0 clueweb12-1411wb-43-16198 0
247 0 clueweb12-1215wb-82-14598 0
247 0 clueweb12-0106wb-84-30950 0
247 0 clueweb12-1401wb-57-06583 0
247 0 clueweb12-1705wb-89-15252 0
247 0 clueweb12-1717wb-28-05458 0
247 0 clueweb12-1111wb-09-07499 0
247 0 clueweb12-0202wb-66-12221 -2
247 0 clueweb12-1613wb-50-07097 0
247 0 clueweb12-1614wb-79-01806 0
247 0 clueweb12-0608wb-86-21499 0
247 0 clueweb12-0909wb-08-02650 0
247 0 clueweb12-0910wb-56-10077 0
247 0 clueweb12-0909wb-53-02643 0
247 0 clueweb12-0304wb-87-28647 0
247 0 clueweb12-0006wb-32-35753 0
247 0 clueweb12-0504wb-42-14036 0
247 0 clueweb12-0308wb-83-28040 0
247 0 clueweb12-0207wb-15-05213 -2
247 0 clueweb12-1514wb-08-06465 0
247 0 clueweb12-1001wb-48-08149 0
247 0 clueweb12-1001wb-48-08150 0
247 0 clueweb12-0308wb-71-04838 0
247 0 clueweb12-0308wb-71-04834 0
247 0 clueweb12-1606wb-38-23791 0
247 0 clueweb12-1111wb-09-07503 0
247 0 clueweb12-1111wb-09-07502 0
247 0 clueweb12-1407wb-08-04432 0
247 0 clueweb12-0208wb-13-11625 0
247 0 clueweb12-1209wb-76-10450 0
247 0 clueweb12-1000wb-40-04449 0
247 0 clueweb12-0108wb-61-24776 0
247 0 clueweb12-0201wb-95-09214 0
247 0 clueweb12-0700wb-82-13182 1
247 0 clueweb12-0814wb-16-17971 1
247 0 clueweb12-1407wb-08-04413 0
247 0 clueweb12-0609wb-17-23908 0
247 0 clueweb12-0800wb-56-12438 0
247 0 clueweb12-0815wb-57-20207 0
247 0 clueweb12-0103wb-98-24148 0
247 0 clueweb12-0208wb-52-26261 0
247 0 clueweb12-0103wb-88-00481 0
248 0 clueweb12-1406wb-31-10833 0
248 0 clueweb12-0611wb-02-09175 0
248 0 clueweb12-0803wb-61-13558 2
248 0 clueweb12-0815wb-86-19774 3
248 0 clueweb12-0306wb-64-12606 0
248 0 clueweb12-0409wb-10-24508 0
248 0 clueweb12-1406wb-31-10834 0
248 0 clueweb12-0403wb-09-28411 0
248 0 clueweb12-0204wb-24-10301 0
248 0 clueweb12-0009wb-35-17888 0
248 0 clueweb12-1904wb-50-04486 0
248 0 clueweb12-0203wb-31-26822 0
248 0 clueweb12-0203wb-31-26824 0
248 0 clueweb12-0007wb-93-12159 0
248 0 clueweb12-0408wb-89-18160 0
248 0 clueweb12-0204wb-24-10303 0
248 0 clueweb12-0210wb-32-28508 0
248 0 clueweb12-1406wb-20-01722 0
248 0 clueweb12-1406wb-53-19986 0
248 0 clueweb12-0304wb-25-23183 0
248 0 clueweb12-0611wb-37-09630 0
248 0 clueweb12-0203wb-63-09389 3
248 0 clueweb12-0303wb-64-22934 0
248 0 clueweb12-0204wb-31-30041 0
248 0 clueweb12-0203wb-31-26825 0
248 0 clueweb12-0407wb-49-23872 0
248 0 clueweb12-0402wb-88-00856 0
248 0 clueweb12-0409wb-10-24505 0
248 0 clueweb12-0204wb-38-15233 0
248 0 clueweb12-0203wb-39-32823 0
248 0 clueweb12-1613wb-65-04757 0
248 0 clueweb12-1613wb-65-04750 0
248 0 clueweb12-0102wb-34-07412 0
248 0 clueweb12-0611wb-37-09631 0
248 0 clueweb12-1009wb-86-21966 0
248 0 clueweb12-0207wb-53-20182 0
248 0 clueweb12-0008wb-14-02366 0
248 0 clueweb12-0009wb-35-17886 0
248 0 clueweb12-1306wb-87-09939 0
248 0 clueweb12-1707wb-61-23735 0
248 0 clueweb12-0705wb-82-06869 0
248 0 clueweb12-0200wb-13-27901 2
248 0 clueweb12-0502wb-30-21982 1
248 0 clueweb12-1400wb-29-05214 2
248 0 clueweb12-1410wb-95-19658 0
248 0 clueweb12-0904wb-39-19527 0
248 0 clueweb12-0204wb-24-10302 0
248 0 clueweb12-0002wb-73-00163 3
248 0 clueweb12-0203wb-39-32828 0
248 0 clueweb12-1013wb-47-23906 0
249 0 clueweb12-1400tw-19-21892 2
249 0 clueweb12-0009wb-28-16447 0
249 0 clueweb12-1602wb-11-02260 0
249 0 clueweb12-1102wb-91-08522 0
249 0 clueweb12-0101wb-98-06464 0
249 0 clueweb12-0008wb-60-32005 2
249 0 clueweb12-0101wb-71-32043 2
249 0 clueweb12-1900tw-05-05686 0
249 0 clueweb12-0009wb-28-16448 0
249 0 clueweb12-0101wb-28-17259 0
249 0 clueweb12-1612wb-92-08597 0
249 0 clueweb12-1902wb-27-13536 0
249 0 clueweb12-0009wb-15-04928 0
249 0 clueweb12-0803wb-03-12556 0
249 0 clueweb12-1903wb-57-00034 0
249 0 clueweb12-0008wb-53-19035 0
249 0 clueweb12-0008wb-60-32007 0
249 0 clueweb12-1903wb-15-10441 0
249 0 clueweb12-1400wb-23-05259 0
249 0 clueweb12-1400wb-41-20227 0
249 0 clueweb12-0008wb-40-13705 0
249 0 clueweb12-0100wb-64-11197 0
249 0 clueweb12-0008wb-60-32008 0
249 0 clueweb12-0102wb-16-08545 0
249 0 clueweb12-0100wb-29-31268 0
249 0 clueweb12-0101wb-52-02149 0
249 0 clueweb12-0802wb-41-07643 2
249 0 clueweb12-1400wb-31-20663 0
249 0 clueweb12-0100wb-73-28939 0
249 0 clueweb12-0406wb-38-29340 0
249 0 clueweb12-1400wb-44-18115 0
249 0 clueweb12-0406wb-93-01981 0
249 0 clueweb12-1000wb-16-02626 2
249 0 clueweb12-1215wb-80-27877 2
249 0 clueweb12-1515wb-53-25534 2
249 0 clueweb12-0408wb-66-33429 0
249 0 clueweb12-0512wb-18-03352 0
249 0 clueweb12-1616wb-73-00157 0
249 0 clueweb12-0512wb-56-08998 0
249 0 clueweb12-0107wb-37-13684 2
249 0 clueweb12-0008wb-83-15983 0
249 0 clueweb12-0104wb-59-17822 0
249 0 clueweb12-0007wb-32-03821 0
249 0 clueweb12-1606wb-97-22553 2
249 0 clueweb12-0512wb-56-08993 0
249 0 clueweb12-1215wb-28-14845 0
249 0 clueweb12-1515wb-53-25533 0
249 0 clueweb12-0008wb-40-13706 0
249 0 clueweb12-1006wb-25-05674 0
249 0 clueweb12-1316wb-49-20316 0
250 0 clueweb12-0402wb-69-17667 1
250 0 clueweb12-0000wb-17-09638 0
250 0 clueweb12-1914wb-04-28612 0
250 0 clueweb12-0407wb-33-27066 1
250 0 clueweb12-1914wb-20-14722 0
250 0 clueweb12-1606wb-94-02144 0
250 0 clueweb12-1913wb-64-15762 0
250 0 clueweb12-0411wb-99-16156 0
250 0 clueweb12-0412wb-22-00700 0
250 0 clueweb12-0412wb-22-00701 0
250 0 clueweb12-0412wb-19-05874 0
250 0 clueweb12-0412wb-14-17935 0
250 0 clueweb12-1600wb-04-19682 0
250 0 clueweb12-1906wb-56-13342 0
250 0 clueweb12-0412wb-19-05873 0
250 0 clueweb12-1705wb-05-04305 0
250 0 clueweb12-1803wb-94-16587 0
250 0 clueweb12-0007wb-16-14856 1
250 0 clueweb12-1914wb-04-28610 0
250 0 clueweb12-0412wb-17-24220 0
250 0 clueweb12-1906wb-06-11966 0
250 0 clueweb12-1804wb-02-17904 0
250 0 clueweb12-0411wb-98-03808 0
250 0 clueweb12-0412wb-17-24226 0
250 0 clueweb12-1906wb-56-13338 0
250 0 clueweb12-0107wb-11-11264 1
250 0 clueweb12-0107wb-03-14032 1
250 0 clueweb12-1914wb-01-27128 0
250 0 clueweb12-1416wb-59-11365 0
250 0 clueweb12-1913wb-79-05292 0
250 0 clueweb12-1006wb-61-00337 0
250 0 clueweb12-1803wb-72-26778 0
250 0 clueweb12-1810wb-56-09079 0
250 0 clueweb12-1600wb-09-16837 0
250 0 clueweb12-0704wb-77-25051 1
250 0 clueweb12-1901wb-17-30353 0
250 0 clueweb12-0412wb-13-01117 0
250 0 clueweb12-1912wb-79-29706 0
250 0 clueweb12-1606wb-37-15302 0
250 0 clueweb12-0412wb-17-24219 2
250 0 clueweb12-0200tw-71-01793 0
250 0 clueweb12-0011wb-25-13555 0
250 0 clueweb12-1400wb-79-28607 0
250 0 clueweb12-0712wb-10-08622 0
250 0 clueweb12-0105wb-36-06898 0
250 0 clueweb12-0402wb-69-17666 1
250 0 clueweb12-0815wb-63-08987 2
250 0 clueweb12-0815wb-63-08988 2
250 0 clueweb12-0815wb-87-20871 0
250 0 clueweb12-0815wb-87-20872 2
