201 0 clueweb12-0909wb-96-26247 0
201 0 clueweb12-1310wb-04-16486 1
201 0 clueweb12-0915wb-93-12188 2
201 0 clueweb12-1804wb-83-26991 1
201 0 clueweb12-0700tw-74-19724 1
201 0 clueweb12-0508wb-96-01084 0
201 0 clueweb12-1709wb-51-03906 0
201 0 clueweb12-1118wb-73-16211 0
201 0 clueweb12-0106wb-18-19516 1
201 0 clueweb12-1708wb-99-01915 0
201 0 clueweb12-1112wb-75-23347 0
201 0 clueweb12-1708wb-38-07075 0
201 0 clueweb12-0700tw-06-03345 0
201 0 clueweb12-0500tw-09-01438 0
201 0 clueweb12-1310wb-65-14373 0
201 0 clueweb12-0503wb-16-05391 1
201 0 clueweb12-0700tw-61-14704 2
201 0 clueweb12-1006wb-76-06368 1
201 0 clueweb12-0600tw-21-12056 0
201 0 clueweb12-1802wb-41-20489 0
201 0 clueweb12-1700tw-11-11014 0
201 0 clueweb12-1610wb-41-08797 0
201 0 clueweb12-1811wb-63-04122 0
201 0 clueweb12-1802wb-41-20488 0
201 0 clueweb12-1804wb-83-27006 1
202 0 clueweb12-1900tw-53-20555 0
202 0 clueweb12-1701wb-94-12199 0
202 0 clueweb12-0900tw-39-13453 0
202 0 clueweb12-1802wb-29-21108 0
202 0 clueweb12-0205wb-88-32545 0
202 0 clueweb12-1500wb-51-10404 0
202 0 clueweb12-1702wb-52-18834 0
202 0 clueweb12-0203wb-70-20735 0
202 0 clueweb12-1702wb-98-29608 0
202 0 clueweb12-1412wb-25-05309 0
202 0 clueweb12-1116wb-12-30914 0
202 0 clueweb12-0800wb-41-14545 0
202 0 clueweb12-1702wb-43-28339 0
202 0 clueweb12-0005wb-35-09005 0
202 0 clueweb12-1002wb-12-01571 0
202 0 clueweb12-1212wb-02-13082 0
202 0 clueweb12-1215wb-33-08369 0
202 0 clueweb12-0105wb-82-26360 0
202 0 clueweb12-0700tw-75-05625 0
202 0 clueweb12-1310wb-24-26317 0
202 0 clueweb12-0902wb-25-17572 0
202 0 clueweb12-1206wb-33-15528 0
202 0 clueweb12-1205wb-18-29328 0
202 0 clueweb12-1701wb-94-12194 0
202 0 clueweb12-1013wb-15-21838 0
203 0 clueweb12-0301wb-73-33709 1
203 0 clueweb12-0111wb-25-01235 3
203 0 clueweb12-0914wb-44-07104 3
203 0 clueweb12-0807wb-09-03736 0
203 0 clueweb12-0004wb-16-35952 1
203 0 clueweb12-0600wb-00-20108 0
203 0 clueweb12-0808wb-65-05575 1
203 0 clueweb12-0207wb-62-04849 0
203 0 clueweb12-0209wb-25-16886 -2
203 0 clueweb12-0700tw-72-11865 3
203 0 clueweb12-1814wb-48-23922 0
203 0 clueweb12-1309wb-45-13338 0
203 0 clueweb12-1000tw-21-14374 0
203 0 clueweb12-1708wb-76-18611 0
203 0 clueweb12-1705wb-33-08977 2
203 0 clueweb12-0504wb-65-22028 0
203 0 clueweb12-0504wb-70-34053 0
203 0 clueweb12-0010wb-28-31568 0
203 0 clueweb12-0004wb-95-22264 0
203 0 clueweb12-0108wb-91-10770 0
203 0 clueweb12-1501wb-41-18155 0
203 0 clueweb12-1500wb-22-10028 0
203 0 clueweb12-0010wb-56-12728 0
203 0 clueweb12-1114wb-64-21708 1
203 0 clueweb12-0503wb-62-32666 0
204 0 clueweb12-0000wb-58-29498 0
204 0 clueweb12-1208wb-62-05131 0
204 0 clueweb12-1500tw-39-01008 0
204 0 clueweb12-1212wb-63-17269 1
204 0 clueweb12-1212wb-63-17266 0
204 0 clueweb12-0005wb-51-30120 1
204 0 clueweb12-0005wb-51-30129 2
204 0 clueweb12-0002wb-43-37240 2
204 0 clueweb12-0000wb-31-33977 1
204 0 clueweb12-1212wb-60-13888 2
204 0 clueweb12-0902wb-21-04709 0
204 0 clueweb12-1812wb-71-23042 0
204 0 clueweb12-1812wb-71-23071 0
204 0 clueweb12-1606wb-71-08917 0
204 0 clueweb12-0404wb-13-06556 0
204 0 clueweb12-1114wb-77-08229 0
204 0 clueweb12-1300wb-54-03883 0
204 0 clueweb12-1300wb-00-19937 0
204 0 clueweb12-1300wb-43-14066 0
204 0 clueweb12-1300wb-34-18939 0
204 0 clueweb12-1300wb-57-11497 0
204 0 clueweb12-1300wb-87-22242 0
204 0 clueweb12-1300wb-47-02939 0
204 0 clueweb12-1300wb-47-02911 0
204 0 clueweb12-1300wb-47-02925 0
205 0 clueweb12-0404wb-02-01517 1
205 0 clueweb12-1303wb-94-25019 0
205 0 clueweb12-0812wb-07-15129 0
205 0 clueweb12-1614wb-35-28354 1
205 0 clueweb12-0008wb-12-23845 0
205 0 clueweb12-0006wb-01-11606 0
205 0 clueweb12-0204wb-71-25057 0
205 0 clueweb12-0903wb-42-10178 0
205 0 clueweb12-1708wb-85-21407 0
205 0 clueweb12-1407wb-29-06053 0
205 0 clueweb12-1407wb-22-10242 0
205 0 clueweb12-0404wb-19-05902 0
205 0 clueweb12-0206wb-81-26550 0
205 0 clueweb12-0712wb-89-16291 0
205 0 clueweb12-1912wb-31-17040 1
205 0 clueweb12-1510wb-72-09735 0
205 0 clueweb12-1108wb-57-07261 0
205 0 clueweb12-1603wb-83-13954 0
205 0 clueweb12-0403wb-14-28410 0
205 0 clueweb12-1300tw-98-08916 0
205 0 clueweb12-0305wb-69-28887 0
205 0 clueweb12-0306wb-44-05852 0
205 0 clueweb12-1305wb-54-01913 0
205 0 clueweb12-1107wb-59-10162 0
205 0 clueweb12-0300tw-25-08799 0
206 0 clueweb12-1401wb-92-14851 1
206 0 clueweb12-0905wb-03-05823 1
206 0 clueweb12-0306wb-06-15430 0
206 0 clueweb12-0010wb-38-24521 0
206 0 clueweb12-1003wb-11-08642 1
206 0 clueweb12-1515wb-73-03118 0
206 0 clueweb12-1515wb-77-37947 0
206 0 clueweb12-0909wb-34-20410 -2
206 0 clueweb12-0411wb-55-02953 0
206 0 clueweb12-1515wb-64-14278 0
206 0 clueweb12-0806wb-79-19660 0
206 0 clueweb12-0411wb-37-25934 0
206 0 clueweb12-1515wb-86-21478 0
206 0 clueweb12-0411wb-37-25936 0
206 0 clueweb12-1515wb-79-29830 0
206 0 clueweb12-1515wb-81-14382 0
206 0 clueweb12-1515wb-58-22629 0
206 0 clueweb12-0100wb-21-27367 0
206 0 clueweb12-1515wb-82-37392 0
206 0 clueweb12-0411wb-40-31604 0
206 0 clueweb12-1508wb-61-05586 0
206 0 clueweb12-1515wb-89-29445 0
206 0 clueweb12-1515wb-73-03119 0
206 0 clueweb12-1515wb-81-14384 0
206 0 clueweb12-1515wb-73-03111 0
207 0 clueweb12-0507wb-30-21602 0
207 0 clueweb12-0207wb-90-20840 0
207 0 clueweb12-1408wb-69-07244 2
207 0 clueweb12-1809wb-44-30071 1
207 0 clueweb12-0005wb-52-29519 3
207 0 clueweb12-0806wb-67-24256 1
207 0 clueweb12-0714wb-69-25428 3
207 0 clueweb12-0607wb-76-17468 0
207 0 clueweb12-0112wb-21-26718 1
207 0 clueweb12-0206wb-68-25063 1
207 0 clueweb12-1405wb-79-06210 0
207 0 clueweb12-1713wb-83-14522 1
207 0 clueweb12-0603wb-03-08986 0
207 0 clueweb12-1116wb-59-07016 0
207 0 clueweb12-0111wb-15-14262 0
207 0 clueweb12-1103wb-55-00387 0
207 0 clueweb12-1913wb-84-02917 0
207 0 clueweb12-1913wb-84-02847 0
207 0 clueweb12-1410wb-12-26583 1
207 0 clueweb12-0103wb-16-27337 0
207 0 clueweb12-1913wb-12-06767 0
207 0 clueweb12-1407wb-70-09872 0
207 0 clueweb12-0302wb-81-05069 0
207 0 clueweb12-0003wb-49-00581 0
207 0 clueweb12-0003wb-49-00587 0
208 0 clueweb12-1908wb-77-16099 0
208 0 clueweb12-0608wb-51-18276 0
208 0 clueweb12-0813wb-29-16299 1
208 0 clueweb12-1312wb-85-13470 0
208 0 clueweb12-0002wb-97-19918 0
208 0 clueweb12-1301wb-88-19658 2
208 0 clueweb12-0003wb-09-30275 0
208 0 clueweb12-0800tw-25-08178 0
208 0 clueweb12-1610wb-40-03669 2
208 0 clueweb12-0104wb-13-05860 0
208 0 clueweb12-1111wb-61-25620 0
208 0 clueweb12-1111wb-53-13591 0
208 0 clueweb12-1111wb-42-16685 0
208 0 clueweb12-1405wb-05-17663 0
208 0 clueweb12-0302wb-32-13593 0
208 0 clueweb12-0706wb-29-24131 0
208 0 clueweb12-0308wb-36-29098 0
208 0 clueweb12-1604wb-50-20497 0
208 0 clueweb12-0705wb-98-08331 -2
208 0 clueweb12-1506wb-63-06897 0
208 0 clueweb12-1615wb-11-05365 0
208 0 clueweb12-0013wb-33-29981 0
208 0 clueweb12-0302wb-10-05463 0
208 0 clueweb12-0100wb-92-30614 0
208 0 clueweb12-0100wb-92-30615 0
209 0 clueweb12-0105wb-14-09800 2
209 0 clueweb12-1300tw-42-05868 0
209 0 clueweb12-1007wb-42-25507 0
209 0 clueweb12-1814wb-17-25239 0
209 0 clueweb12-1007wb-23-17997 0
209 0 clueweb12-1610wb-08-13225 0
209 0 clueweb12-0201wb-59-07085 0
209 0 clueweb12-1406wb-09-24505 0
209 0 clueweb12-1405wb-47-29126 0
209 0 clueweb12-1405wb-23-03730 0
209 0 clueweb12-0712wb-94-14061 0
209 0 clueweb12-0200wb-68-20778 0
209 0 clueweb12-0912wb-82-17493 0
209 0 clueweb12-1007wb-91-04555 0
209 0 clueweb12-0201wb-59-07088 0
209 0 clueweb12-0808wb-90-15008 0
209 0 clueweb12-1504wb-93-00612 0
209 0 clueweb12-1506wb-61-31260 0
209 0 clueweb12-1810wb-54-03629 0
209 0 clueweb12-0700wb-74-24735 0
209 0 clueweb12-0201wb-59-07086 0
209 0 clueweb12-0008wb-41-09906 0
209 0 clueweb12-0211wb-14-18295 0
209 0 clueweb12-0211wb-11-15148 0
209 0 clueweb12-0011wb-00-21766 0
210 0 clueweb12-0107wb-32-02462 0
210 0 clueweb12-0110wb-66-19553 0
210 0 clueweb12-0110wb-84-21607 0
210 0 clueweb12-0110wb-84-21605 0
210 0 clueweb12-0110wb-84-21606 0
210 0 clueweb12-0110wb-84-21604 0
210 0 clueweb12-0110wb-76-12435 0
210 0 clueweb12-0110wb-84-21608 0
210 0 clueweb12-0107wb-18-03514 0
210 0 clueweb12-0108wb-60-26316 0
210 0 clueweb12-0002wb-09-11456 1
210 0 clueweb12-1203wb-46-05221 1
210 0 clueweb12-1616wb-81-19001 0
210 0 clueweb12-0512wb-03-23753 0
210 0 clueweb12-0512wb-14-24991 0
210 0 clueweb12-1400wb-82-32013 0
210 0 clueweb12-1508wb-62-14300 0
210 0 clueweb12-0301wb-91-09780 0
210 0 clueweb12-1910wb-70-03363 0
210 0 clueweb12-0403wb-55-07767 0
210 0 clueweb12-0107wb-24-25387 0
210 0 clueweb12-0013wb-51-00787 0
210 0 clueweb12-1704wb-16-00788 2
210 0 clueweb12-1300tw-56-05095 0
210 0 clueweb12-0001wb-15-08841 0
211 0 clueweb12-0007wb-52-06376 0
211 0 clueweb12-1205wb-28-06475 1
211 0 clueweb12-0603wb-93-28217 1
211 0 clueweb12-0007wb-59-17886 0
211 0 clueweb12-0106wb-72-23240 1
211 0 clueweb12-0501wb-93-06225 2
211 0 clueweb12-1015wb-96-12095 0
211 0 clueweb12-1014wb-26-05753 0
211 0 clueweb12-0002wb-17-08456 0
211 0 clueweb12-0202wb-22-23256 0
211 0 clueweb12-1204wb-71-30297 0
211 0 clueweb12-1201tw-13-01240 0
211 0 clueweb12-1010wb-76-10708 0
211 0 clueweb12-1216wb-87-02518 0
211 0 clueweb12-1019wb-54-15120 0
211 0 clueweb12-1012wb-05-21529 0
211 0 clueweb12-1507wb-94-15778 0
211 0 clueweb12-0606wb-59-02863 0
211 0 clueweb12-1201wb-62-07407 0
211 0 clueweb12-1609wb-87-04973 0
211 0 clueweb12-0201wb-96-23742 0
211 0 clueweb12-0510wb-27-09078 0
211 0 clueweb12-1113wb-06-12373 0
211 0 clueweb12-0304wb-05-21637 0
211 0 clueweb12-1117wb-80-10748 0
212 0 clueweb12-1814wb-05-26199 0
212 0 clueweb12-0713wb-50-21719 0
212 0 clueweb12-0400wb-47-26395 0
212 0 clueweb12-0603wb-22-09396 0
212 0 clueweb12-1603wb-27-02596 0
212 0 clueweb12-0005wb-40-30225 0
212 0 clueweb12-1813wb-63-21220 0
212 0 clueweb12-0401wb-21-20629 0
212 0 clueweb12-0400wb-20-23438 0
212 0 clueweb12-0003wb-78-12502 0
212 0 clueweb12-0002wb-44-01212 1
212 0 clueweb12-0400tw-81-19015 0
212 0 clueweb12-0200tw-01-16682 0
212 0 clueweb12-1207wb-42-03759 0
212 0 clueweb12-1404wb-37-15837 0
212 0 clueweb12-1600tw-08-17375 0
212 0 clueweb12-0205wb-70-11731 0
212 0 clueweb12-1000tw-77-04647 0
212 0 clueweb12-0211wb-51-19350 -2
212 0 clueweb12-0612wb-05-14038 0
212 0 clueweb12-1800tw-42-15858 0
212 0 clueweb12-0612wb-05-14039 0
212 0 clueweb12-1213wb-03-14679 0
212 0 clueweb12-0608wb-76-13908 0
212 0 clueweb12-0200tw-02-21194 0
213 0 clueweb12-0812wb-60-28452 0
213 0 clueweb12-0000wb-32-22299 1
213 0 clueweb12-0004wb-15-20621 2
213 0 clueweb12-0817wb-26-11662 0
213 0 clueweb12-0307wb-13-30442 0
213 0 clueweb12-0816wb-82-11326 0
213 0 clueweb12-0816wb-90-19957 0
213 0 clueweb12-1813wb-60-24511 2
213 0 clueweb12-1117wb-67-14649 2
213 0 clueweb12-0201wb-85-11512 0
213 0 clueweb12-0304wb-21-23985 0
213 0 clueweb12-0107wb-28-03177 0
213 0 clueweb12-1912wb-80-02494 0
213 0 clueweb12-1913wb-09-24954 0
213 0 clueweb12-1912wb-65-09337 0
213 0 clueweb12-1913wb-02-12041 0
213 0 clueweb12-1913wb-09-24968 0
213 0 clueweb12-1912wb-84-21076 0
213 0 clueweb12-1913wb-22-06916 0
213 0 clueweb12-1912wb-75-26700 0
213 0 clueweb12-1912wb-65-09323 0
213 0 clueweb12-1913wb-03-27763 0
213 0 clueweb12-1912wb-86-09732 0
213 0 clueweb12-1912wb-98-16766 0
213 0 clueweb12-1912wb-75-26728 0
214 0 clueweb12-0011wb-17-26705 1
214 0 clueweb12-0000wb-46-08820 1
214 0 clueweb12-0011wb-62-03765 2
214 0 clueweb12-0300wb-78-31872 1
214 0 clueweb12-0002wb-22-08917 1
214 0 clueweb12-0900tw-61-21014 1
214 0 clueweb12-1512wb-62-09814 -2
214 0 clueweb12-0501wb-95-00428 1
214 0 clueweb12-1210wb-72-29192 1
214 0 clueweb12-0107wb-00-12757 0
214 0 clueweb12-0008wb-31-14452 1
214 0 clueweb12-0915wb-06-05225 1
214 0 clueweb12-0109wb-61-07769 0
214 0 clueweb12-0510wb-40-26080 2
214 0 clueweb12-0408wb-26-31829 1
214 0 clueweb12-0106wb-09-03094 1
214 0 clueweb12-1412wb-23-27027 2
214 0 clueweb12-0401wb-25-09498 1
214 0 clueweb12-0002wb-97-14165 2
214 0 clueweb12-0003wb-84-12101 0
214 0 clueweb12-0002wb-07-11251 0
214 0 clueweb12-0807wb-31-18328 0
214 0 clueweb12-0310wb-80-14394 0
214 0 clueweb12-1700wb-56-00262 1
214 0 clueweb12-1002wb-20-18538 1
215 0 clueweb12-0715wb-79-09334 0
215 0 clueweb12-0004wb-72-22379 0
215 0 clueweb12-0104wb-54-09612 1
215 0 clueweb12-1809wb-32-18598 0
215 0 clueweb12-1016wb-99-11705 0
215 0 clueweb12-0307wb-91-07141 0
215 0 clueweb12-0410wb-79-18707 0
215 0 clueweb12-1017wb-16-08442 0
215 0 clueweb12-0713wb-58-09062 0
215 0 clueweb12-1213wb-58-06921 0
215 0 clueweb12-0802wb-00-12720 0
215 0 clueweb12-1409wb-45-06683 0
215 0 clueweb12-0200wb-55-09875 0
215 0 clueweb12-1016wb-99-11699 0
215 0 clueweb12-0108wb-70-28409 0
215 0 clueweb12-1017wb-38-18612 0
215 0 clueweb12-0505wb-44-16722 0
215 0 clueweb12-0815wb-56-09510 0
215 0 clueweb12-1901wb-89-03098 1
215 0 clueweb12-0908wb-91-22893 0
215 0 clueweb12-0112wb-02-01048 0
215 0 clueweb12-0715wb-13-05157 0
215 0 clueweb12-1017wb-38-18620 0
215 0 clueweb12-0606wb-44-26225 0
215 0 clueweb12-1005wb-50-26906 0
216 0 clueweb12-0412wb-30-12144 1
216 0 clueweb12-1704wb-36-10607 1
216 0 clueweb12-1905wb-46-09873 2
216 0 clueweb12-0100tw-09-19709 1
216 0 clueweb12-0400tw-77-05817 3
216 0 clueweb12-1102wb-43-04327 1
216 0 clueweb12-1111wb-61-25620 0
216 0 clueweb12-1111wb-53-13591 0
216 0 clueweb12-1111wb-42-16685 0
216 0 clueweb12-0407wb-58-12059 -2
216 0 clueweb12-1602wb-41-12621 2
216 0 clueweb12-0104wb-88-03977 2
216 0 clueweb12-0504wb-30-32140 2
216 0 clueweb12-1303wb-69-20179 2
216 0 clueweb12-1300tw-11-12437 2
216 0 clueweb12-1902wb-29-31188 0
216 0 clueweb12-0303wb-68-10914 0
216 0 clueweb12-1715wb-34-02466 2
216 0 clueweb12-1000tw-65-02132 1
216 0 clueweb12-1910wb-19-23405 2
216 0 clueweb12-1813wb-06-09068 0
216 0 clueweb12-0100tw-74-08426 1
216 0 clueweb12-0305wb-29-16957 1
216 0 clueweb12-0007wb-03-13148 2
216 0 clueweb12-0800tw-38-09395 0
217 0 clueweb12-0001wb-15-09071 2
217 0 clueweb12-1600tw-36-10490 0
217 0 clueweb12-1700tw-16-18413 2
217 0 clueweb12-1800tw-26-20085 1
217 0 clueweb12-0905wb-55-18536 2
217 0 clueweb12-0702wb-66-15820 2
217 0 clueweb12-0500wb-35-05859 0
217 0 clueweb12-0511wb-82-01787 0
217 0 clueweb12-0511wb-45-05043 0
217 0 clueweb12-0009wb-59-10352 0
217 0 clueweb12-1603wb-70-10749 0
217 0 clueweb12-0005wb-42-22389 0
217 0 clueweb12-1118wb-77-05178 0
217 0 clueweb12-1100wb-18-28079 0
217 0 clueweb12-0301wb-34-30593 0
217 0 clueweb12-0106wb-65-09817 0
217 0 clueweb12-0511wb-45-05057 0
217 0 clueweb12-0511wb-01-02175 0
217 0 clueweb12-1412wb-86-14972 0
217 0 clueweb12-0207wb-93-10480 0
217 0 clueweb12-0818wb-76-06777 0
217 0 clueweb12-0303wb-15-02087 0
217 0 clueweb12-1112wb-60-14459 0
217 0 clueweb12-0405wb-45-11253 0
217 0 clueweb12-0008wb-81-18744 0
218 0 clueweb12-0211wb-66-01709 1
218 0 clueweb12-0707wb-41-00921 0
218 0 clueweb12-0706wb-41-13564 0
218 0 clueweb12-0703wb-80-09684 1
218 0 clueweb12-1313wb-96-08883 0
218 0 clueweb12-0707wb-41-00919 1
218 0 clueweb12-0300tw-33-01415 1
218 0 clueweb12-0913wb-48-01483 0
218 0 clueweb12-0408wb-88-01442 0
218 0 clueweb12-0916wb-55-17807 0
218 0 clueweb12-0500wb-35-05859 0
218 0 clueweb12-1300tw-85-15826 0
218 0 clueweb12-1217wb-48-23733 0
218 0 clueweb12-1804wb-46-04676 0
218 0 clueweb12-0716wb-74-19528 0
218 0 clueweb12-1804wb-54-04111 0
218 0 clueweb12-0717wb-27-16061 0
218 0 clueweb12-0809wb-84-19094 0
218 0 clueweb12-1714wb-80-20274 0
218 0 clueweb12-0716wb-24-18387 0
218 0 clueweb12-0914wb-74-12132 0
218 0 clueweb12-1106wb-08-05125 0
218 0 clueweb12-0802wb-42-04858 0
218 0 clueweb12-1106wb-77-07235 0
218 0 clueweb12-1106wb-08-05126 0
219 0 clueweb12-0200wb-40-09993 0
219 0 clueweb12-0200tw-45-10914 1
219 0 clueweb12-0205wb-68-33996 0
219 0 clueweb12-1208wb-00-38158 0
219 0 clueweb12-1105wb-32-00070 0
219 0 clueweb12-1101wb-93-07381 0
219 0 clueweb12-1102wb-51-13179 0
219 0 clueweb12-0311wb-60-17678 0
219 0 clueweb12-1211wb-99-24567 0
219 0 clueweb12-1105wb-24-16725 0
219 0 clueweb12-1105wb-24-16724 0
219 0 clueweb12-0110wb-26-33243 0
219 0 clueweb12-1208wb-11-25540 0
219 0 clueweb12-1210wb-85-28648 0
219 0 clueweb12-1103wb-48-05906 0
219 0 clueweb12-0405wb-23-05032 0
219 0 clueweb12-1101wb-85-20232 0
219 0 clueweb12-0300wb-55-26504 0
219 0 clueweb12-1208wb-42-06189 0
219 0 clueweb12-1105wb-32-00068 0
219 0 clueweb12-1208wb-72-11255 0
219 0 clueweb12-1105wb-24-16723 0
219 0 clueweb12-0408wb-40-11149 0
219 0 clueweb12-1207wb-39-15412 0
219 0 clueweb12-1207wb-39-15414 0
220 0 clueweb12-1300tw-89-06933 0
220 0 clueweb12-1500tw-18-15967 0
220 0 clueweb12-1500tw-20-07419 0
220 0 clueweb12-1409wb-14-13857 0
220 0 clueweb12-1500tw-18-15968 0
220 0 clueweb12-0605wb-18-31496 0
220 0 clueweb12-0900tw-39-00602 -2
220 0 clueweb12-0400wb-40-07911 0
220 0 clueweb12-0309wb-09-12083 0
220 0 clueweb12-1806wb-88-21442 0
220 0 clueweb12-0706wb-23-28597 0
220 0 clueweb12-0400wb-23-06919 0
220 0 clueweb12-0400wb-10-18739 0
220 0 clueweb12-1616wb-21-09524 2
220 0 clueweb12-1400tw-26-16007 0
220 0 clueweb12-0706wb-93-09290 0
220 0 clueweb12-0500tw-30-15775 0
220 0 clueweb12-0800tw-15-10638 0
220 0 clueweb12-0305wb-77-33052 0
220 0 clueweb12-1615wb-40-17510 0
220 0 clueweb12-0707wb-20-03601 0
220 0 clueweb12-1500tw-18-15978 0
220 0 clueweb12-0312wb-28-08012 0
220 0 clueweb12-1406wb-80-08343 0
220 0 clueweb12-0006wb-44-07058 0
221 0 clueweb12-1615wb-92-14872 2
221 0 clueweb12-1101tw-01-13761 2
221 0 clueweb12-0201wb-52-05234 1
221 0 clueweb12-0011wb-37-04896 1
221 0 clueweb12-0405wb-89-04395 2
221 0 clueweb12-1708wb-02-14337 1
221 0 clueweb12-0308wb-78-14542 2
221 0 clueweb12-0007wb-95-00601 2
221 0 clueweb12-0712wb-24-17553 1
221 0 clueweb12-0012wb-89-10464 1
221 0 clueweb12-0101wb-06-30496 0
221 0 clueweb12-0101wb-25-05852 0
221 0 clueweb12-0102wb-31-05031 1
221 0 clueweb12-0403wb-33-06684 1
221 0 clueweb12-0311wb-25-07522 1
221 0 clueweb12-0013wb-83-02045 2
221 0 clueweb12-0110wb-90-26914 1
221 0 clueweb12-0907wb-40-04078 3
221 0 clueweb12-0100tw-14-12046 2
221 0 clueweb12-0200tw-62-11581 2
221 0 clueweb12-1305wb-36-04835 1
221 0 clueweb12-1700wb-57-04219 2
221 0 clueweb12-0100wb-91-16022 1
221 0 clueweb12-1615wb-09-21886 2
221 0 clueweb12-1105wb-65-25295 0
222 0 clueweb12-1507wb-15-22992 0
222 0 clueweb12-0202wb-19-12239 1
222 0 clueweb12-0207wb-90-06374 2
222 0 clueweb12-0004wb-51-14619 0
222 0 clueweb12-1300wb-33-07657 0
222 0 clueweb12-0004wb-63-30327 3
222 0 clueweb12-0809wb-25-02336 1
222 0 clueweb12-0705wb-12-27896 0
222 0 clueweb12-1513wb-98-14473 1
222 0 clueweb12-0509wb-14-10674 1
222 0 clueweb12-0304wb-04-16409 2
222 0 clueweb12-1700wb-61-03187 0
222 0 clueweb12-0601wb-50-26715 0
222 0 clueweb12-1302wb-30-05122 0
222 0 clueweb12-0816wb-79-17522 0
222 0 clueweb12-0405wb-42-17290 0
222 0 clueweb12-0209wb-68-13813 0
222 0 clueweb12-1303wb-36-01835 0
222 0 clueweb12-0511wb-00-22165 0
222 0 clueweb12-0601wb-02-08750 0
222 0 clueweb12-0308wb-74-02924 0
222 0 clueweb12-1302wb-81-10066 0
222 0 clueweb12-0704wb-68-31635 0
222 0 clueweb12-0308wb-09-18968 0
222 0 clueweb12-0913wb-41-22969 0
223 0 clueweb12-0112wb-09-15320 2
223 0 clueweb12-0005wb-40-27730 1
223 0 clueweb12-0008wb-76-24973 1
223 0 clueweb12-0601wb-98-19025 0
223 0 clueweb12-0806wb-76-18849 0
223 0 clueweb12-0004wb-75-20276 0
223 0 clueweb12-0507wb-20-07675 1
223 0 clueweb12-0601wb-77-35159 0
223 0 clueweb12-0600wb-60-28282 0
223 0 clueweb12-0604wb-65-15118 0
223 0 clueweb12-0601wb-50-26715 0
223 0 clueweb12-0600wb-65-25423 0
223 0 clueweb12-0605wb-39-17259 0
223 0 clueweb12-0511wb-83-03657 0
223 0 clueweb12-0604wb-49-18147 0
223 0 clueweb12-0511wb-07-09515 0
223 0 clueweb12-0511wb-31-25761 0
223 0 clueweb12-0512wb-38-04097 0
223 0 clueweb12-0603wb-38-30276 0
223 0 clueweb12-0600wb-80-08337 0
223 0 clueweb12-0709wb-97-07468 0
223 0 clueweb12-1907wb-86-19405 0
223 0 clueweb12-0604wb-56-01164 0
223 0 clueweb12-0107wb-38-12226 0
223 0 clueweb12-1416wb-44-16960 0
224 0 clueweb12-0300wb-11-17868 0
224 0 clueweb12-0207wb-39-23141 0
224 0 clueweb12-0202wb-06-30534 0
224 0 clueweb12-1913wb-33-10036 0
224 0 clueweb12-0612wb-82-15790 0
224 0 clueweb12-0300wb-11-17869 0
224 0 clueweb12-0300wb-11-17867 0
224 0 clueweb12-0300wb-21-30539 0
224 0 clueweb12-0300wb-21-30540 0
224 0 clueweb12-0306wb-09-13171 0
224 0 clueweb12-1808wb-41-17832 0
224 0 clueweb12-0306wb-05-25055 0
224 0 clueweb12-0003wb-37-01652 0
224 0 clueweb12-0907wb-41-24487 2
224 0 clueweb12-1216wb-76-19957 2
224 0 clueweb12-0300wb-04-25495 0
224 0 clueweb12-1508wb-14-26698 0
224 0 clueweb12-1910wb-17-01590 0
224 0 clueweb12-0205wb-23-30937 0
224 0 clueweb12-0800tw-43-07410 0
224 0 clueweb12-0211wb-21-32346 2
224 0 clueweb12-1711wb-24-24396 0
224 0 clueweb12-1008wb-99-14404 0
224 0 clueweb12-1101wb-74-23050 2
224 0 clueweb12-0206wb-86-16658 0
225 0 clueweb12-0108wb-12-21295 0
225 0 clueweb12-0300wb-69-15658 0
225 0 clueweb12-0009wb-22-18200 0
225 0 clueweb12-0101wb-44-21854 0
225 0 clueweb12-0205wb-75-05856 0
225 0 clueweb12-1807wb-65-13301 0
225 0 clueweb12-0205wb-75-05854 0
225 0 clueweb12-1808wb-69-24228 0
225 0 clueweb12-0205wb-75-05851 0
225 0 clueweb12-0205wb-67-05832 0
225 0 clueweb12-1901wb-47-03420 0
225 0 clueweb12-1301wb-60-25896 0
225 0 clueweb12-1908wb-44-27755 0
225 0 clueweb12-1901wb-28-22716 0
225 0 clueweb12-0205wb-58-07951 0
225 0 clueweb12-0205wb-67-05830 0
225 0 clueweb12-0602wb-88-25924 0
225 0 clueweb12-1810wb-48-25343 0
225 0 clueweb12-0203wb-77-11394 0
225 0 clueweb12-1103wb-48-10281 0
225 0 clueweb12-0817wb-30-36006 0
225 0 clueweb12-0205wb-75-05857 0
225 0 clueweb12-0205wb-75-05858 0
225 0 clueweb12-1907wb-84-18224 0
225 0 clueweb12-0105wb-41-06719 0
226 0 clueweb12-1308wb-38-21136 0
226 0 clueweb12-0804wb-50-12262 0
226 0 clueweb12-0310wb-79-28113 1
226 0 clueweb12-0204wb-78-18537 0
226 0 clueweb12-0300wb-18-14548 1
226 0 clueweb12-1411wb-48-07109 0
226 0 clueweb12-0300tw-40-16815 0
226 0 clueweb12-0303wb-90-05764 0
226 0 clueweb12-0306wb-23-13239 0
226 0 clueweb12-0106wb-18-32227 0
226 0 clueweb12-0003wb-92-11555 0
226 0 clueweb12-0306wb-23-13231 0
226 0 clueweb12-0800wb-04-17213 0
226 0 clueweb12-0915wb-10-02214 0
226 0 clueweb12-0103wb-71-30002 0
226 0 clueweb12-0603wb-16-03784 0
226 0 clueweb12-1711wb-45-19102 0
226 0 clueweb12-1113wb-21-01836 0
226 0 clueweb12-1504wb-43-11167 0
226 0 clueweb12-1906wb-23-11341 0
226 0 clueweb12-0404wb-62-04616 0
226 0 clueweb12-1805wb-33-27355 0
226 0 clueweb12-1805wb-87-03547 0
226 0 clueweb12-0311wb-80-33210 0
226 0 clueweb12-0110wb-92-14234 0
227 0 clueweb12-0604wb-06-29881 0
227 0 clueweb12-1514wb-69-25683 0
227 0 clueweb12-1017wb-85-16663 0
227 0 clueweb12-0907wb-41-26032 0
227 0 clueweb12-1910wb-69-25447 2
227 0 clueweb12-1911wb-62-20625 0
227 0 clueweb12-1904wb-83-19328 0
227 0 clueweb12-0107wb-34-00839 0
227 0 clueweb12-0003wb-38-19246 0
227 0 clueweb12-1000wb-32-10500 0
227 0 clueweb12-0207wb-18-11720 0
227 0 clueweb12-1811wb-23-08447 0
227 0 clueweb12-1812wb-71-10766 0
227 0 clueweb12-0405wb-04-01578 0
227 0 clueweb12-1812wb-18-26037 0
227 0 clueweb12-0010wb-90-03962 0
227 0 clueweb12-0002wb-74-22367 0
227 0 clueweb12-0912wb-08-04326 0
227 0 clueweb12-0910wb-30-08203 0
227 0 clueweb12-0302wb-96-19667 0
227 0 clueweb12-0503wb-26-03483 2
227 0 clueweb12-0004wb-79-15112 0
227 0 clueweb12-1914wb-02-18868 0
227 0 clueweb12-0405wb-82-38136 0
227 0 clueweb12-0107wb-92-05746 0
228 0 clueweb12-0811wb-49-03047 1
228 0 clueweb12-0406wb-03-17715 0
228 0 clueweb12-1716wb-13-29033 1
228 0 clueweb12-1716wb-60-23030 0
228 0 clueweb12-0100wb-22-00265 0
228 0 clueweb12-0400wb-49-24877 2
228 0 clueweb12-0311wb-90-18665 0
228 0 clueweb12-1805wb-51-16190 0
228 0 clueweb12-0101wb-02-11579 0
228 0 clueweb12-0100wb-31-23980 0
228 0 clueweb12-0100wb-22-00279 0
228 0 clueweb12-1904wb-06-23861 0
228 0 clueweb12-0812wb-37-21633 0
228 0 clueweb12-0010wb-45-28371 0
228 0 clueweb12-0811wb-94-14858 0
228 0 clueweb12-0311wb-56-19591 0
228 0 clueweb12-1413wb-88-23133 1
228 0 clueweb12-0100wb-01-28171 1
228 0 clueweb12-0009wb-89-29513 0
228 0 clueweb12-0600tw-21-01000 0
228 0 clueweb12-0811wb-67-21532 0
228 0 clueweb12-0010wb-11-19667 0
228 0 clueweb12-0011wb-58-17387 0
228 0 clueweb12-0812wb-28-24889 0
228 0 clueweb12-0013wb-51-09640 0
229 0 clueweb12-0406wb-22-14491 2
229 0 clueweb12-0406wb-33-24478 2
229 0 clueweb12-0405wb-36-10191 2
229 0 clueweb12-0007wb-97-19131 0
229 0 clueweb12-0106wb-44-10167 2
229 0 clueweb12-1309wb-63-05519 -2
229 0 clueweb12-1503wb-86-27632 2
229 0 clueweb12-0005wb-12-24081 -2
229 0 clueweb12-0008wb-61-17801 2
229 0 clueweb12-0306wb-89-00333 -2
229 0 clueweb12-1316wb-31-04144 0
229 0 clueweb12-1503wb-76-14740 2
229 0 clueweb12-0007wb-22-37228 0
229 0 clueweb12-1504wb-28-08368 2
229 0 clueweb12-0001wb-19-30484 2
229 0 clueweb12-0000wb-13-09228 0
229 0 clueweb12-1504wb-25-10677 0
229 0 clueweb12-1206wb-47-24088 0
229 0 clueweb12-0704wb-26-32005 0
229 0 clueweb12-0500wb-94-31136 2
229 0 clueweb12-1503wb-84-01749 0
229 0 clueweb12-1503wb-79-12700 0
229 0 clueweb12-0500wb-98-16903 2
229 0 clueweb12-1504wb-28-08369 0
229 0 clueweb12-1503wb-84-01750 0
230 0 clueweb12-0906wb-64-10582 0
230 0 clueweb12-1910wb-76-11971 0
230 0 clueweb12-0012wb-72-20261 2
230 0 clueweb12-1200tw-61-06265 0
230 0 clueweb12-0301tw-20-13994 1
230 0 clueweb12-1200tw-49-09328 0
230 0 clueweb12-1004wb-84-23793 0
230 0 clueweb12-0000wb-53-08504 1
230 0 clueweb12-1803wb-38-14664 0
230 0 clueweb12-1100tw-02-21308 0
230 0 clueweb12-1200tw-31-03155 0
230 0 clueweb12-1200tw-15-12333 0
230 0 clueweb12-1415wb-74-08061 2
230 0 clueweb12-0103wb-82-07272 0
230 0 clueweb12-1200tw-16-03995 0
230 0 clueweb12-0104wb-52-16603 0
230 0 clueweb12-1000tw-97-08063 0
230 0 clueweb12-1601wb-19-10685 0
230 0 clueweb12-1200tw-15-12335 0
230 0 clueweb12-1200tw-13-06363 0
230 0 clueweb12-0102wb-78-31914 0
230 0 clueweb12-0714wb-45-23649 0
230 0 clueweb12-0104wb-71-09949 0
230 0 clueweb12-1100tw-02-21307 0
230 0 clueweb12-1100tw-02-21309 0
231 0 clueweb12-1704wb-46-25975 3
231 0 clueweb12-0000wb-66-01364 1
231 0 clueweb12-1108wb-17-15138 0
231 0 clueweb12-1707wb-19-13500 0
231 0 clueweb12-0709wb-36-03301 0
231 0 clueweb12-1708wb-51-03110 0
231 0 clueweb12-1300tw-27-13985 1
231 0 clueweb12-0805wb-41-18217 1
231 0 clueweb12-1501wb-12-00784 0
231 0 clueweb12-0507wb-66-06291 1
231 0 clueweb12-0301wb-70-19154 0
231 0 clueweb12-0709wb-36-03305 0
231 0 clueweb12-1708wb-23-06282 0
231 0 clueweb12-1301wb-75-00047 0
231 0 clueweb12-1019wb-53-05673 0
231 0 clueweb12-0111wb-82-10584 0
231 0 clueweb12-1515wb-28-15985 -2
231 0 clueweb12-0402wb-55-06910 0
231 0 clueweb12-0200wb-84-25277 0
231 0 clueweb12-0112wb-49-00636 0
231 0 clueweb12-0106wb-07-34561 0
231 0 clueweb12-0109wb-86-13144 0
231 0 clueweb12-0106wb-07-34547 0
231 0 clueweb12-0105wb-87-16332 0
231 0 clueweb12-0207wb-49-16242 0
232 0 clueweb12-0204wb-91-33259 1
232 0 clueweb12-0403wb-41-13323 1
232 0 clueweb12-0715wb-81-29281 1
232 0 clueweb12-1302wb-57-00081 1
232 0 clueweb12-0408wb-77-25677 0
232 0 clueweb12-0204wb-13-18287 0
232 0 clueweb12-1515wb-96-11690 0
232 0 clueweb12-1602wb-05-29542 0
232 0 clueweb12-0817wb-32-34922 1
232 0 clueweb12-1607wb-07-06328 0
232 0 clueweb12-1515wb-88-06795 0
232 0 clueweb12-1601wb-65-28919 0
232 0 clueweb12-1516wb-65-33346 0
232 0 clueweb12-1602wb-36-12043 0
232 0 clueweb12-1601wb-41-06630 0
232 0 clueweb12-1515wb-74-23010 0
232 0 clueweb12-1813wb-36-14198 0
232 0 clueweb12-1908wb-41-02380 0
232 0 clueweb12-1908wb-79-37061 0
232 0 clueweb12-1813wb-41-12572 0
232 0 clueweb12-1907wb-69-18671 0
232 0 clueweb12-1006wb-64-21377 0
232 0 clueweb12-1008wb-63-05937 0
232 0 clueweb12-1005wb-30-11979 0
232 0 clueweb12-1005wb-91-10419 0
233 0 clueweb12-0411wb-10-17769 1
233 0 clueweb12-0013wb-38-22088 0
233 0 clueweb12-0012wb-93-02071 0
233 0 clueweb12-0111wb-68-07243 0
233 0 clueweb12-0013wb-27-14601 0
233 0 clueweb12-0110wb-24-28072 0
233 0 clueweb12-0112wb-07-14726 0
233 0 clueweb12-0109wb-76-16678 0
233 0 clueweb12-0201wb-49-04477 0
233 0 clueweb12-0110wb-92-17926 0
233 0 clueweb12-1407wb-27-05359 0
233 0 clueweb12-0201wb-10-04710 0
233 0 clueweb12-0001wb-84-24664 0
233 0 clueweb12-0112wb-59-04785 0
233 0 clueweb12-0200wb-47-15018 0
233 0 clueweb12-0202wb-27-28371 0
233 0 clueweb12-0410wb-91-27440 0
233 0 clueweb12-0110wb-65-34996 0
233 0 clueweb12-0111wb-42-25075 0
233 0 clueweb12-0200wb-55-19197 0
233 0 clueweb12-0109wb-52-28537 0
233 0 clueweb12-0101wb-72-15643 0
233 0 clueweb12-0200wb-39-13697 0
233 0 clueweb12-0110wb-54-18264 0
233 0 clueweb12-0111wb-51-09885 0
234 0 clueweb12-1303wb-95-23915 1
234 0 clueweb12-0203wb-97-28037 1
234 0 clueweb12-0108wb-12-13901 1
234 0 clueweb12-1602wb-81-10215 0
234 0 clueweb12-0900tw-66-08791 0
234 0 clueweb12-1400tw-40-12850 1
234 0 clueweb12-0601wb-77-35159 0
234 0 clueweb12-0600wb-60-28282 0
234 0 clueweb12-1302wb-30-05122 0
234 0 clueweb12-1303wb-36-01835 0
234 0 clueweb12-0604wb-65-15118 0
234 0 clueweb12-0601wb-50-26715 0
234 0 clueweb12-0600wb-65-25423 0
234 0 clueweb12-0511wb-31-25761 0
234 0 clueweb12-1302wb-81-10066 0
234 0 clueweb12-0511wb-83-03657 0
234 0 clueweb12-0604wb-49-18147 0
234 0 clueweb12-0511wb-07-09515 0
234 0 clueweb12-0512wb-38-04097 0
234 0 clueweb12-0603wb-38-30276 0
234 0 clueweb12-0600wb-80-08337 0
234 0 clueweb12-0605wb-39-17259 0
234 0 clueweb12-0817wb-44-15915 0
234 0 clueweb12-1907wb-86-19405 0
234 0 clueweb12-0601wb-85-30511 0
235 0 clueweb12-0109wb-03-32287 2
235 0 clueweb12-1515wb-16-23110 0
235 0 clueweb12-1815wb-37-30413 0
235 0 clueweb12-0601wb-50-34183 0
235 0 clueweb12-0500tw-31-21398 0
235 0 clueweb12-1314wb-06-02421 0
235 0 clueweb12-0302wb-91-24854 0
235 0 clueweb12-1000wb-29-03201 2
235 0 clueweb12-0716wb-81-16039 0
235 0 clueweb12-0207wb-56-24008 0
235 0 clueweb12-1312wb-68-05711 0
235 0 clueweb12-0208wb-36-19036 0
235 0 clueweb12-0505wb-48-13690 0
235 0 clueweb12-0206wb-75-31718 0
235 0 clueweb12-1707wb-44-08518 0
235 0 clueweb12-0909wb-66-07965 0
235 0 clueweb12-1103wb-96-17730 0
235 0 clueweb12-0207wb-14-28381 0
235 0 clueweb12-1405wb-12-26073 0
235 0 clueweb12-0008wb-58-10361 0
235 0 clueweb12-1204wb-74-11105 0
235 0 clueweb12-0002wb-57-13647 0
235 0 clueweb12-1405wb-12-26079 0
235 0 clueweb12-0507wb-60-35076 0
235 0 clueweb12-1405wb-12-26074 0
236 0 clueweb12-1900tw-58-09883 0
236 0 clueweb12-1408wb-69-07590 1
236 0 clueweb12-0205wb-85-21521 1
236 0 clueweb12-1409wb-00-13961 1
236 0 clueweb12-0502wb-04-33643 1
236 0 clueweb12-0003wb-56-20728 1
236 0 clueweb12-0912wb-44-16113 1
236 0 clueweb12-0102wb-47-01161 0
236 0 clueweb12-0601wb-77-35159 0
236 0 clueweb12-0600wb-60-28282 0
236 0 clueweb12-1109wb-11-00286 0
236 0 clueweb12-0604wb-65-15118 0
236 0 clueweb12-0601wb-50-26715 0
236 0 clueweb12-0600wb-65-25423 0
236 0 clueweb12-0511wb-83-03657 0
236 0 clueweb12-0604wb-49-18147 0
236 0 clueweb12-0511wb-31-25761 0
236 0 clueweb12-0511wb-07-09515 0
236 0 clueweb12-0512wb-38-04097 0
236 0 clueweb12-0603wb-38-30276 0
236 0 clueweb12-0600wb-80-08337 0
236 0 clueweb12-0600wb-54-13791 0
236 0 clueweb12-1801wb-02-22708 0
236 0 clueweb12-0817wb-44-15915 0
236 0 clueweb12-1907wb-86-19405 0
237 0 clueweb12-0607wb-61-18548 0
237 0 clueweb12-0012wb-45-00461 0
237 0 clueweb12-0101wb-65-00036 0
237 0 clueweb12-1400wb-47-05273 0
237 0 clueweb12-0011wb-38-30576 0
237 0 clueweb12-0800wb-08-14863 0
237 0 clueweb12-1316wb-26-34750 0
237 0 clueweb12-0809wb-06-21405 0
237 0 clueweb12-1801wb-11-06821 0
237 0 clueweb12-0512wb-47-03372 0
237 0 clueweb12-0800wb-08-14862 0
237 0 clueweb12-0605wb-20-22587 0
237 0 clueweb12-1316wb-26-34751 0
237 0 clueweb12-0605wb-82-32040 0
237 0 clueweb12-0012wb-45-00445 0
237 0 clueweb12-0716wb-87-06401 0
237 0 clueweb12-0001wb-15-02723 0
237 0 clueweb12-1502wb-68-09439 0
237 0 clueweb12-0606wb-19-31421 0
237 0 clueweb12-0011wb-30-17238 0
237 0 clueweb12-0300wb-46-25935 0
237 0 clueweb12-0104wb-23-14591 0
237 0 clueweb12-1610wb-70-11119 0
237 0 clueweb12-1209wb-10-14679 3
237 0 clueweb12-1611wb-87-03077 0
238 0 clueweb12-0401wb-33-19077 1
238 0 clueweb12-0508wb-18-01502 2
238 0 clueweb12-1901wb-24-06279 1
238 0 clueweb12-0005wb-61-11386 1
238 0 clueweb12-0813wb-91-06393 0
238 0 clueweb12-0511wb-82-01787 0
238 0 clueweb12-0009wb-59-10352 0
238 0 clueweb12-0301wb-92-26737 0
238 0 clueweb12-1112wb-73-00253 0
238 0 clueweb12-0400wb-18-04487 0
238 0 clueweb12-0511wb-45-05043 0
238 0 clueweb12-0202wb-22-29847 0
238 0 clueweb12-1603wb-70-10749 0
238 0 clueweb12-1708wb-13-29814 0
238 0 clueweb12-0305wb-13-20979 0
238 0 clueweb12-0203wb-88-10911 0
238 0 clueweb12-0201wb-39-32083 0
238 0 clueweb12-0201wb-14-16559 0
238 0 clueweb12-1910wb-35-11201 0
238 0 clueweb12-0203wb-79-17384 0
238 0 clueweb12-0201wb-82-27814 0
238 0 clueweb12-0205wb-29-35405 0
238 0 clueweb12-0206wb-04-27116 0
238 0 clueweb12-0202wb-83-06936 0
238 0 clueweb12-0201wb-47-24649 0
239 0 clueweb12-0104wb-32-23220 0
239 0 clueweb12-0101wb-84-21151 1
239 0 clueweb12-0903wb-22-05022 0
239 0 clueweb12-1005wb-51-20589 0
239 0 clueweb12-0006wb-43-15453 1
239 0 clueweb12-1602wb-61-25574 1
239 0 clueweb12-1804wb-06-16079 0
239 0 clueweb12-1802wb-98-31045 1
239 0 clueweb12-0006wb-07-28838 0
239 0 clueweb12-1103wb-67-03536 0
239 0 clueweb12-0511wb-59-28948 0
239 0 clueweb12-1204wb-09-09402 0
239 0 clueweb12-1211wb-85-29152 0
239 0 clueweb12-1203wb-96-18813 0
239 0 clueweb12-1205wb-03-00708 0
239 0 clueweb12-0916wb-57-09645 -2
239 0 clueweb12-1400tw-37-22357 3
239 0 clueweb12-1804wb-00-12154 0
239 0 clueweb12-1802wb-61-23554 0
239 0 clueweb12-0311wb-22-00239 0
239 0 clueweb12-0606wb-28-03236 1
239 0 clueweb12-0106wb-40-19524 0
239 0 clueweb12-1006wb-80-16687 1
239 0 clueweb12-0002wb-97-13622 0
239 0 clueweb12-0402wb-24-08829 0
240 0 clueweb12-0611wb-03-27200 3
240 0 clueweb12-0717wb-43-20137 2
240 0 clueweb12-1016wb-91-19825 3
240 0 clueweb12-0006wb-35-11564 1
240 0 clueweb12-1309wb-77-28242 0
240 0 clueweb12-0006wb-88-09514 0
240 0 clueweb12-0006wb-88-09515 0
240 0 clueweb12-0210wb-09-14053 0
240 0 clueweb12-1900wb-09-22000 0
240 0 clueweb12-0402wb-62-04393 0
240 0 clueweb12-0403wb-73-29796 0
240 0 clueweb12-0404wb-01-16293 0
240 0 clueweb12-1208wb-09-00674 0
240 0 clueweb12-0506wb-27-20749 0
240 0 clueweb12-0402wb-62-04407 0
240 0 clueweb12-1715wb-07-22518 0
240 0 clueweb12-0402wb-36-15420 0
240 0 clueweb12-0909wb-00-20391 0
240 0 clueweb12-0402wb-93-10865 0
240 0 clueweb12-0404wb-13-04772 0
240 0 clueweb12-1715wb-05-18794 0
240 0 clueweb12-0401wb-95-30331 0
240 0 clueweb12-0404wb-42-15590 0
240 0 clueweb12-0005wb-24-33288 0
240 0 clueweb12-0012wb-44-12777 0
241 0 clueweb12-0008wb-19-32593 0
241 0 clueweb12-0000wb-31-00031 0
241 0 clueweb12-1205wb-72-15478 0
241 0 clueweb12-0003wb-51-12107 1
241 0 clueweb12-0806wb-82-08666 0
241 0 clueweb12-0903wb-90-17134 0
241 0 clueweb12-0401wb-96-12157 0
241 0 clueweb12-0000wb-07-09978 0
241 0 clueweb12-1211wb-27-05096 0
241 0 clueweb12-1117wb-86-18092 0
241 0 clueweb12-0110wb-08-08952 0
241 0 clueweb12-1207wb-47-25051 0
241 0 clueweb12-1207wb-47-25063 0
241 0 clueweb12-1207wb-42-11228 0
241 0 clueweb12-1314wb-62-12964 1
241 0 clueweb12-0000wb-31-00042 0
241 0 clueweb12-1901wb-90-05378 0
241 0 clueweb12-0008wb-74-10100 0
241 0 clueweb12-0210wb-64-10001 0
241 0 clueweb12-1212wb-00-12010 0
241 0 clueweb12-1203wb-41-05993 0
241 0 clueweb12-0700wb-63-16373 0
241 0 clueweb12-0001wb-56-32653 0
241 0 clueweb12-1115wb-71-24849 0
241 0 clueweb12-0902wb-69-03939 0
242 0 clueweb12-0607wb-37-05719 0
242 0 clueweb12-1407wb-52-19583 1
242 0 clueweb12-0914wb-45-20335 0
242 0 clueweb12-0914wb-18-18082 0
242 0 clueweb12-0914wb-42-19103 0
242 0 clueweb12-0206wb-20-26365 0
242 0 clueweb12-0304wb-07-01604 0
242 0 clueweb12-0302wb-71-07529 0
242 0 clueweb12-0205wb-54-34383 0
242 0 clueweb12-0304wb-22-15223 0
242 0 clueweb12-0914wb-11-02891 0
242 0 clueweb12-1500wb-13-19175 0
242 0 clueweb12-0303wb-31-09854 0
242 0 clueweb12-1106wb-76-01468 0
242 0 clueweb12-0108wb-12-06778 -2
242 0 clueweb12-0204wb-80-02067 0
242 0 clueweb12-0303wb-73-20816 0
242 0 clueweb12-0200wb-98-08424 2
242 0 clueweb12-0010wb-78-12579 0
242 0 clueweb12-0013wb-50-13224 0
242 0 clueweb12-0305wb-93-17310 0
242 0 clueweb12-1710wb-20-01129 0
242 0 clueweb12-0112wb-14-07420 0
242 0 clueweb12-1706wb-90-01492 0
242 0 clueweb12-0703wb-76-01337 1
243 0 clueweb12-1700tw-41-00936 2
243 0 clueweb12-1808wb-92-24398 1
243 0 clueweb12-1204wb-44-13161 0
243 0 clueweb12-0404wb-83-26707 0
243 0 clueweb12-0001wb-53-26901 0
243 0 clueweb12-0001wb-53-26899 1
243 0 clueweb12-0000wb-45-25173 1
243 0 clueweb12-0610wb-40-06503 0
243 0 clueweb12-0700wb-62-09446 0
243 0 clueweb12-0006wb-71-22972 0
243 0 clueweb12-0914wb-12-17399 0
243 0 clueweb12-1107wb-68-18120 -2
243 0 clueweb12-0206wb-77-03013 1
243 0 clueweb12-1200wb-76-06636 0
243 0 clueweb12-1205wb-03-22138 0
243 0 clueweb12-1200wb-79-25707 0
243 0 clueweb12-1201wb-29-24216 0
243 0 clueweb12-1203wb-58-31959 0
243 0 clueweb12-1003wb-98-11520 0
243 0 clueweb12-1118wb-10-11740 0
243 0 clueweb12-1118wb-13-20917 0
243 0 clueweb12-1117wb-81-04903 0
243 0 clueweb12-1117wb-81-04904 0
243 0 clueweb12-1202wb-24-05871 0
243 0 clueweb12-1118wb-13-20918 0
244 0 clueweb12-1016wb-91-11845 0
244 0 clueweb12-1016wb-91-11846 0
244 0 clueweb12-1019wb-66-12577 0
244 0 clueweb12-1016wb-42-14775 0
244 0 clueweb12-1019wb-66-12575 0
244 0 clueweb12-1019wb-69-04149 0
244 0 clueweb12-1019wb-66-12578 0
244 0 clueweb12-1018wb-79-01214 0
244 0 clueweb12-1004wb-86-13521 0
244 0 clueweb12-0812wb-73-19794 2
244 0 clueweb12-0809wb-92-00920 0
244 0 clueweb12-1906wb-76-14850 0
244 0 clueweb12-1108wb-00-25662 0
244 0 clueweb12-1302wb-00-09679 0
244 0 clueweb12-0904wb-87-11299 1
244 0 clueweb12-0307wb-48-15599 0
244 0 clueweb12-0001wb-56-28038 0
244 0 clueweb12-1214wb-68-01755 0
244 0 clueweb12-1906wb-37-26230 0
244 0 clueweb12-0208wb-90-25402 1
244 0 clueweb12-0211wb-51-08478 1
244 0 clueweb12-0809wb-19-01105 0
244 0 clueweb12-1300wb-44-24447 0
244 0 clueweb12-1300wb-48-12453 0
244 0 clueweb12-1301wb-03-26423 0
245 0 clueweb12-0301tw-47-16488 1
245 0 clueweb12-1205wb-18-08676 0
245 0 clueweb12-1800tw-28-09602 0
245 0 clueweb12-0109wb-93-14385 0
245 0 clueweb12-1106wb-22-04453 0
245 0 clueweb12-0915wb-45-06695 0
245 0 clueweb12-1608wb-50-21803 0
245 0 clueweb12-0804wb-81-21041 0
245 0 clueweb12-0816wb-92-18264 0
245 0 clueweb12-0805wb-30-02429 0
245 0 clueweb12-1500tw-28-08016 0
245 0 clueweb12-1017wb-36-19621 0
245 0 clueweb12-1411wb-69-07349 0
245 0 clueweb12-1010wb-34-21403 0
245 0 clueweb12-0208wb-02-32002 0
245 0 clueweb12-0100wb-19-13997 0
245 0 clueweb12-0804wb-43-12390 0
245 0 clueweb12-1800tw-35-12414 0
245 0 clueweb12-0210wb-83-22568 0
245 0 clueweb12-0210wb-72-32886 0
245 0 clueweb12-0210wb-53-25614 0
245 0 clueweb12-1909wb-97-00215 0
245 0 clueweb12-1715wb-15-13133 0
245 0 clueweb12-0211wb-21-08712 0
245 0 clueweb12-0008wb-14-17740 0
246 0 clueweb12-0202wb-59-25458 2
246 0 clueweb12-1006wb-74-15824 0
246 0 clueweb12-0609wb-72-06631 1
246 0 clueweb12-0301wb-15-26976 1
246 0 clueweb12-0005wb-49-15905 1
246 0 clueweb12-1511wb-19-24349 0
246 0 clueweb12-1604wb-50-04607 0
246 0 clueweb12-1019wb-52-05371 0
246 0 clueweb12-0209wb-40-25366 0
246 0 clueweb12-1609wb-02-06395 0
246 0 clueweb12-0210wb-15-04279 0
246 0 clueweb12-0716wb-74-20038 0
246 0 clueweb12-0104wb-14-20987 1
246 0 clueweb12-1412wb-17-24994 0
246 0 clueweb12-0716wb-97-06307 0
246 0 clueweb12-1411wb-58-08134 0
246 0 clueweb12-0110wb-13-29336 0
246 0 clueweb12-1004wb-53-19481 0
246 0 clueweb12-1200wb-52-27204 0
246 0 clueweb12-0004wb-51-26499 0
246 0 clueweb12-0610wb-77-25366 2
246 0 clueweb12-0211wb-36-05800 3
246 0 clueweb12-1210wb-85-30030 0
246 0 clueweb12-0103wb-68-15367 0
246 0 clueweb12-0012wb-78-19107 0
247 0 clueweb12-0601wb-51-02582 1
247 0 clueweb12-1111wb-09-07502 0
247 0 clueweb12-0800wb-56-12438 0
247 0 clueweb12-0804wb-35-22776 1
247 0 clueweb12-1113wb-10-05440 0
247 0 clueweb12-0111wb-03-25785 0
247 0 clueweb12-0917wb-62-05865 -2
247 0 clueweb12-1111wb-09-07499 0
247 0 clueweb12-1114wb-02-01666 0
247 0 clueweb12-0307wb-94-06996 0
247 0 clueweb12-1503wb-16-09752 0
247 0 clueweb12-1212wb-56-24086 0
247 0 clueweb12-0605wb-41-00688 0
247 0 clueweb12-0102wb-94-18314 -2
247 0 clueweb12-0308wb-62-12599 -2
247 0 clueweb12-0715wb-42-14804 0
247 0 clueweb12-1415wb-23-11139 0
247 0 clueweb12-1100tw-73-16950 0
247 0 clueweb12-1808wb-96-28214 0
247 0 clueweb12-1019wb-40-05846 0
247 0 clueweb12-0600tw-24-09644 0
247 0 clueweb12-1900wb-94-02456 0
247 0 clueweb12-0300wb-95-18172 0
247 0 clueweb12-0104wb-84-01031 0
247 0 clueweb12-1501wb-41-07727 0
248 0 clueweb12-1406wb-31-10833 0
248 0 clueweb12-0611wb-02-09175 0
248 0 clueweb12-0803wb-61-13558 2
248 0 clueweb12-1613wb-65-04757 0
248 0 clueweb12-0611wb-91-21493 0
248 0 clueweb12-0913wb-50-06862 2
248 0 clueweb12-0200wb-13-27901 2
248 0 clueweb12-1400wb-29-05214 2
248 0 clueweb12-0407wb-49-23872 0
248 0 clueweb12-0403wb-09-28399 0
248 0 clueweb12-0013wb-59-27218 0
248 0 clueweb12-0504wb-56-16903 0
248 0 clueweb12-0012wb-86-12585 0
248 0 clueweb12-0913wb-54-27210 0
248 0 clueweb12-1214wb-24-37347 0
248 0 clueweb12-0013wb-59-27215 0
248 0 clueweb12-1704wb-84-15937 0
248 0 clueweb12-0403wb-09-28394 0
248 0 clueweb12-0904wb-40-14114 0
248 0 clueweb12-0009wb-62-29579 0
248 0 clueweb12-0008wb-76-16077 0
248 0 clueweb12-1704wb-46-30264 0
248 0 clueweb12-0009wb-03-30858 0
248 0 clueweb12-0007wb-93-12156 0
248 0 clueweb12-0904wb-40-14128 0
249 0 clueweb12-0512wb-18-03352 0
249 0 clueweb12-0803wb-03-12556 0
249 0 clueweb12-0009wb-28-16447 0
249 0 clueweb12-0101wb-98-06464 0
249 0 clueweb12-0512wb-56-08998 0
249 0 clueweb12-1400tw-19-21892 2
249 0 clueweb12-0908wb-63-27720 0
249 0 clueweb12-0804wb-76-20804 0
249 0 clueweb12-0907wb-92-06689 0
249 0 clueweb12-0512wb-18-03341 0
249 0 clueweb12-0814wb-32-25742 0
249 0 clueweb12-1204wb-43-13074 0
249 0 clueweb12-0211wb-41-27880 0
249 0 clueweb12-1803wb-06-12110 0
249 0 clueweb12-0012wb-81-32975 0
249 0 clueweb12-1101wb-86-18736 0
249 0 clueweb12-1207wb-89-10174 2
249 0 clueweb12-0512wb-01-02738 0
249 0 clueweb12-0512wb-18-03340 0
249 0 clueweb12-0512wb-18-03338 0
249 0 clueweb12-0908wb-54-00350 0
249 0 clueweb12-0009wb-46-21915 0
249 0 clueweb12-1013wb-03-16654 1
249 0 clueweb12-0406wb-94-08199 0
249 0 clueweb12-0404wb-21-09346 0
250 0 clueweb12-0402wb-69-17667 1
250 0 clueweb12-1914wb-04-28612 0
250 0 clueweb12-0411wb-99-16156 0
250 0 clueweb12-0412wb-22-00701 0
250 0 clueweb12-1914wb-01-27128 0
250 0 clueweb12-1913wb-64-15762 0
250 0 clueweb12-0401tw-15-09292 0
250 0 clueweb12-0700tw-61-14704 0
250 0 clueweb12-0700tw-20-02205 0
250 0 clueweb12-0500tw-00-23048 0
250 0 clueweb12-1408wb-22-03955 0
250 0 clueweb12-0306wb-23-23207 0
250 0 clueweb12-0700tw-20-02206 0
250 0 clueweb12-0209wb-62-29857 0
250 0 clueweb12-0714wb-19-07180 0
250 0 clueweb12-0711wb-62-24988 0
250 0 clueweb12-0700tw-43-07348 0
250 0 clueweb12-0700tw-17-13668 0
250 0 clueweb12-1110wb-50-22098 0
250 0 clueweb12-1705wb-30-21259 0
250 0 clueweb12-1510wb-62-12042 0
250 0 clueweb12-1705wb-30-21260 0
250 0 clueweb12-0900tw-68-03007 0
250 0 clueweb12-0209wb-71-04649 0
250 0 clueweb12-1408wb-44-13067 0
