201 0 clueweb12-0508wb-96-01084 0
201 0 clueweb12-0900tw-63-01604 1
201 0 clueweb12-1600tw-25-03206 0
201 0 clueweb12-0401tw-00-05277 1
201 0 clueweb12-0810wb-78-21417 1
201 0 clueweb12-0916wb-56-28701 1
201 0 clueweb12-0915wb-93-12188 1
201 0 clueweb12-0917wb-42-14097 1
201 0 clueweb12-0500tw-14-16637 1
201 0 clueweb12-0500tw-11-17774 1
201 0 clueweb12-1613wb-41-04806 1
201 0 clueweb12-1700tw-11-11014 0
201 0 clueweb12-0000wb-60-01497 1
201 0 clueweb12-1700tw-22-12689 0
201 0 clueweb12-0108wb-33-05377 0
201 0 clueweb12-0909wb-96-26247 0
201 0 clueweb12-1310wb-65-14373 0
201 0 clueweb12-0000tw-05-12114 1
201 0 clueweb12-0713wb-38-03414 1
201 0 clueweb12-0005wb-86-10798 1
201 0 clueweb12-1811wb-20-21538 1
201 0 clueweb12-1205wb-71-01017 1
201 0 clueweb12-1111wb-41-15778 1
201 0 clueweb12-1213wb-24-15439 1
201 0 clueweb12-1804wb-61-18411 1
201 0 clueweb12-0301tw-15-04020 1
201 0 clueweb12-1804wb-83-27006 1
201 0 clueweb12-0700tw-74-19724 1
201 0 clueweb12-1812wb-65-24519 1
201 0 clueweb12-1011wb-98-09124 0
201 0 clueweb12-1310wb-04-16486 1
201 0 clueweb12-0915wb-34-01721 0
201 0 clueweb12-1604wb-20-11054 0
201 0 clueweb12-0400tw-99-08104 1
201 0 clueweb12-0503wb-16-05391 1
201 0 clueweb12-0600tw-16-08421 1
201 0 clueweb12-0108wb-70-31300 1
201 0 clueweb12-0802wb-64-20502 0
201 0 clueweb12-0807wb-51-08148 0
201 0 clueweb12-0711wb-28-10462 1
201 0 clueweb12-0500tw-25-15526 1
201 0 clueweb12-1511wb-23-03949 1
201 0 clueweb12-1805wb-10-00159 1
201 0 clueweb12-0900wb-35-34761 0
201 0 clueweb12-0916wb-37-04526 1
201 0 clueweb12-0700tw-77-17133 1
201 0 clueweb12-0700tw-79-17968 1
201 0 clueweb12-0700tw-79-17969 1
201 0 clueweb12-0700tw-79-17919 1
201 0 clueweb12-1602wb-55-25975 1
202 0 clueweb12-1300wb-03-29019 0
202 0 clueweb12-1900tw-53-20555 0
202 0 clueweb12-1701wb-94-12199 0
202 0 clueweb12-0010wb-36-02425 0
202 0 clueweb12-0205wb-88-32545 0
202 0 clueweb12-0010wb-21-24657 0
202 0 clueweb12-0601wb-18-11856 0
202 0 clueweb12-0105wb-82-26360 0
202 0 clueweb12-1412wb-25-05309 0
202 0 clueweb12-1802wb-29-21108 0
202 0 clueweb12-1118wb-60-01282 0
202 0 clueweb12-0011wb-73-29217 0
202 0 clueweb12-0410wb-82-17853 0
202 0 clueweb12-0602wb-45-15703 0
202 0 clueweb12-0602wb-40-19723 0
202 0 clueweb12-0502wb-85-19368 0
202 0 clueweb12-0001wb-27-33452 0
202 0 clueweb12-0900tw-39-13453 0
202 0 clueweb12-0103wb-46-24983 0
202 0 clueweb12-1310wb-24-26317 0
202 0 clueweb12-1217wb-38-28443 0
202 0 clueweb12-1112wb-22-06680 0
202 0 clueweb12-0305wb-62-31165 0
202 0 clueweb12-1514wb-76-23186 0
202 0 clueweb12-0002wb-14-02885 0
202 0 clueweb12-0203wb-70-20735 0
202 0 clueweb12-1115wb-62-18179 0
202 0 clueweb12-0814wb-20-13703 0
202 0 clueweb12-0602wb-45-15704 0
202 0 clueweb12-1702wb-52-18834 0
202 0 clueweb12-1702wb-98-29608 0
202 0 clueweb12-1215wb-33-08369 0
202 0 clueweb12-0602wb-40-19720 0
202 0 clueweb12-0510wb-95-32597 0
202 0 clueweb12-0606wb-58-19274 0
202 0 clueweb12-1112wb-71-02492 0
202 0 clueweb12-1205wb-18-29328 0
202 0 clueweb12-0412wb-03-03995 0
202 0 clueweb12-1707wb-98-07904 0
202 0 clueweb12-0101wb-07-23584 0
202 0 clueweb12-1809wb-26-26787 0
202 0 clueweb12-1502wb-88-24992 0
202 0 clueweb12-0204wb-17-00480 0
202 0 clueweb12-1500wb-51-10404 0
202 0 clueweb12-0412wb-03-03994 0
202 0 clueweb12-1000wb-85-18667 0
202 0 clueweb12-0102wb-34-14045 0
202 0 clueweb12-1900tw-27-05755 0
202 0 clueweb12-0304wb-36-19053 0
202 0 clueweb12-1212wb-02-13082 0
203 0 clueweb12-0207wb-62-04849 0
203 0 clueweb12-0301wb-73-33709 1
203 0 clueweb12-0807wb-09-03736 0
203 0 clueweb12-0800tw-67-10971 0
203 0 clueweb12-1114wb-64-21708 1
203 0 clueweb12-0111wb-25-01235 1
203 0 clueweb12-0600wb-00-20108 0
203 0 clueweb12-1814wb-48-23922 0
203 0 clueweb12-1201tw-23-19017 1
203 0 clueweb12-1200tw-25-02482 1
203 0 clueweb12-0400wb-95-09172 1
203 0 clueweb12-1107wb-71-14986 0
203 0 clueweb12-0210wb-71-31713 0
203 0 clueweb12-1313wb-56-15640 0
203 0 clueweb12-1911wb-44-14977 0
203 0 clueweb12-0500tw-26-08047 0
203 0 clueweb12-0001wb-80-19541 1
203 0 clueweb12-0508wb-18-02506 1
203 0 clueweb12-0700tw-72-11865 1
203 0 clueweb12-0706wb-43-27936 1
203 0 clueweb12-1907wb-00-00899 0
203 0 clueweb12-0103wb-27-32640 0
203 0 clueweb12-0807wb-64-18762 0
203 0 clueweb12-1007wb-38-22258 1
203 0 clueweb12-1100tw-30-02547 0
203 0 clueweb12-1400tw-55-13237 0
203 0 clueweb12-0206wb-78-05476 1
203 0 clueweb12-0409wb-56-33067 1
203 0 clueweb12-0008wb-76-24523 1
203 0 clueweb12-0011wb-65-26429 1
203 0 clueweb12-0001wb-85-15380 1
203 0 clueweb12-0508wb-87-07748 1
203 0 clueweb12-0805wb-14-04542 1
203 0 clueweb12-0304wb-57-05579 1
203 0 clueweb12-0311wb-46-05861 1
203 0 clueweb12-0612wb-02-31540 1
203 0 clueweb12-0713wb-07-10589 1
203 0 clueweb12-0604wb-87-21564 1
203 0 clueweb12-1506wb-61-08595 1
203 0 clueweb12-1312wb-89-11885 1
203 0 clueweb12-0604wb-05-34299 1
203 0 clueweb12-0409wb-99-02118 0
203 0 clueweb12-1705wb-33-08977 1
203 0 clueweb12-1000tw-21-14374 0
203 0 clueweb12-0503wb-62-32666 0
203 0 clueweb12-0002wb-55-21171 1
203 0 clueweb12-0203wb-11-28386 0
203 0 clueweb12-0612wb-66-12503 0
203 0 clueweb12-0712wb-69-25342 1
203 0 clueweb12-0706wb-54-19760 1
204 0 clueweb12-0902wb-21-04709 0
204 0 clueweb12-0000wb-58-29498 0
204 0 clueweb12-1512wb-87-09533 0
204 0 clueweb12-1304wb-88-18449 0
204 0 clueweb12-1208wb-62-05131 0
204 0 clueweb12-0002wb-34-12153 1
204 0 clueweb12-1512wb-87-09536 0
204 0 clueweb12-0914wb-02-25009 1
204 0 clueweb12-1214wb-05-12156 0
204 0 clueweb12-0109wb-54-09710 1
204 0 clueweb12-0000wb-31-33977 1
204 0 clueweb12-1512wb-87-09543 0
204 0 clueweb12-1208wb-46-02943 0
204 0 clueweb12-0111wb-40-25170 1
204 0 clueweb12-0203wb-13-15772 0
204 0 clueweb12-0000wb-44-13235 1
204 0 clueweb12-0203wb-99-28669 0
204 0 clueweb12-0002wb-34-12155 1
204 0 clueweb12-1803wb-34-05806 0
204 0 clueweb12-1301wb-58-07364 0
204 0 clueweb12-1512wb-63-02071 0
204 0 clueweb12-0205wb-09-31513 1
204 0 clueweb12-1009wb-89-21735 0
204 0 clueweb12-1208wb-46-02945 0
204 0 clueweb12-1209wb-60-13384 1
204 0 clueweb12-1212wb-63-17266 0
204 0 clueweb12-1508wb-33-26165 0
204 0 clueweb12-0203wb-51-24666 0
204 0 clueweb12-0002wb-54-32043 0
204 0 clueweb12-1210wb-17-01493 0
204 0 clueweb12-1500tw-39-01008 0
204 0 clueweb12-1210wb-95-24650 0
204 0 clueweb12-0007wb-32-33401 0
204 0 clueweb12-1512wb-63-02067 0
204 0 clueweb12-0002wb-34-12172 0
204 0 clueweb12-1512wb-87-09539 0
204 0 clueweb12-0000wb-76-37759 1
204 0 clueweb12-0001wb-04-29912 1
204 0 clueweb12-0001wb-27-28412 0
204 0 clueweb12-0300wb-98-20074 0
204 0 clueweb12-0304wb-17-21523 1
204 0 clueweb12-1712wb-82-03180 1
204 0 clueweb12-0701wb-42-07581 1
204 0 clueweb12-1900tw-41-17265 1
204 0 clueweb12-0002wb-34-12166 1
204 0 clueweb12-1701wb-85-02626 1
204 0 clueweb12-1712wb-82-03181 1
204 0 clueweb12-0109wb-49-06267 1
204 0 clueweb12-1208wb-42-20453 1
204 0 clueweb12-0302wb-08-19026 0
205 0 clueweb12-1511wb-11-02766 0
205 0 clueweb12-0403wb-64-26188 1
205 0 clueweb12-0405wb-49-12399 1
205 0 clueweb12-0006wb-32-37841 0
205 0 clueweb12-0303wb-64-14334 0
205 0 clueweb12-0404wb-02-01517 1
205 0 clueweb12-0710wb-42-05248 0
205 0 clueweb12-0903wb-42-10178 0
205 0 clueweb12-0812wb-07-15129 0
205 0 clueweb12-0210wb-94-21302 0
205 0 clueweb12-0402wb-55-02398 1
205 0 clueweb12-0405wb-24-32699 0
205 0 clueweb12-1107wb-61-05162 0
205 0 clueweb12-0818wb-55-20010 1
205 0 clueweb12-0402wb-62-23693 1
205 0 clueweb12-1100tw-15-15997 1
205 0 clueweb12-1100tw-15-15998 1
205 0 clueweb12-0004wb-65-13555 0
205 0 clueweb12-0807wb-90-26575 1
205 0 clueweb12-0006wb-17-23685 1
205 0 clueweb12-1008wb-55-03940 1
205 0 clueweb12-0200tw-06-20138 0
205 0 clueweb12-1909wb-78-00543 0
205 0 clueweb12-0204wb-71-25057 0
205 0 clueweb12-1303wb-96-20823 0
205 0 clueweb12-0108wb-54-03018 0
205 0 clueweb12-1005wb-31-07228 0
205 0 clueweb12-1315wb-83-06891 1
205 0 clueweb12-1101wb-41-10572 0
205 0 clueweb12-0607wb-95-09962 0
205 0 clueweb12-0607wb-95-09963 1
205 0 clueweb12-0208wb-28-00304 0
205 0 clueweb12-0204wb-32-29917 1
205 0 clueweb12-0803wb-64-25456 1
205 0 clueweb12-0001wb-18-03820 1
205 0 clueweb12-0306wb-81-14366 1
205 0 clueweb12-0308wb-22-01430 1
205 0 clueweb12-0607wb-29-26935 0
205 0 clueweb12-0404wb-18-24380 0
205 0 clueweb12-0203wb-00-27569 1
205 0 clueweb12-1500tw-73-13465 1
205 0 clueweb12-0817wb-88-04725 0
205 0 clueweb12-0702wb-30-12624 1
205 0 clueweb12-0300tw-83-13694 0
205 0 clueweb12-0106wb-38-33238 1
205 0 clueweb12-0103wb-19-21435 0
205 0 clueweb12-1708wb-85-21407 0
205 0 clueweb12-1008wb-37-04099 0
205 0 clueweb12-1101wb-45-16856 0
205 0 clueweb12-0110wb-23-14668 0
206 0 clueweb12-0108wb-77-18409 0
206 0 clueweb12-1803wb-89-21079 0
206 0 clueweb12-1617wb-17-09841 0
206 0 clueweb12-0200wb-58-22248 0
206 0 clueweb12-0112wb-02-30946 1
206 0 clueweb12-0206wb-47-00622 1
206 0 clueweb12-1501wb-66-13825 1
206 0 clueweb12-1502wb-12-19967 1
206 0 clueweb12-1502wb-21-20558 1
206 0 clueweb12-1502wb-67-08442 1
206 0 clueweb12-1503wb-11-07637 1
206 0 clueweb12-1501wb-80-16507 1
206 0 clueweb12-1501wb-95-25965 1
206 0 clueweb12-1502wb-62-24022 1
206 0 clueweb12-1502wb-70-03518 1
206 0 clueweb12-1502wb-84-04715 1
206 0 clueweb12-1502wb-84-04716 1
206 0 clueweb12-1502wb-89-03009 1
206 0 clueweb12-1502wb-89-03010 1
206 0 clueweb12-1502wb-99-02201 1
206 0 clueweb12-1501wb-80-16506 0
206 0 clueweb12-0000wb-18-21388 0
206 0 clueweb12-0010wb-40-22213 1
206 0 clueweb12-0100wb-90-22349 0
206 0 clueweb12-0209wb-25-18487 0
206 0 clueweb12-1515wb-81-14386 0
206 0 clueweb12-1617wb-04-14197 0
206 0 clueweb12-0806wb-46-26830 0
206 0 clueweb12-0306wb-06-15430 0
206 0 clueweb12-1000wb-87-10893 1
206 0 clueweb12-0211wb-26-33435 0
206 0 clueweb12-1416wb-07-18660 0
206 0 clueweb12-0108wb-19-09890 0
206 0 clueweb12-0010wb-61-24324 0
206 0 clueweb12-0008wb-19-30169 0
206 0 clueweb12-1703wb-44-27534 1
206 0 clueweb12-0012wb-54-25681 0
206 0 clueweb12-1115wb-15-24917 0
206 0 clueweb12-1910wb-71-09572 1
206 0 clueweb12-0914wb-36-02591 1
206 0 clueweb12-1605wb-80-08386 1
206 0 clueweb12-1713wb-56-30371 0
206 0 clueweb12-1514wb-27-13249 1
206 0 clueweb12-0003wb-34-33644 1
206 0 clueweb12-0711wb-79-12199 1
206 0 clueweb12-0304wb-90-04775 0
206 0 clueweb12-1807wb-92-09108 1
206 0 clueweb12-1515wb-62-21488 0
206 0 clueweb12-1200tw-32-17472 1
206 0 clueweb12-0205wb-81-27783 0
207 0 clueweb12-0812wb-74-01477 0
207 0 clueweb12-1806wb-43-18892 1
207 0 clueweb12-1809wb-95-20952 1
207 0 clueweb12-1811wb-35-10653 1
207 0 clueweb12-1807wb-96-09969 1
207 0 clueweb12-1808wb-45-08679 0
207 0 clueweb12-0010wb-23-31486 0
207 0 clueweb12-1413wb-78-23830 0
207 0 clueweb12-0911wb-87-19754 0
207 0 clueweb12-1809wb-44-30071 1
207 0 clueweb12-0310wb-73-09674 0
207 0 clueweb12-1905wb-50-22035 0
207 0 clueweb12-0806wb-67-24256 1
207 0 clueweb12-1410wb-12-26583 1
207 0 clueweb12-1207wb-00-24509 0
207 0 clueweb12-0911wb-12-02885 0
207 0 clueweb12-0204wb-35-03000 0
207 0 clueweb12-0006wb-80-17148 1
207 0 clueweb12-0111wb-69-07889 1
207 0 clueweb12-0204wb-83-30732 0
207 0 clueweb12-1905wb-56-25452 0
207 0 clueweb12-0112wb-21-26718 1
207 0 clueweb12-0207wb-90-20840 0
207 0 clueweb12-1806wb-43-18891 0
207 0 clueweb12-1107wb-11-17659 0
207 0 clueweb12-1408wb-69-07244 1
207 0 clueweb12-0005wb-52-29519 1
207 0 clueweb12-0007wb-43-05387 1
207 0 clueweb12-0007wb-43-05386 1
207 0 clueweb12-0006wb-34-01000 1
207 0 clueweb12-0703wb-91-29881 1
207 0 clueweb12-0505wb-10-15909 0
207 0 clueweb12-0211wb-17-26262 1
207 0 clueweb12-0309wb-67-28982 0
207 0 clueweb12-1905wb-59-02633 0
207 0 clueweb12-0000tw-26-18693 1
207 0 clueweb12-1413wb-22-07482 1
207 0 clueweb12-1911wb-28-17215 1
207 0 clueweb12-1204wb-58-20635 1
207 0 clueweb12-1905wb-50-22038 0
207 0 clueweb12-0609wb-83-04441 1
207 0 clueweb12-1905wb-56-25449 0
207 0 clueweb12-0808wb-14-24153 0
207 0 clueweb12-0706wb-43-13911 1
207 0 clueweb12-0001wb-41-25924 0
207 0 clueweb12-1106wb-94-14775 0
207 0 clueweb12-1806wb-87-30318 0
207 0 clueweb12-1615wb-06-24662 1
207 0 clueweb12-0207wb-49-11483 1
207 0 clueweb12-0305wb-53-27499 1
208 0 clueweb12-1111wb-61-25620 0
208 0 clueweb12-0404wb-38-07381 1
208 0 clueweb12-0200tw-61-13709 0
208 0 clueweb12-1615wb-11-05365 0
208 0 clueweb12-1301wb-88-19658 1
208 0 clueweb12-1312wb-85-13470 0
208 0 clueweb12-0909wb-24-11271 0
208 0 clueweb12-1612wb-18-22030 1
208 0 clueweb12-1207wb-81-14962 0
208 0 clueweb12-1908wb-77-16099 0
208 0 clueweb12-0800wb-37-12002 1
208 0 clueweb12-1216wb-42-29972 0
208 0 clueweb12-0003wb-09-30275 0
208 0 clueweb12-0907wb-02-06398 0
208 0 clueweb12-0001wb-25-23616 1
208 0 clueweb12-1911wb-24-21457 0
208 0 clueweb12-0012wb-72-07027 0
208 0 clueweb12-1506wb-63-06897 0
208 0 clueweb12-0300tw-33-13601 1
208 0 clueweb12-0702wb-60-31046 0
208 0 clueweb12-0810wb-04-13355 1
208 0 clueweb12-0508wb-95-14510 0
208 0 clueweb12-0608wb-51-18276 0
208 0 clueweb12-0205wb-62-17256 0
208 0 clueweb12-1610wb-40-03669 1
208 0 clueweb12-1613wb-62-32825 1
208 0 clueweb12-0305wb-67-05389 0
208 0 clueweb12-0602wb-60-02021 0
208 0 clueweb12-0407wb-02-20388 0
208 0 clueweb12-0710wb-70-08573 0
208 0 clueweb12-1804wb-99-10067 0
208 0 clueweb12-0812wb-22-31557 1
208 0 clueweb12-0800tw-25-08178 0
208 0 clueweb12-1900wb-59-24321 0
208 0 clueweb12-0302wb-10-05463 0
208 0 clueweb12-0611wb-03-14096 0
208 0 clueweb12-0210wb-73-24126 1
208 0 clueweb12-0804wb-17-08688 1
208 0 clueweb12-0100wb-31-26068 0
208 0 clueweb12-0406wb-87-11186 0
208 0 clueweb12-0002wb-97-19918 0
208 0 clueweb12-1611wb-58-24738 0
208 0 clueweb12-0301tw-29-19555 0
208 0 clueweb12-1414wb-05-08095 1
208 0 clueweb12-0300tw-14-22470 0
208 0 clueweb12-0100wb-92-30614 0
208 0 clueweb12-0111wb-85-10721 1
208 0 clueweb12-1415wb-17-25901 0
208 0 clueweb12-0200wb-80-24550 1
208 0 clueweb12-0203wb-30-07760 1
209 0 clueweb12-0002wb-96-18284 0
209 0 clueweb12-1300tw-42-05868 0
209 0 clueweb12-0303wb-04-18452 0
209 0 clueweb12-1608wb-29-04079 0
209 0 clueweb12-0811wb-52-01249 0
209 0 clueweb12-1610wb-08-13221 0
209 0 clueweb12-0108wb-72-09830 0
209 0 clueweb12-1608wb-72-00715 0
209 0 clueweb12-1007wb-23-17997 0
209 0 clueweb12-0011wb-50-29408 0
209 0 clueweb12-0209wb-67-07124 0
209 0 clueweb12-0507wb-36-19206 0
209 0 clueweb12-0400tw-42-12906 0
209 0 clueweb12-1904wb-85-27358 0
209 0 clueweb12-0002wb-09-38039 0
209 0 clueweb12-0800tw-69-08615 0
209 0 clueweb12-0305wb-31-30026 0
209 0 clueweb12-0200wb-68-20778 0
209 0 clueweb12-1710wb-96-22937 0
209 0 clueweb12-0304wb-63-29386 0
209 0 clueweb12-1106wb-12-05718 0
209 0 clueweb12-0409wb-04-06607 1
209 0 clueweb12-0919wb-52-25683 1
209 0 clueweb12-1007wb-42-25511 0
209 0 clueweb12-1900tw-42-18458 0
209 0 clueweb12-1006wb-84-22891 0
209 0 clueweb12-0808wb-90-15008 0
209 0 clueweb12-1610wb-08-13225 0
209 0 clueweb12-0605wb-74-25485 1
209 0 clueweb12-0105wb-14-09800 1
209 0 clueweb12-0712wb-94-14061 0
209 0 clueweb12-0111wb-17-33232 0
209 0 clueweb12-0209wb-73-22768 0
209 0 clueweb12-0406wb-68-06867 0
209 0 clueweb12-1020wb-50-20951 0
209 0 clueweb12-1714wb-45-14925 0
209 0 clueweb12-0916wb-67-18743 0
209 0 clueweb12-1608wb-59-18255 0
209 0 clueweb12-0700tw-63-09795 0
209 0 clueweb12-1506wb-61-31260 0
209 0 clueweb12-0800tw-38-07658 0
209 0 clueweb12-1814wb-49-18201 0
209 0 clueweb12-0206wb-51-31422 0
209 0 clueweb12-0011wb-71-24031 0
209 0 clueweb12-1313wb-59-25523 1
209 0 clueweb12-0905wb-82-12758 0
209 0 clueweb12-0000wb-74-06040 0
209 0 clueweb12-1400tw-44-21746 0
209 0 clueweb12-0301wb-72-04109 0
209 0 clueweb12-1814wb-17-25239 0
210 0 clueweb12-0500wb-35-05859 0
210 0 clueweb12-0110wb-76-12435 0
210 0 clueweb12-0107wb-32-02462 0
210 0 clueweb12-1803wb-59-11164 0
210 0 clueweb12-0110wb-84-21605 0
210 0 clueweb12-0301wb-91-09780 0
210 0 clueweb12-1700tw-18-01572 0
210 0 clueweb12-1508wb-62-14300 0
210 0 clueweb12-0001wb-04-30716 1
210 0 clueweb12-1610wb-83-15791 0
210 0 clueweb12-0915wb-32-27556 0
210 0 clueweb12-0200wb-38-06252 1
210 0 clueweb12-0012wb-96-02726 0
210 0 clueweb12-0000wb-58-29959 1
210 0 clueweb12-0000wb-90-34383 0
210 0 clueweb12-0408wb-65-06835 0
210 0 clueweb12-1901wb-80-07058 1
210 0 clueweb12-0002wb-09-11456 1
210 0 clueweb12-0001wb-37-11288 0
210 0 clueweb12-0013wb-56-15367 0
210 0 clueweb12-1800tw-55-22363 1
210 0 clueweb12-1912wb-52-03451 0
210 0 clueweb12-0000wb-90-34384 0
210 0 clueweb12-0207wb-13-15450 0
210 0 clueweb12-0109wb-06-33054 0
210 0 clueweb12-0210wb-16-26898 0
210 0 clueweb12-1910wb-70-03363 0
210 0 clueweb12-1800tw-40-00906 0
210 0 clueweb12-1704wb-17-04344 0
210 0 clueweb12-1704wb-16-00784 0
210 0 clueweb12-1200tw-47-09372 1
210 0 clueweb12-1400wb-82-32013 0
210 0 clueweb12-0108wb-60-26316 0
210 0 clueweb12-0512wb-03-23753 0
210 0 clueweb12-0403wb-77-22044 0
210 0 clueweb12-0110wb-84-21608 0
210 0 clueweb12-0107wb-18-03514 0
210 0 clueweb12-0210wb-08-29231 0
210 0 clueweb12-0110wb-84-21607 0
210 0 clueweb12-1610wb-74-22886 0
210 0 clueweb12-0512wb-14-24991 0
210 0 clueweb12-0110wb-66-19553 0
210 0 clueweb12-0505wb-75-04423 1
210 0 clueweb12-1800tw-54-02207 0
210 0 clueweb12-1806wb-36-17714 0
210 0 clueweb12-1400wb-81-16791 0
210 0 clueweb12-0400wb-20-26102 1
210 0 clueweb12-0507wb-16-28751 0
210 0 clueweb12-1900wb-16-34156 1
210 0 clueweb12-1201wb-37-02741 0
211 0 clueweb12-0200wb-97-06906 0
211 0 clueweb12-1505wb-33-06270 1
211 0 clueweb12-0606wb-81-31205 0
211 0 clueweb12-1910wb-24-16761 1
211 0 clueweb12-1909wb-79-18735 1
211 0 clueweb12-1909wb-79-18720 1
211 0 clueweb12-0009wb-18-30131 0
211 0 clueweb12-0608wb-48-15793 0
211 0 clueweb12-0706wb-42-10594 1
211 0 clueweb12-0000wb-70-03735 1
211 0 clueweb12-0800tw-65-06376 1
211 0 clueweb12-1714wb-23-21730 1
211 0 clueweb12-1312wb-08-07219 0
211 0 clueweb12-0006wb-00-08035 0
211 0 clueweb12-1511wb-27-35749 0
211 0 clueweb12-0401wb-81-30968 1
211 0 clueweb12-1408wb-21-18598 1
211 0 clueweb12-0009wb-93-25417 1
211 0 clueweb12-0013wb-73-05489 1
211 0 clueweb12-0404wb-13-07604 0
211 0 clueweb12-0000wt-00-02989 1
211 0 clueweb12-0002wb-43-36695 0
211 0 clueweb12-0205wb-11-17811 1
211 0 clueweb12-0701wb-66-18469 1
211 0 clueweb12-0701wb-87-19440 1
211 0 clueweb12-0805wb-14-04718 1
211 0 clueweb12-0807wb-90-06974 0
211 0 clueweb12-1015wb-96-12095 0
211 0 clueweb12-0010wb-82-24656 0
211 0 clueweb12-0612wb-56-05064 1
211 0 clueweb12-0105wb-16-00905 0
211 0 clueweb12-1704wb-84-07720 1
211 0 clueweb12-0006wb-36-21354 0
211 0 clueweb12-0109wb-10-22794 0
211 0 clueweb12-0007wb-59-17886 0
211 0 clueweb12-0501wb-12-10799 1
211 0 clueweb12-0501wb-93-06225 1
211 0 clueweb12-1017wb-88-10596 1
211 0 clueweb12-1019wb-23-12286 1
211 0 clueweb12-0812wb-92-01590 1
211 0 clueweb12-1516wb-57-22831 1
211 0 clueweb12-0716wb-62-17369 1
211 0 clueweb12-1313wb-85-00033 1
211 0 clueweb12-0703wb-39-13044 0
211 0 clueweb12-1415wb-65-17392 0
211 0 clueweb12-0406wb-27-11262 1
211 0 clueweb12-0406wb-56-31347 1
211 0 clueweb12-0812wb-63-09539 0
211 0 clueweb12-0912wb-68-23974 0
211 0 clueweb12-0204wb-34-06634 1
212 0 clueweb12-0207wb-62-04849 0
212 0 clueweb12-1503wb-62-12031 0
212 0 clueweb12-1100tw-22-12695 0
212 0 clueweb12-1509wb-23-13063 0
212 0 clueweb12-0603wb-22-09396 0
212 0 clueweb12-1404wb-37-15837 0
212 0 clueweb12-0200tw-02-21190 0
212 0 clueweb12-0507wb-22-08280 0
212 0 clueweb12-0301wb-97-14871 0
212 0 clueweb12-0603wb-13-19301 0
212 0 clueweb12-1113wb-71-23777 0
212 0 clueweb12-0000wb-18-10061 0
212 0 clueweb12-1603wb-27-02596 0
212 0 clueweb12-0403wb-57-14800 0
212 0 clueweb12-0005wb-40-30225 0
212 0 clueweb12-0707wb-38-05516 0
212 0 clueweb12-1101wb-46-03066 0
212 0 clueweb12-1814wb-05-26199 0
212 0 clueweb12-1415wb-36-15394 0
212 0 clueweb12-1800tw-37-23484 0
212 0 clueweb12-0203wb-25-19714 0
212 0 clueweb12-0400tw-81-19015 0
212 0 clueweb12-0713wb-50-21719 0
212 0 clueweb12-0003wb-78-12502 0
212 0 clueweb12-0402wb-37-06235 0
212 0 clueweb12-0206wb-65-03992 0
212 0 clueweb12-0400wb-20-23438 0
212 0 clueweb12-0200tw-01-16682 0
212 0 clueweb12-1800tw-41-15314 0
212 0 clueweb12-1000tw-77-04647 0
212 0 clueweb12-1311wb-45-18979 0
212 0 clueweb12-1900tw-54-04565 0
212 0 clueweb12-1117wb-11-24876 0
212 0 clueweb12-1106wb-00-07678 0
212 0 clueweb12-0500wb-63-14549 0
212 0 clueweb12-1809wb-99-23573 0
212 0 clueweb12-0402wb-82-29470 0
212 0 clueweb12-0400wb-47-26395 0
212 0 clueweb12-0109wb-30-17349 0
212 0 clueweb12-1800tw-42-15858 0
212 0 clueweb12-1213wb-03-14679 0
212 0 clueweb12-0200tw-01-16681 0
212 0 clueweb12-0107wb-98-17759 0
212 0 clueweb12-0506wb-37-34168 0
212 0 clueweb12-1000tw-45-19003 0
212 0 clueweb12-0709wb-27-03688 0
212 0 clueweb12-0110wb-27-32336 0
212 0 clueweb12-0711wb-07-05844 0
212 0 clueweb12-0400wb-89-19890 0
212 0 clueweb12-0603wb-31-21170 0
213 0 clueweb12-0201wb-85-11512 0
213 0 clueweb12-0816wb-82-11326 0
213 0 clueweb12-1510wb-89-09124 0
213 0 clueweb12-1813wb-27-17317 0
213 0 clueweb12-0000wb-32-22299 1
213 0 clueweb12-0106wb-74-24799 1
213 0 clueweb12-0203wb-03-30481 0
213 0 clueweb12-1809wb-08-19105 1
213 0 clueweb12-1809wb-40-31269 1
213 0 clueweb12-1809wb-54-25465 0
213 0 clueweb12-0000wb-02-07243 1
213 0 clueweb12-0000wb-32-22298 1
213 0 clueweb12-0000wb-32-22302 1
213 0 clueweb12-0000wb-91-24484 0
213 0 clueweb12-1803wb-38-13335 0
213 0 clueweb12-0405wb-84-22841 1
213 0 clueweb12-0607wb-30-34178 1
213 0 clueweb12-0700tw-58-09391 1
213 0 clueweb12-0108wb-57-08659 1
213 0 clueweb12-0310wb-24-01665 0
213 0 clueweb12-1808wb-58-12121 0
213 0 clueweb12-0812wb-60-28452 0
213 0 clueweb12-1607wb-24-07950 1
213 0 clueweb12-1808wb-58-12112 1
213 0 clueweb12-1812wb-35-02859 0
213 0 clueweb12-0209wb-98-18420 1
213 0 clueweb12-0908wb-26-11307 0
213 0 clueweb12-0206wb-11-18813 1
213 0 clueweb12-1812wb-71-00873 0
213 0 clueweb12-0608wb-76-14901 0
213 0 clueweb12-0000wb-02-07261 0
213 0 clueweb12-0000wb-30-23256 0
213 0 clueweb12-0307wb-13-30441 1
213 0 clueweb12-0816wb-63-18247 0
213 0 clueweb12-1809wb-03-12644 0
213 0 clueweb12-0300tw-41-09450 1
213 0 clueweb12-0606wb-88-01452 1
213 0 clueweb12-1201tw-18-14400 1
213 0 clueweb12-1001wb-43-18646 1
213 0 clueweb12-1002wb-25-20406 1
213 0 clueweb12-0004wb-91-04003 0
213 0 clueweb12-0000wb-02-07267 0
213 0 clueweb12-0004wb-15-20621 1
213 0 clueweb12-0000wb-20-14817 0
213 0 clueweb12-0105wb-30-17659 1
213 0 clueweb12-0301wb-99-18066 1
213 0 clueweb12-1813wb-60-24511 1
213 0 clueweb12-1900tw-47-03244 0
213 0 clueweb12-1903wb-29-05062 0
213 0 clueweb12-0310wb-24-01662 0
214 0 clueweb12-1512wb-62-09814 0
214 0 clueweb12-0012wb-15-12275 1
214 0 clueweb12-0011wb-17-26705 1
214 0 clueweb12-0003wb-84-12067 1
214 0 clueweb12-1210wb-72-29192 1
214 0 clueweb12-1412wb-23-27027 1
214 0 clueweb12-1305wb-44-14628 0
214 0 clueweb12-0106wb-53-06270 1
214 0 clueweb12-0000wb-46-08820 1
214 0 clueweb12-0002wb-97-14165 1
214 0 clueweb12-0004wb-00-21797 0
214 0 clueweb12-0106wb-09-03094 1
214 0 clueweb12-0105wb-80-30821 1
214 0 clueweb12-1808wb-65-09012 1
214 0 clueweb12-0001wb-20-04942 1
214 0 clueweb12-1004wb-68-12196 1
214 0 clueweb12-0501wb-95-00428 1
214 0 clueweb12-0104wb-60-10323 0
214 0 clueweb12-0000wb-76-39724 1
214 0 clueweb12-0815wb-29-23237 1
214 0 clueweb12-1812wb-34-17465 1
214 0 clueweb12-0410wb-13-19082 1
214 0 clueweb12-0406wb-95-35191 1
214 0 clueweb12-0411wb-27-01293 1
214 0 clueweb12-1301wb-53-25827 0
214 0 clueweb12-0107wb-00-12757 0
214 0 clueweb12-1415wb-77-16473 1
214 0 clueweb12-0104wb-81-03123 1
214 0 clueweb12-1217wb-83-03406 1
214 0 clueweb12-0511wb-64-28112 0
214 0 clueweb12-0006wb-79-17098 1
214 0 clueweb12-0002wb-22-08917 1
214 0 clueweb12-1002wb-28-10594 0
214 0 clueweb12-0001wb-33-25442 1
214 0 clueweb12-0301wb-70-31373 1
214 0 clueweb12-0207wb-36-30771 0
214 0 clueweb12-1012wb-47-04679 1
214 0 clueweb12-0003wb-36-29741 1
214 0 clueweb12-1000tw-95-21878 1
214 0 clueweb12-1408wb-29-02724 1
214 0 clueweb12-1609wb-05-05026 1
214 0 clueweb12-1609wb-26-16093 1
214 0 clueweb12-1609wb-37-05543 1
214 0 clueweb12-1609wb-55-16014 1
214 0 clueweb12-1413wb-26-01661 1
214 0 clueweb12-1411wb-48-21423 1
214 0 clueweb12-1609wb-30-05777 1
214 0 clueweb12-1608wb-29-10367 1
214 0 clueweb12-1004wb-75-09624 1
214 0 clueweb12-1511wb-29-29458 0
215 0 clueweb12-0002wb-96-18284 0
215 0 clueweb12-0715wb-79-09334 0
215 0 clueweb12-0104wb-61-05073 1
215 0 clueweb12-0307wb-11-26655 1
215 0 clueweb12-0104wb-54-09612 1
215 0 clueweb12-0503wb-02-10047 0
215 0 clueweb12-0001wb-02-00968 0
215 0 clueweb12-0307wb-36-18504 1
215 0 clueweb12-0814wb-97-33919 0
215 0 clueweb12-0209wb-41-32066 0
215 0 clueweb12-0306wb-65-02888 0
215 0 clueweb12-1810wb-16-03505 0
215 0 clueweb12-0103wb-52-20532 1
215 0 clueweb12-0105wb-06-17829 1
215 0 clueweb12-0001wb-56-16312 1
215 0 clueweb12-0103wb-63-03309 1
215 0 clueweb12-0110wb-34-28146 1
215 0 clueweb12-0405wb-05-02397 1
215 0 clueweb12-0007wb-35-13070 1
215 0 clueweb12-0007wb-31-23537 1
215 0 clueweb12-0112wb-04-07706 1
215 0 clueweb12-0306wb-96-00329 1
215 0 clueweb12-0106wb-11-22322 1
215 0 clueweb12-0007wb-35-13069 1
215 0 clueweb12-0001wb-42-16964 1
215 0 clueweb12-0005wb-18-02806 1
215 0 clueweb12-0109wb-81-11694 1
215 0 clueweb12-0200tw-17-13959 1
215 0 clueweb12-0306wb-97-10919 1
215 0 clueweb12-0206wb-96-24867 0
215 0 clueweb12-0008wb-52-29518 0
215 0 clueweb12-0004wb-72-22379 0
215 0 clueweb12-1111wb-44-40462 0
215 0 clueweb12-0401wb-66-18127 0
215 0 clueweb12-0306wb-97-10912 1
215 0 clueweb12-0306wb-73-16043 1
215 0 clueweb12-0306wb-81-00284 1
215 0 clueweb12-0306wb-81-00259 1
215 0 clueweb12-0306wb-96-00324 1
215 0 clueweb12-0306wb-81-00285 1
215 0 clueweb12-0306wb-81-00270 1
215 0 clueweb12-0307wb-11-26641 1
215 0 clueweb12-0306wb-81-00291 1
215 0 clueweb12-0306wb-73-16055 1
215 0 clueweb12-0306wb-73-16075 1
215 0 clueweb12-0307wb-11-26646 1
215 0 clueweb12-0307wb-02-02918 1
215 0 clueweb12-0307wb-11-26649 1
215 0 clueweb12-0307wb-02-02930 1
215 0 clueweb12-0106wb-11-22321 1
216 0 clueweb12-1111wb-61-25620 0
216 0 clueweb12-0412wb-30-12144 1
216 0 clueweb12-0105wb-09-33299 1
216 0 clueweb12-0104wb-93-18871 1
216 0 clueweb12-1303wb-69-20179 1
216 0 clueweb12-1304wb-07-11214 1
216 0 clueweb12-1304wb-07-11215 1
216 0 clueweb12-1304wb-07-11216 1
216 0 clueweb12-0104wb-93-18870 1
216 0 clueweb12-0105wb-09-33303 1
216 0 clueweb12-0406wb-18-37343 1
216 0 clueweb12-0011wb-47-05863 0
216 0 clueweb12-1905wb-46-09873 1
216 0 clueweb12-0205wb-22-08559 1
216 0 clueweb12-0500wb-45-06174 1
216 0 clueweb12-0606wb-26-35035 1
216 0 clueweb12-0404wb-62-20172 1
216 0 clueweb12-1111wb-59-15334 1
216 0 clueweb12-0200wb-33-04563 0
216 0 clueweb12-1602wb-41-12621 1
216 0 clueweb12-0500tw-07-22575 1
216 0 clueweb12-0200tw-27-20399 1
216 0 clueweb12-0200tw-27-20400 1
216 0 clueweb12-0009wb-54-26000 1
216 0 clueweb12-0100tw-74-08426 1
216 0 clueweb12-0100tw-84-14181 1
216 0 clueweb12-0109wb-16-01307 1
216 0 clueweb12-1614wb-48-07337 1
216 0 clueweb12-0007wb-03-13148 1
216 0 clueweb12-1300tw-11-12437 1
216 0 clueweb12-1300tw-13-03461 1
216 0 clueweb12-0200wb-21-08838 1
216 0 clueweb12-0410wb-53-16290 1
216 0 clueweb12-0200tw-24-06923 0
216 0 clueweb12-0710wb-48-28319 1
216 0 clueweb12-0710wb-34-05319 1
216 0 clueweb12-0010wb-53-32379 1
216 0 clueweb12-1303wb-69-20174 1
216 0 clueweb12-1304wb-13-16345 1
216 0 clueweb12-1304wb-13-16346 1
216 0 clueweb12-1303wb-95-03057 0
216 0 clueweb12-1713wb-43-03510 0
216 0 clueweb12-1708wb-22-00648 0
216 0 clueweb12-0505wb-72-12532 0
216 0 clueweb12-0005wb-77-25107 0
216 0 clueweb12-1206wb-25-11084 1
216 0 clueweb12-0310wb-25-16420 1
216 0 clueweb12-0001wb-96-10862 1
216 0 clueweb12-0004wb-44-13967 1
216 0 clueweb12-0307wb-02-27324 1
217 0 clueweb12-0500wb-35-05859 0
217 0 clueweb12-1415wb-49-10447 1
217 0 clueweb12-0905wb-55-18536 1
217 0 clueweb12-1506wb-88-19501 0
217 0 clueweb12-0004wb-74-29606 1
217 0 clueweb12-0001wb-15-09071 1
217 0 clueweb12-1506wb-39-02241 1
217 0 clueweb12-1800tw-48-16306 1
217 0 clueweb12-1516wb-63-18687 1
217 0 clueweb12-0004wb-80-22147 0
217 0 clueweb12-1712wb-52-02554 1
217 0 clueweb12-1108wb-62-15206 0
217 0 clueweb12-1700tw-16-18413 1
217 0 clueweb12-1800tw-22-17647 1
217 0 clueweb12-0309wb-15-16132 1
217 0 clueweb12-1808wb-25-20823 1
217 0 clueweb12-1800tw-01-01522 1
217 0 clueweb12-0311wb-94-31401 1
217 0 clueweb12-1804wb-20-01630 1
217 0 clueweb12-0908wb-18-00527 0
217 0 clueweb12-1705wb-45-14320 1
217 0 clueweb12-1800tw-12-00475 0
217 0 clueweb12-0004wb-80-22146 1
217 0 clueweb12-0301wb-87-15170 0
217 0 clueweb12-1800tw-47-15309 0
217 0 clueweb12-1415wb-32-16351 1
217 0 clueweb12-1800tw-26-20085 1
217 0 clueweb12-0802wb-82-12879 1
217 0 clueweb12-1505wb-87-17474 1
217 0 clueweb12-1415wb-59-13551 1
217 0 clueweb12-0102wb-17-20153 1
217 0 clueweb12-0002wb-26-28294 1
217 0 clueweb12-1414wb-87-14894 1
217 0 clueweb12-0001wb-30-29101 1
217 0 clueweb12-0808wb-66-13058 1
217 0 clueweb12-0001wb-15-09068 0
217 0 clueweb12-0305wb-28-06177 1
217 0 clueweb12-0105wb-15-14244 1
217 0 clueweb12-0108wb-10-23528 0
217 0 clueweb12-1415wb-75-28075 1
217 0 clueweb12-1414wb-87-14893 1
217 0 clueweb12-1415wb-49-10446 1
217 0 clueweb12-0717wb-19-10395 1
217 0 clueweb12-1414wb-92-28885 1
217 0 clueweb12-1012wb-67-14196 0
217 0 clueweb12-1811wb-01-03995 1
217 0 clueweb12-1600tw-33-16881 1
217 0 clueweb12-1100tw-87-04050 0
217 0 clueweb12-0503wb-78-04314 1
217 0 clueweb12-1415wb-59-13544 1
218 0 clueweb12-0408wb-88-01442 0
218 0 clueweb12-0707wb-41-00919 1
218 0 clueweb12-0211wb-66-01709 1
218 0 clueweb12-0707wb-41-00932 1
218 0 clueweb12-0707wb-41-00921 0
218 0 clueweb12-0706wb-41-13564 0
218 0 clueweb12-0209wb-21-25159 0
218 0 clueweb12-1500wb-21-02102 0
218 0 clueweb12-0211wb-40-29568 1
218 0 clueweb12-0011wb-67-05530 0
218 0 clueweb12-0300tw-33-01415 1
218 0 clueweb12-1408wb-06-33042 0
218 0 clueweb12-1000tw-57-05863 1
218 0 clueweb12-1608wb-31-20083 0
218 0 clueweb12-0807wb-52-26242 1
218 0 clueweb12-0204wb-36-23183 1
218 0 clueweb12-0810wb-90-19471 1
218 0 clueweb12-0305wb-17-20504 1
218 0 clueweb12-0810wb-76-05766 1
218 0 clueweb12-0107wb-21-14545 0
218 0 clueweb12-0705wb-80-16301 0
218 0 clueweb12-1312wb-91-22789 1
218 0 clueweb12-1807wb-65-29611 1
218 0 clueweb12-1807wb-76-25866 1
218 0 clueweb12-0305wb-01-12931 0
218 0 clueweb12-0601wb-66-29315 0
218 0 clueweb12-1312wb-94-07749 1
218 0 clueweb12-1312wb-59-24045 1
218 0 clueweb12-0005wb-63-23135 1
218 0 clueweb12-0501wb-16-00724 1
218 0 clueweb12-0800tw-08-05246 1
218 0 clueweb12-1910wb-17-01227 0
218 0 clueweb12-0707wb-41-00929 1
218 0 clueweb12-0106wb-21-10857 1
218 0 clueweb12-0304wb-06-19291 0
218 0 clueweb12-0707wb-41-00907 0
218 0 clueweb12-0913wb-48-01483 0
218 0 clueweb12-1118wb-68-08523 0
218 0 clueweb12-0703wb-80-09684 1
218 0 clueweb12-1311wb-28-11930 1
218 0 clueweb12-1311wb-74-10087 1
218 0 clueweb12-0707wb-41-00914 1
218 0 clueweb12-0707wb-41-00916 1
218 0 clueweb12-0707wb-85-25302 1
218 0 clueweb12-0707wb-41-00910 1
218 0 clueweb12-1802wb-93-08416 1
218 0 clueweb12-0305wb-27-03845 1
218 0 clueweb12-1200wb-43-16441 0
218 0 clueweb12-1118wb-74-18804 0
218 0 clueweb12-1810wb-68-02659 0
219 0 clueweb12-0207wb-62-04849 0
219 0 clueweb12-0110wb-55-28808 0
219 0 clueweb12-0401wb-02-17504 0
219 0 clueweb12-0404wb-70-23061 1
219 0 clueweb12-0917wb-08-09839 0
219 0 clueweb12-0103wb-57-21664 0
219 0 clueweb12-0300wb-55-26504 0
219 0 clueweb12-1102wb-51-13179 0
219 0 clueweb12-0105wb-82-06931 0
219 0 clueweb12-0108wb-54-18066 0
219 0 clueweb12-1100wb-40-13331 0
219 0 clueweb12-1603wb-99-02014 0
219 0 clueweb12-0004wb-13-21821 0
219 0 clueweb12-0004wb-74-34354 0
219 0 clueweb12-1105wb-24-16725 0
219 0 clueweb12-0200wb-84-21860 1
219 0 clueweb12-0100wb-43-03812 0
219 0 clueweb12-0408wb-40-11149 0
219 0 clueweb12-0011wb-83-14123 0
219 0 clueweb12-1608wb-32-10837 0
219 0 clueweb12-0105wb-82-06932 0
219 0 clueweb12-0109wb-26-07479 0
219 0 clueweb12-0304wb-19-20073 0
219 0 clueweb12-0004wb-74-34351 0
219 0 clueweb12-1006wb-74-08032 0
219 0 clueweb12-1613wb-67-05563 0
219 0 clueweb12-0112wb-04-07428 0
219 0 clueweb12-0007wb-78-19658 1
219 0 clueweb12-0608wb-77-14171 1
219 0 clueweb12-1805wb-42-24456 0
219 0 clueweb12-0310wb-34-23469 0
219 0 clueweb12-0403wb-97-25446 0
219 0 clueweb12-0200tw-45-10914 1
219 0 clueweb12-0307wb-58-28560 1
219 0 clueweb12-0500tw-10-01134 0
219 0 clueweb12-0110wb-96-17069 0
219 0 clueweb12-0700wb-29-27779 0
219 0 clueweb12-1806wb-61-10173 0
219 0 clueweb12-0201wb-90-22288 0
219 0 clueweb12-0714wb-23-17977 0
219 0 clueweb12-1105wb-32-00068 0
219 0 clueweb12-0105wb-75-26744 0
219 0 clueweb12-0205wb-68-33996 0
219 0 clueweb12-0004wb-75-00395 1
219 0 clueweb12-1200tw-94-11718 0
219 0 clueweb12-1101wb-28-00269 0
219 0 clueweb12-1019wb-26-06956 0
219 0 clueweb12-1211wb-93-10200 0
219 0 clueweb12-0011wb-67-15842 0
219 0 clueweb12-0404wb-51-06788 0
220 0 clueweb12-1300tw-70-03387 0
220 0 clueweb12-0900tw-36-10125 0
220 0 clueweb12-1800tw-56-10639 1
220 0 clueweb12-0816wb-68-10771 0
220 0 clueweb12-1300tw-89-06933 0
220 0 clueweb12-0711wb-87-05999 1
220 0 clueweb12-0013wb-02-05918 1
220 0 clueweb12-0013wb-16-09234 1
220 0 clueweb12-0013wb-16-09240 1
220 0 clueweb12-0604wb-86-13627 0
220 0 clueweb12-1408wb-69-06478 1
220 0 clueweb12-1413wb-32-12018 0
220 0 clueweb12-1104wb-77-05559 0
220 0 clueweb12-1000tw-07-12360 0
220 0 clueweb12-1409wb-14-13857 0
220 0 clueweb12-0812wb-29-03518 0
220 0 clueweb12-0208wb-70-00009 1
220 0 clueweb12-0401wb-42-00045 0
220 0 clueweb12-0304wb-98-30497 0
220 0 clueweb12-0211wb-00-05815 0
220 0 clueweb12-1200tw-68-10745 0
220 0 clueweb12-0706wb-23-28597 0
220 0 clueweb12-0605wb-59-17576 1
220 0 clueweb12-0205wb-84-19751 0
220 0 clueweb12-1408wb-83-16302 0
220 0 clueweb12-0500tw-30-15775 0
220 0 clueweb12-0308wb-87-08899 0
220 0 clueweb12-0010wb-44-05537 0
220 0 clueweb12-1310wb-29-01699 1
220 0 clueweb12-1312wb-31-13403 0
220 0 clueweb12-1200tw-72-04008 0
220 0 clueweb12-1610wb-79-10857 0
220 0 clueweb12-0013wb-16-09253 0
220 0 clueweb12-0307wb-28-27430 0
220 0 clueweb12-0400wb-81-17170 1
220 0 clueweb12-0707wb-40-26859 1
220 0 clueweb12-0711wb-72-19536 1
220 0 clueweb12-1806wb-88-21442 0
220 0 clueweb12-0604wb-86-13641 0
220 0 clueweb12-0603wb-60-33443 0
220 0 clueweb12-1301wb-93-22402 0
220 0 clueweb12-1716wb-54-02537 0
220 0 clueweb12-1810wb-29-19310 0
220 0 clueweb12-1716wb-58-03471 0
220 0 clueweb12-1214wb-38-13656 0
220 0 clueweb12-1312wb-31-13402 0
220 0 clueweb12-0211wb-08-05415 0
220 0 clueweb12-0203wb-86-34427 0
220 0 clueweb12-1413wb-22-08407 0
220 0 clueweb12-1200tw-72-04004 0
221 0 clueweb12-0007wb-95-00601 1
221 0 clueweb12-1207wb-56-09568 0
221 0 clueweb12-0712wb-24-17553 1
221 0 clueweb12-0402wb-91-33148 1
221 0 clueweb12-1907wb-04-23627 1
221 0 clueweb12-0009wb-63-27893 1
221 0 clueweb12-0013wb-83-02045 1
221 0 clueweb12-0100tw-14-12046 1
221 0 clueweb12-1615wb-09-21886 1
221 0 clueweb12-1804wb-62-01680 1
221 0 clueweb12-0011wb-44-10471 1
221 0 clueweb12-1508wb-36-32004 0
221 0 clueweb12-1101tw-01-13761 1
221 0 clueweb12-0312wb-10-13455 1
221 0 clueweb12-0311wb-25-07522 1
221 0 clueweb12-0312wb-06-11540 1
221 0 clueweb12-0311wb-96-02992 1
221 0 clueweb12-0311wb-31-09393 1
221 0 clueweb12-0311wb-60-09147 0
221 0 clueweb12-0012wb-89-10464 1
221 0 clueweb12-0612wb-40-03876 1
221 0 clueweb12-1904wb-31-22546 1
221 0 clueweb12-1305wb-36-04835 1
221 0 clueweb12-0110wb-90-26914 1
221 0 clueweb12-0311wb-40-25169 0
221 0 clueweb12-1615wb-92-14872 1
221 0 clueweb12-0101wb-06-30496 0
221 0 clueweb12-0312wb-22-12391 1
221 0 clueweb12-0200tw-62-11581 1
221 0 clueweb12-0000wb-98-25992 1
221 0 clueweb12-1602wb-97-17564 1
221 0 clueweb12-0400wb-18-21258 1
221 0 clueweb12-0917wb-02-24174 1
221 0 clueweb12-1509wb-86-29406 1
221 0 clueweb12-1200tw-94-13566 1
221 0 clueweb12-0312wb-32-11106 1
221 0 clueweb12-0601wb-98-32764 1
221 0 clueweb12-1613wb-87-08253 1
221 0 clueweb12-1800wb-56-25056 1
221 0 clueweb12-1900tw-28-06676 1
221 0 clueweb12-1900tw-28-06677 1
221 0 clueweb12-1315wb-89-01760 1
221 0 clueweb12-0717wb-46-24696 1
221 0 clueweb12-0101wb-65-28476 1
221 0 clueweb12-0101wb-07-15310 0
221 0 clueweb12-0405wb-89-04395 1
221 0 clueweb12-0300tw-54-02143 0
221 0 clueweb12-1100wb-56-08701 1
221 0 clueweb12-0803wb-56-08843 1
221 0 clueweb12-0808wb-92-01815 1
222 0 clueweb12-1700wb-61-03187 0
222 0 clueweb12-1507wb-15-22992 0
222 0 clueweb12-1414wb-40-31749 0
222 0 clueweb12-0809wb-25-02333 1
222 0 clueweb12-0809wb-25-02335 0
222 0 clueweb12-0705wb-12-27896 0
222 0 clueweb12-1900wb-22-18607 0
222 0 clueweb12-0809wb-25-02336 1
222 0 clueweb12-0509wb-14-10674 1
222 0 clueweb12-1813wb-02-26044 0
222 0 clueweb12-1905wb-35-29153 1
222 0 clueweb12-0108wb-81-31872 0
222 0 clueweb12-0808wb-72-06729 0
222 0 clueweb12-0002wb-53-03294 1
222 0 clueweb12-0004wb-13-21935 0
222 0 clueweb12-1513wb-98-14473 1
222 0 clueweb12-0207wb-90-06374 1
222 0 clueweb12-0209wb-21-33965 0
222 0 clueweb12-0900tw-93-07742 0
222 0 clueweb12-1803wb-73-18437 0
222 0 clueweb12-0001wb-64-12104 0
222 0 clueweb12-0013wb-06-27628 1
222 0 clueweb12-1807wb-43-29816 0
222 0 clueweb12-0004wb-51-14622 0
222 0 clueweb12-0202wb-19-12239 1
222 0 clueweb12-0004wb-63-30327 1
222 0 clueweb12-1300wb-33-07658 1
222 0 clueweb12-0004wb-51-14619 0
222 0 clueweb12-1513wb-79-23841 0
222 0 clueweb12-0904wb-47-05106 0
222 0 clueweb12-1906wb-77-19757 1
222 0 clueweb12-1900tw-11-13834 0
222 0 clueweb12-1300wb-02-21842 1
222 0 clueweb12-0207wb-49-12883 1
222 0 clueweb12-1300wb-33-07657 0
222 0 clueweb12-0509wb-14-10677 0
222 0 clueweb12-0207wb-79-35278 1
222 0 clueweb12-0207wb-90-06373 1
222 0 clueweb12-1509wb-04-14414 0
222 0 clueweb12-0002wb-33-32440 0
222 0 clueweb12-0202wb-12-10654 0
222 0 clueweb12-0202wb-19-12240 1
222 0 clueweb12-0304wb-04-16409 1
222 0 clueweb12-0611wb-51-20186 0
222 0 clueweb12-1507wb-22-18424 1
222 0 clueweb12-1507wb-90-03937 0
222 0 clueweb12-1507wb-93-22640 1
222 0 clueweb12-0001wb-64-12105 0
222 0 clueweb12-0101wb-31-04912 1
222 0 clueweb12-0103wb-94-29603 1
223 0 clueweb12-0601wb-77-35159 0
223 0 clueweb12-0112wb-09-15320 1
223 0 clueweb12-0005wb-40-27730 1
223 0 clueweb12-0008wb-76-24973 1
223 0 clueweb12-0008wb-76-24974 1
223 0 clueweb12-0603wb-64-22741 1
223 0 clueweb12-0004wb-91-21580 1
223 0 clueweb12-0006wb-46-09724 1
223 0 clueweb12-0301wb-58-14751 1
223 0 clueweb12-0004wb-65-13594 1
223 0 clueweb12-0005wb-51-32229 1
223 0 clueweb12-0008wb-76-24972 1
223 0 clueweb12-0003wb-47-03854 1
223 0 clueweb12-0400wb-69-12707 1
223 0 clueweb12-0806wb-76-18849 0
223 0 clueweb12-0004wb-36-18122 1
223 0 clueweb12-0009wb-01-31002 1
223 0 clueweb12-0110wb-68-10980 1
223 0 clueweb12-0309wb-64-31123 1
223 0 clueweb12-1315wb-32-07559 1
223 0 clueweb12-0201wb-23-01936 1
223 0 clueweb12-0301wb-93-06650 1
223 0 clueweb12-0916wb-36-10598 1
223 0 clueweb12-1803wb-69-18898 1
223 0 clueweb12-0207wb-44-01394 1
223 0 clueweb12-0207wb-76-20512 1
223 0 clueweb12-0407wb-14-07610 1
223 0 clueweb12-1912wb-55-28701 1
223 0 clueweb12-0806wb-62-22182 0
223 0 clueweb12-1314wb-94-12519 1
223 0 clueweb12-0006wb-16-21336 0
223 0 clueweb12-0610wb-08-14262 0
223 0 clueweb12-1713wb-27-12321 1
223 0 clueweb12-1105wb-24-00626 0
223 0 clueweb12-0109wb-39-08614 1
223 0 clueweb12-0112wb-52-09499 1
223 0 clueweb12-1102wb-58-29713 0
223 0 clueweb12-0806wb-80-21139 0
223 0 clueweb12-1002wb-26-19262 1
223 0 clueweb12-1705wb-05-29555 1
223 0 clueweb12-0106wb-22-24714 1
223 0 clueweb12-0205wb-99-30201 1
223 0 clueweb12-0001wb-20-33909 0
223 0 clueweb12-0000wb-11-32265 1
223 0 clueweb12-1515wb-58-12555 1
223 0 clueweb12-1105wb-11-39883 1
223 0 clueweb12-0000wb-19-13325 1
223 0 clueweb12-1201wb-52-03951 1
223 0 clueweb12-1701wb-48-12063 1
223 0 clueweb12-0207wb-08-31637 0
224 0 clueweb12-0206wb-86-16658 0
224 0 clueweb12-0207wb-39-23141 0
224 0 clueweb12-1503wb-82-00383 0
224 0 clueweb12-0800tw-43-07410 0
224 0 clueweb12-0003wb-37-01652 0
224 0 clueweb12-0916wb-12-00556 0
224 0 clueweb12-1504wb-87-23052 1
224 0 clueweb12-0800tw-47-10441 0
224 0 clueweb12-0612wb-82-15790 0
224 0 clueweb12-0300wb-11-17869 0
224 0 clueweb12-1401wb-06-15735 1
224 0 clueweb12-0013wb-12-11992 1
224 0 clueweb12-1913wb-33-10036 0
224 0 clueweb12-0000wb-10-23388 0
224 0 clueweb12-0200tw-26-05532 1
224 0 clueweb12-0200tw-28-23227 1
224 0 clueweb12-0200tw-24-18003 0
224 0 clueweb12-0300wb-11-17868 0
224 0 clueweb12-0906wb-25-13173 1
224 0 clueweb12-0205wb-23-30937 0
224 0 clueweb12-0001wb-07-05710 0
224 0 clueweb12-1612wb-01-23882 0
224 0 clueweb12-1019wb-62-02280 1
224 0 clueweb12-1508wb-14-26698 0
224 0 clueweb12-1700wb-53-00026 0
224 0 clueweb12-0001wb-60-01163 0
224 0 clueweb12-0202wb-06-30534 0
224 0 clueweb12-1503wb-82-15030 0
224 0 clueweb12-0907wb-41-24487 1
224 0 clueweb12-1910wb-17-01590 0
224 0 clueweb12-0914wb-50-21982 0
224 0 clueweb12-0300wb-11-17867 0
224 0 clueweb12-1909wb-37-08631 0
224 0 clueweb12-0914wb-17-16719 1
224 0 clueweb12-1714wb-83-10729 0
224 0 clueweb12-1008wb-99-14404 0
224 0 clueweb12-0915wb-33-06617 0
224 0 clueweb12-0301tw-22-13012 1
224 0 clueweb12-1112wb-71-05214 0
224 0 clueweb12-1702wb-29-20724 0
224 0 clueweb12-1800tw-01-17700 0
224 0 clueweb12-0000wb-10-23389 0
224 0 clueweb12-0901tw-00-06329 0
224 0 clueweb12-0002wb-26-12994 0
224 0 clueweb12-1101wb-74-23050 1
224 0 clueweb12-0009wb-90-02579 0
224 0 clueweb12-0001wb-70-16486 0
224 0 clueweb12-0204wb-39-17120 0
224 0 clueweb12-0700tw-01-15662 0
224 0 clueweb12-0310wb-67-10754 0
225 0 clueweb12-1512wb-62-09814 0
225 0 clueweb12-0210wb-36-22588 0
225 0 clueweb12-0300wb-69-15658 0
225 0 clueweb12-0013wb-73-20394 0
225 0 clueweb12-0205wb-67-05832 0
225 0 clueweb12-1808wb-69-24228 0
225 0 clueweb12-0110wb-79-23901 0
225 0 clueweb12-1900tw-02-10896 0
225 0 clueweb12-0713wb-68-05233 0
225 0 clueweb12-0300wb-04-20724 0
225 0 clueweb12-1102wb-47-26134 0
225 0 clueweb12-0801wb-97-02139 0
225 0 clueweb12-0916wb-00-21524 0
225 0 clueweb12-0002wb-32-29183 0
225 0 clueweb12-1313wb-08-04192 0
225 0 clueweb12-1102wb-48-20118 0
225 0 clueweb12-0708wb-75-05243 0
225 0 clueweb12-0105wb-82-13341 0
225 0 clueweb12-1907wb-63-15486 0
225 0 clueweb12-1300wb-02-24995 0
225 0 clueweb12-0602wb-88-25924 0
225 0 clueweb12-1216wb-23-22321 0
225 0 clueweb12-0112wb-00-30948 0
225 0 clueweb12-1313wb-87-14534 0
225 0 clueweb12-0508wb-54-18201 0
225 0 clueweb12-1314wb-29-06245 0
225 0 clueweb12-0411wb-75-12638 0
225 0 clueweb12-1807wb-65-13301 0
225 0 clueweb12-0009wb-22-18200 0
225 0 clueweb12-0902wb-89-14192 0
225 0 clueweb12-1808wb-80-09948 0
225 0 clueweb12-0713wb-62-16324 0
225 0 clueweb12-0200wb-33-10594 0
225 0 clueweb12-0602wb-07-01607 0
225 0 clueweb12-0205wb-75-05851 0
225 0 clueweb12-0500wb-98-05742 0
225 0 clueweb12-0108wb-12-21295 0
225 0 clueweb12-1908wb-36-16559 0
225 0 clueweb12-0400wb-54-26125 0
225 0 clueweb12-1215wb-96-30614 0
225 0 clueweb12-1901wb-47-03420 0
225 0 clueweb12-0406wb-54-22245 0
225 0 clueweb12-0600tw-06-08012 0
225 0 clueweb12-0112wb-13-28478 0
225 0 clueweb12-0509wb-49-27888 0
225 0 clueweb12-0104wb-90-29937 0
225 0 clueweb12-0005wb-76-14411 0
225 0 clueweb12-0205wb-75-05857 0
225 0 clueweb12-0002wb-71-08041 0
225 0 clueweb12-1904wb-23-11869 0
226 0 clueweb12-0207wb-62-04849 0
226 0 clueweb12-0300tw-40-16815 0
226 0 clueweb12-0306wb-23-13239 0
226 0 clueweb12-0603wb-16-03784 0
226 0 clueweb12-0804wb-50-12262 0
226 0 clueweb12-0800wb-04-17213 0
226 0 clueweb12-0306wb-23-13231 0
226 0 clueweb12-1802wb-14-00847 0
226 0 clueweb12-0303wb-90-05764 0
226 0 clueweb12-0102wb-80-31983 0
226 0 clueweb12-1021wb-11-05482 1
226 0 clueweb12-1411wb-48-07109 0
226 0 clueweb12-0110wb-88-12072 0
226 0 clueweb12-0112wb-23-33994 1
226 0 clueweb12-0106wb-18-32227 0
226 0 clueweb12-0300wb-18-14548 1
226 0 clueweb12-0100wb-28-00798 0
226 0 clueweb12-0204wb-78-18537 0
226 0 clueweb12-0510wb-27-12487 0
226 0 clueweb12-0008wb-79-06287 0
226 0 clueweb12-1113wb-21-01836 0
226 0 clueweb12-0512wb-03-01809 0
226 0 clueweb12-0012wb-38-29605 0
226 0 clueweb12-0800wb-11-19838 0
226 0 clueweb12-1113wb-51-12075 0
226 0 clueweb12-1805wb-33-27355 0
226 0 clueweb12-0306wb-66-13565 0
226 0 clueweb12-0401wb-80-28117 0
226 0 clueweb12-0306wb-02-20637 1
226 0 clueweb12-0706wb-40-23970 0
226 0 clueweb12-0800wb-99-03519 0
226 0 clueweb12-1401wb-56-02191 1
226 0 clueweb12-1316wb-35-24022 0
226 0 clueweb12-0108wb-43-15346 0
226 0 clueweb12-1308wb-38-21136 0
226 0 clueweb12-0809wb-32-13615 0
226 0 clueweb12-0103wb-66-18459 1
226 0 clueweb12-0904wb-37-00581 0
226 0 clueweb12-1600tw-20-07513 0
226 0 clueweb12-0804wb-50-12254 0
226 0 clueweb12-0003wb-92-11555 0
226 0 clueweb12-0203wb-78-22448 0
226 0 clueweb12-0305wb-75-23730 0
226 0 clueweb12-0901wb-99-16609 0
226 0 clueweb12-0800wb-31-12885 0
226 0 clueweb12-1106wb-27-21835 0
226 0 clueweb12-0012wb-77-16571 0
226 0 clueweb12-0210wb-90-06362 1
226 0 clueweb12-0001wb-40-32929 0
226 0 clueweb12-0511wb-58-27618 0
227 0 clueweb12-1314wb-04-32538 0
227 0 clueweb12-1514wb-69-25683 0
227 0 clueweb12-0901wb-49-18208 0
227 0 clueweb12-0010wb-78-08785 1
227 0 clueweb12-0706wb-05-00394 1
227 0 clueweb12-0507wb-32-02937 1
227 0 clueweb12-1205wb-61-29293 0
227 0 clueweb12-0502wb-87-11957 0
227 0 clueweb12-0503wb-78-10706 0
227 0 clueweb12-0011wb-37-19347 1
227 0 clueweb12-0400wb-45-19923 1
227 0 clueweb12-0914wb-14-13746 1
227 0 clueweb12-0700tw-48-15808 1
227 0 clueweb12-0506wb-77-11987 0
227 0 clueweb12-1800wb-05-27239 1
227 0 clueweb12-0907wb-41-26032 0
227 0 clueweb12-0304wb-90-24747 1
227 0 clueweb12-0103wb-10-24892 0
227 0 clueweb12-0610wb-38-14055 0
227 0 clueweb12-0110wb-94-28346 0
227 0 clueweb12-1904wb-83-19328 0
227 0 clueweb12-0003wb-38-19246 0
227 0 clueweb12-0604wb-06-29881 0
227 0 clueweb12-1807wb-06-24750 0
227 0 clueweb12-0205wb-37-30325 0
227 0 clueweb12-0700tw-49-14191 1
227 0 clueweb12-0507wb-65-04011 1
227 0 clueweb12-0407wb-03-05726 1
227 0 clueweb12-0612wb-66-17397 1
227 0 clueweb12-0211wb-67-18399 0
227 0 clueweb12-0506wb-06-21922 0
227 0 clueweb12-1616wb-31-05235 0
227 0 clueweb12-1400tw-38-08192 0
227 0 clueweb12-1706wb-79-27818 0
227 0 clueweb12-1017wb-85-16663 0
227 0 clueweb12-0800tw-34-20390 0
227 0 clueweb12-1000wb-32-10500 0
227 0 clueweb12-1109wb-85-22534 0
227 0 clueweb12-0000wb-36-05465 0
227 0 clueweb12-0007wb-66-00073 0
227 0 clueweb12-0508wb-94-15791 1
227 0 clueweb12-0004wb-90-26392 0
227 0 clueweb12-1201wb-78-18557 0
227 0 clueweb12-0004wb-70-22993 1
227 0 clueweb12-0610wb-00-28802 1
227 0 clueweb12-0503wb-26-03483 1
227 0 clueweb12-0506wb-58-05042 1
227 0 clueweb12-0400wb-61-15218 1
227 0 clueweb12-0100tw-22-04286 1
227 0 clueweb12-0105wb-22-18066 1
228 0 clueweb12-0107wb-62-29575 0
228 0 clueweb12-0811wb-49-03047 1
228 0 clueweb12-0011wb-43-27011 0
228 0 clueweb12-0206wb-01-20109 0
228 0 clueweb12-0109wb-39-22383 0
228 0 clueweb12-1410wb-17-13565 1
228 0 clueweb12-0004wb-00-05370 1
228 0 clueweb12-0010wb-02-02542 1
228 0 clueweb12-0011wb-03-24728 1
228 0 clueweb12-0011wb-43-27009 1
228 0 clueweb12-0703wb-71-36459 0
228 0 clueweb12-0001wb-72-13120 0
228 0 clueweb12-0100wb-01-28176 1
228 0 clueweb12-0311wb-78-00436 1
228 0 clueweb12-0405wb-88-23313 0
228 0 clueweb12-0311wb-35-21643 1
228 0 clueweb12-0502wb-91-17660 1
228 0 clueweb12-0004wb-13-01710 1
228 0 clueweb12-0308wb-36-30420 1
228 0 clueweb12-0001wb-36-24973 0
228 0 clueweb12-1412wb-82-15413 1
228 0 clueweb12-1805wb-51-16190 0
228 0 clueweb12-0406wb-03-17715 0
228 0 clueweb12-0311wb-90-18665 0
228 0 clueweb12-0808wb-66-06938 0
228 0 clueweb12-0000wb-31-12525 1
228 0 clueweb12-0001wb-36-24975 1
228 0 clueweb12-0601wb-96-04013 0
228 0 clueweb12-0011wb-90-25175 1
228 0 clueweb12-0010wb-45-30308 1
228 0 clueweb12-0312wb-30-21467 0
228 0 clueweb12-0002wb-08-31066 1
228 0 clueweb12-0401wb-70-27800 1
228 0 clueweb12-0411wb-33-32872 1
228 0 clueweb12-1412wb-82-15414 1
228 0 clueweb12-1716wb-17-17352 1
228 0 clueweb12-0305wb-19-13103 0
228 0 clueweb12-0406wb-03-17724 0
228 0 clueweb12-0811wb-94-14868 0
228 0 clueweb12-0401wb-12-00278 1
228 0 clueweb12-0309wb-38-30458 0
228 0 clueweb12-0812wb-08-04448 0
228 0 clueweb12-0811wb-52-18041 0
228 0 clueweb12-0101wb-21-07873 0
228 0 clueweb12-0001wb-36-24971 0
228 0 clueweb12-0001wb-84-06375 1
228 0 clueweb12-0312wb-01-13325 1
228 0 clueweb12-0916wb-05-03566 1
228 0 clueweb12-1410wb-17-13564 1
228 0 clueweb12-0010wb-47-16604 0
229 0 clueweb12-1309wb-63-05519 0
229 0 clueweb12-0405wb-36-10191 1
229 0 clueweb12-0406wb-22-14491 1
229 0 clueweb12-0402wb-82-29973 1
229 0 clueweb12-0308wb-84-04362 1
229 0 clueweb12-0101wb-13-16435 1
229 0 clueweb12-0403wb-26-29765 1
229 0 clueweb12-0609wb-94-15043 1
229 0 clueweb12-0003wb-49-13928 1
229 0 clueweb12-1706wb-83-06642 1
229 0 clueweb12-0004wb-65-08665 1
229 0 clueweb12-1806wb-73-13059 0
229 0 clueweb12-0004wb-36-27180 1
229 0 clueweb12-0406wb-33-24478 1
229 0 clueweb12-1503wb-89-18308 1
229 0 clueweb12-0311wb-23-19666 1
229 0 clueweb12-1014wb-45-07399 1
229 0 clueweb12-0100wb-63-20641 1
229 0 clueweb12-0205wb-03-11122 1
229 0 clueweb12-1616wb-75-10368 1
229 0 clueweb12-1014wb-23-12265 0
229 0 clueweb12-0007wb-97-19131 0
229 0 clueweb12-1113wb-61-22521 1
229 0 clueweb12-0005wb-14-17951 0
229 0 clueweb12-1206wb-47-24088 0
229 0 clueweb12-1503wb-86-27636 0
229 0 clueweb12-1012wb-59-11173 0
229 0 clueweb12-0800tw-01-08227 1
229 0 clueweb12-0700tw-75-13895 1
229 0 clueweb12-0713wb-39-02620 1
229 0 clueweb12-0501wb-55-25356 1
229 0 clueweb12-1807wb-32-03073 1
229 0 clueweb12-1501wb-24-16447 1
229 0 clueweb12-0505wb-86-06458 1
229 0 clueweb12-0012wb-59-09498 0
229 0 clueweb12-1216wb-86-19091 0
229 0 clueweb12-0008wb-61-17801 1
229 0 clueweb12-1504wb-17-22485 1
229 0 clueweb12-1503wb-84-01754 0
229 0 clueweb12-0005wb-19-26046 1
229 0 clueweb12-0012wb-13-03252 0
229 0 clueweb12-0009wb-21-21382 1
229 0 clueweb12-0311wb-35-26203 0
229 0 clueweb12-1012wb-47-17508 0
229 0 clueweb12-0405wb-25-09696 0
229 0 clueweb12-0208wb-65-32818 1
229 0 clueweb12-1503wb-86-27632 1
229 0 clueweb12-0005wb-12-24081 0
229 0 clueweb12-0500wb-98-16903 1
229 0 clueweb12-0012wb-91-10253 0
230 0 clueweb12-0103wb-82-07272 0
230 0 clueweb12-1500tw-07-09849 1
230 0 clueweb12-1804wb-00-27745 0
230 0 clueweb12-1909wb-38-08255 0
230 0 clueweb12-0906wb-64-10582 0
230 0 clueweb12-0012wb-72-20261 1
230 0 clueweb12-0101wb-47-04639 0
230 0 clueweb12-0000wb-11-25079 1
230 0 clueweb12-0712wb-21-07595 1
230 0 clueweb12-1103wb-28-13718 0
230 0 clueweb12-1800tw-29-00173 1
230 0 clueweb12-1415wb-74-08061 1
230 0 clueweb12-1500tw-87-00084 0
230 0 clueweb12-0000wb-53-08504 1
230 0 clueweb12-0910wb-42-16374 1
230 0 clueweb12-1000tw-68-11998 1
230 0 clueweb12-0816wb-95-07919 0
230 0 clueweb12-1500tw-39-13753 1
230 0 clueweb12-1807wb-23-04610 1
230 0 clueweb12-0208wb-53-05628 1
230 0 clueweb12-0500wb-10-21810 1
230 0 clueweb12-0910wb-64-11451 1
230 0 clueweb12-1415wb-64-10843 1
230 0 clueweb12-0301tw-20-13994 1
230 0 clueweb12-0007wb-51-14954 0
230 0 clueweb12-1404wb-58-10064 1
230 0 clueweb12-1111wb-64-07274 0
230 0 clueweb12-0919wb-16-11694 1
230 0 clueweb12-0910wb-42-16381 1
230 0 clueweb12-0902wb-00-27039 0
230 0 clueweb12-0706wb-40-31889 0
230 0 clueweb12-0406wb-72-24779 1
230 0 clueweb12-0005wb-89-07707 1
230 0 clueweb12-0100wb-74-32815 1
230 0 clueweb12-0503wb-13-07699 0
230 0 clueweb12-1900tw-06-01973 1
230 0 clueweb12-1714wb-21-23241 0
230 0 clueweb12-1616wb-78-03336 1
230 0 clueweb12-0100wb-49-27347 1
230 0 clueweb12-0109wb-78-22647 1
230 0 clueweb12-1200tw-31-03155 0
230 0 clueweb12-0712wb-98-02605 0
230 0 clueweb12-1900tw-18-07806 1
230 0 clueweb12-1800tw-53-02586 1
230 0 clueweb12-1100tw-71-16882 0
230 0 clueweb12-0300tw-38-01117 0
230 0 clueweb12-1200tw-47-05335 0
230 0 clueweb12-0307wb-86-23656 1
230 0 clueweb12-0007wb-39-30663 0
230 0 clueweb12-1806wb-10-13236 0
231 0 clueweb12-1019wb-53-05673 0
231 0 clueweb12-0710wb-23-00554 0
231 0 clueweb12-0002wb-83-18014 1
231 0 clueweb12-0805wb-41-18217 1
231 0 clueweb12-0805wb-08-08119 1
231 0 clueweb12-0805wb-08-08122 1
231 0 clueweb12-0805wb-41-18204 1
231 0 clueweb12-1714wb-53-10573 1
231 0 clueweb12-0807wb-03-19968 1
231 0 clueweb12-0806wb-79-11440 1
231 0 clueweb12-1704wb-46-25975 1
231 0 clueweb12-1000wb-47-10752 0
231 0 clueweb12-1003wb-99-15753 1
231 0 clueweb12-1603wb-00-09641 1
231 0 clueweb12-0712wb-28-21627 0
231 0 clueweb12-1814wb-68-02987 0
231 0 clueweb12-0806wb-22-27579 0
231 0 clueweb12-0908wb-26-18062 0
231 0 clueweb12-1806wb-41-08367 1
231 0 clueweb12-0000wb-66-01364 1
231 0 clueweb12-1802wb-99-13952 1
231 0 clueweb12-1814wb-03-14278 1
231 0 clueweb12-0105wb-20-13261 0
231 0 clueweb12-1108wb-69-20290 1
231 0 clueweb12-1111wb-07-00276 0
231 0 clueweb12-1108wb-17-15138 0
231 0 clueweb12-0108wb-52-04663 1
231 0 clueweb12-0609wb-59-28037 1
231 0 clueweb12-1001wb-46-01865 1
231 0 clueweb12-0209wb-14-18721 1
231 0 clueweb12-0919wb-54-02240 1
231 0 clueweb12-1904wb-62-05093 0
231 0 clueweb12-0005wb-04-17026 1
231 0 clueweb12-0805wb-88-04110 0
231 0 clueweb12-0007wb-63-08973 1
231 0 clueweb12-0007wb-51-17998 1
231 0 clueweb12-0300tw-97-11163 0
231 0 clueweb12-0301wb-70-19154 0
231 0 clueweb12-0805wb-69-11539 1
231 0 clueweb12-1501wb-98-06614 1
231 0 clueweb12-1215wb-17-02974 0
231 0 clueweb12-1412wb-64-23549 0
231 0 clueweb12-0106wb-91-14438 1
231 0 clueweb12-0307wb-49-10722 1
231 0 clueweb12-1602wb-92-26024 0
231 0 clueweb12-0204wb-56-16464 1
231 0 clueweb12-0108wb-64-29710 1
231 0 clueweb12-0111wb-42-29523 1
231 0 clueweb12-0112wb-15-28657 1
231 0 clueweb12-1904wb-47-15122 0
232 0 clueweb12-1515wb-96-11690 0
232 0 clueweb12-0204wb-91-33259 1
232 0 clueweb12-0100tw-72-22639 1
232 0 clueweb12-0204wb-19-19669 0
232 0 clueweb12-1302wb-57-00081 1
232 0 clueweb12-0012wb-86-02733 1
232 0 clueweb12-0012wb-86-02723 1
232 0 clueweb12-1408wb-54-03151 1
232 0 clueweb12-0800wb-45-41384 1
232 0 clueweb12-0713wb-31-10811 1
232 0 clueweb12-0715wb-81-29281 1
232 0 clueweb12-0908wb-55-15713 0
232 0 clueweb12-1315wb-78-21780 1
232 0 clueweb12-0500tw-12-01206 1
232 0 clueweb12-0500tw-12-01207 1
232 0 clueweb12-1806wb-37-05721 1
232 0 clueweb12-1806wb-37-05722 1
232 0 clueweb12-1806wb-86-00079 1
232 0 clueweb12-1316wb-24-21091 0
232 0 clueweb12-0408wb-77-25677 0
232 0 clueweb12-0111wb-78-30254 0
232 0 clueweb12-0001wb-48-13022 0
232 0 clueweb12-0403wb-48-30267 1
232 0 clueweb12-0914wb-78-19389 1
232 0 clueweb12-0007wb-78-07594 0
232 0 clueweb12-0203wb-19-16201 0
232 0 clueweb12-0403wb-41-13323 1
232 0 clueweb12-0602wb-77-21897 1
232 0 clueweb12-0612wb-00-03906 0
232 0 clueweb12-1707wb-89-16968 0
232 0 clueweb12-0010wb-12-14815 0
232 0 clueweb12-1302wb-57-00086 1
232 0 clueweb12-0409wb-06-21937 0
232 0 clueweb12-0111wb-89-08148 0
232 0 clueweb12-0715wb-46-25593 1
232 0 clueweb12-1408wb-54-03150 0
232 0 clueweb12-0400tw-92-03398 0
232 0 clueweb12-0012wb-86-02728 1
232 0 clueweb12-0609wb-33-11899 0
232 0 clueweb12-0803wb-04-15432 1
232 0 clueweb12-0604wb-79-08925 1
232 0 clueweb12-0210wb-92-04940 0
232 0 clueweb12-0004wb-05-07107 0
232 0 clueweb12-1910wb-28-07857 0
232 0 clueweb12-0010wb-41-20647 0
232 0 clueweb12-1315wb-58-16651 0
232 0 clueweb12-0004wb-05-07127 0
232 0 clueweb12-1406wb-31-17871 0
232 0 clueweb12-0204wb-13-18287 0
232 0 clueweb12-1201tw-22-12476 0
233 0 clueweb12-0310wb-63-16504 0
233 0 clueweb12-0111wb-51-09886 0
233 0 clueweb12-0012wb-93-02071 0
233 0 clueweb12-0301tw-18-00031 0
233 0 clueweb12-0905wb-66-04906 0
233 0 clueweb12-1900tw-42-02972 0
233 0 clueweb12-0112wb-07-14726 0
233 0 clueweb12-0111wb-42-25075 0
233 0 clueweb12-0905wb-04-05479 0
233 0 clueweb12-1407wb-27-05359 0
233 0 clueweb12-0101wb-40-28502 1
233 0 clueweb12-0600tw-05-00178 1
233 0 clueweb12-0600tw-02-17561 0
233 0 clueweb12-0913wb-77-12260 0
233 0 clueweb12-0012wb-81-27886 0
233 0 clueweb12-1108wb-45-01624 1
233 0 clueweb12-0916wb-56-11528 1
233 0 clueweb12-0506wb-13-22026 0
233 0 clueweb12-0905wb-99-00219 0
233 0 clueweb12-0905wb-14-04430 0
233 0 clueweb12-0001wb-07-33462 0
233 0 clueweb12-0812wb-92-03480 0
233 0 clueweb12-0010wb-99-24712 0
233 0 clueweb12-0112wb-24-01422 0
233 0 clueweb12-0411wb-10-17769 1
233 0 clueweb12-0109wb-02-23477 0
233 0 clueweb12-0209wb-65-21642 0
233 0 clueweb12-0013wb-61-00611 1
233 0 clueweb12-0109wb-07-30378 0
233 0 clueweb12-0013wb-27-14601 0
233 0 clueweb12-1413wb-42-30515 0
233 0 clueweb12-0913wb-08-17906 0
233 0 clueweb12-1900tw-52-02343 0
233 0 clueweb12-0506wb-13-22031 0
233 0 clueweb12-0201wb-27-01338 0
233 0 clueweb12-1509wb-06-27447 1
233 0 clueweb12-0211wb-98-24603 0
233 0 clueweb12-0111wb-51-09883 0
233 0 clueweb12-0906wb-62-01194 0
233 0 clueweb12-0200wb-41-12078 0
233 0 clueweb12-1812wb-51-20577 0
233 0 clueweb12-0203wb-71-26434 0
233 0 clueweb12-0111wb-66-19388 1
233 0 clueweb12-0112wb-37-32606 1
233 0 clueweb12-0000tw-27-23312 1
233 0 clueweb12-0609wb-56-02591 1
233 0 clueweb12-0200wb-88-20151 1
233 0 clueweb12-0200tw-54-03933 1
233 0 clueweb12-0200wb-88-20150 1
233 0 clueweb12-0200wb-48-24415 1
234 0 clueweb12-0601wb-77-35159 0
234 0 clueweb12-1303wb-95-23915 1
234 0 clueweb12-0900tw-66-08791 0
234 0 clueweb12-1400tw-40-12850 1
234 0 clueweb12-1811wb-66-00168 0
234 0 clueweb12-0700tw-08-00812 0
234 0 clueweb12-0800tw-55-23347 1
234 0 clueweb12-0800tw-08-07063 0
234 0 clueweb12-0818wb-54-18647 1
234 0 clueweb12-1020wb-21-03071 0
234 0 clueweb12-1602wb-81-10215 0
234 0 clueweb12-0000wb-76-38422 1
234 0 clueweb12-0002wb-09-14892 1
234 0 clueweb12-0002wb-09-15008 1
234 0 clueweb12-0002wb-97-23402 1
234 0 clueweb12-0009wb-20-04575 1
234 0 clueweb12-0400wb-12-12146 1
234 0 clueweb12-0400wb-60-04881 0
234 0 clueweb12-0002wb-35-11389 1
234 0 clueweb12-0007wb-34-33626 1
234 0 clueweb12-0201wb-95-02110 0
234 0 clueweb12-0503wb-59-26408 1
234 0 clueweb12-1000tw-62-04163 1
234 0 clueweb12-1515wb-49-14337 1
234 0 clueweb12-0100tw-52-04769 1
234 0 clueweb12-0209wb-10-16581 1
234 0 clueweb12-0100tw-54-07199 0
234 0 clueweb12-0506wb-00-27596 1
234 0 clueweb12-1206wb-94-10198 0
234 0 clueweb12-0204wb-36-17419 1
234 0 clueweb12-1807wb-48-25279 1
234 0 clueweb12-0004wb-19-09326 0
234 0 clueweb12-0105wb-54-30918 1
234 0 clueweb12-0108wb-12-13901 1
234 0 clueweb12-0111wb-90-25331 1
234 0 clueweb12-1600tw-43-09608 0
234 0 clueweb12-0301wb-24-08651 1
234 0 clueweb12-0000tw-40-10838 1
234 0 clueweb12-0100tw-32-17086 1
234 0 clueweb12-0611wb-27-34072 0
234 0 clueweb12-0202wb-97-12232 0
234 0 clueweb12-1207wb-52-22989 0
234 0 clueweb12-1815wb-19-20606 1
234 0 clueweb12-1900wb-66-02508 1
234 0 clueweb12-1900wb-90-00090 1
234 0 clueweb12-0000tw-13-04988 1
234 0 clueweb12-1901wb-99-13613 1
234 0 clueweb12-0112wb-06-18252 1
234 0 clueweb12-0805wb-52-01527 1
234 0 clueweb12-0112wb-65-34543 1
235 0 clueweb12-0008wb-93-30867 0
235 0 clueweb12-0601wb-50-34183 0
235 0 clueweb12-0107wb-50-07701 0
235 0 clueweb12-0100tw-05-15004 0
235 0 clueweb12-0109wb-39-30425 0
235 0 clueweb12-0500tw-31-21398 0
235 0 clueweb12-0109wb-03-32287 1
235 0 clueweb12-0815wb-03-10065 0
235 0 clueweb12-1405wb-12-26074 0
235 0 clueweb12-1012wb-62-10814 0
235 0 clueweb12-1515wb-16-23110 0
235 0 clueweb12-0105wb-93-05137 0
235 0 clueweb12-0302wb-91-24854 0
235 0 clueweb12-0008wb-58-10361 0
235 0 clueweb12-0004wb-40-28397 0
235 0 clueweb12-0011wb-18-08921 0
235 0 clueweb12-1312wb-68-05711 0
235 0 clueweb12-1703wb-88-12122 0
235 0 clueweb12-0204wb-36-06195 0
235 0 clueweb12-0008wb-61-22094 0
235 0 clueweb12-0006wb-22-20884 0
235 0 clueweb12-0111wb-21-19495 0
235 0 clueweb12-0813wb-57-28998 1
235 0 clueweb12-1000wb-29-03201 1
235 0 clueweb12-1815wb-37-30413 0
235 0 clueweb12-0900tw-85-07032 0
235 0 clueweb12-0107wb-85-23435 0
235 0 clueweb12-0201wb-07-28873 1
235 0 clueweb12-0408wb-85-06746 1
235 0 clueweb12-0501wb-59-23881 1
235 0 clueweb12-1204wb-74-11105 0
235 0 clueweb12-1204wb-05-13510 0
235 0 clueweb12-0000wb-18-32564 0
235 0 clueweb12-0408wb-94-12082 0
235 0 clueweb12-0207wb-56-24008 0
235 0 clueweb12-1003wb-70-07045 0
235 0 clueweb12-0011wb-40-29303 0
235 0 clueweb12-0716wb-81-16039 0
235 0 clueweb12-0104wb-46-06030 1
235 0 clueweb12-0708wb-42-10158 0
235 0 clueweb12-1407wb-84-15890 0
235 0 clueweb12-1515wb-95-33406 0
235 0 clueweb12-1500wb-77-30798 0
235 0 clueweb12-0106wb-06-01619 1
235 0 clueweb12-0108wb-97-23964 0
235 0 clueweb12-0716wb-91-07867 0
235 0 clueweb12-1314wb-06-02421 0
235 0 clueweb12-0509wb-74-03743 0
235 0 clueweb12-0306wb-87-15882 0
235 0 clueweb12-1200tw-14-19829 0
236 0 clueweb12-0102wb-47-01161 0
236 0 clueweb12-1408wb-69-07590 1
236 0 clueweb12-1411wb-86-09476 0
236 0 clueweb12-0202wb-73-16945 0
236 0 clueweb12-1900tw-58-09883 0
236 0 clueweb12-0000wb-58-28532 0
236 0 clueweb12-0007wb-65-13293 0
236 0 clueweb12-0300wb-25-17403 1
236 0 clueweb12-0403wb-58-12394 1
236 0 clueweb12-1416wb-31-00252 1
236 0 clueweb12-0205wb-85-21521 1
236 0 clueweb12-0202wb-83-22254 1
236 0 clueweb12-0105wb-26-19685 0
236 0 clueweb12-1610wb-83-08617 1
236 0 clueweb12-1405wb-12-01723 1
236 0 clueweb12-0402wb-41-20668 1
236 0 clueweb12-1602wb-83-07501 1
236 0 clueweb12-0713wb-49-05176 1
236 0 clueweb12-0111wb-62-04952 1
236 0 clueweb12-0302wb-21-19560 1
236 0 clueweb12-0403wb-03-13920 1
236 0 clueweb12-0110wb-64-26412 1
236 0 clueweb12-1502wb-66-14328 1
236 0 clueweb12-1804wb-05-15715 0
236 0 clueweb12-1012wb-75-28845 1
236 0 clueweb12-0208wb-28-18727 1
236 0 clueweb12-1409wb-00-13962 1
236 0 clueweb12-0807wb-97-06659 1
236 0 clueweb12-1912wb-40-17457 1
236 0 clueweb12-1700tw-61-01814 1
236 0 clueweb12-1406wb-78-18096 1
236 0 clueweb12-0502wb-26-04952 1
236 0 clueweb12-1514wb-77-05951 1
236 0 clueweb12-0912wb-44-16113 1
236 0 clueweb12-1409wb-00-13961 1
236 0 clueweb12-0104wb-18-13486 1
236 0 clueweb12-1401wb-93-13194 1
236 0 clueweb12-0809wb-31-05807 0
236 0 clueweb12-0914wb-68-01319 1
236 0 clueweb12-1012wb-00-20683 1
236 0 clueweb12-0008wb-27-14903 1
236 0 clueweb12-1011wb-88-23400 1
236 0 clueweb12-1012wb-15-10757 1
236 0 clueweb12-0012wb-94-03884 1
236 0 clueweb12-0003wb-56-20728 1
236 0 clueweb12-0601wb-37-12697 1
236 0 clueweb12-1011wb-52-21344 1
236 0 clueweb12-1416wb-31-00253 1
236 0 clueweb12-0012wb-53-16719 1
236 0 clueweb12-0401wb-32-25332 1
237 0 clueweb12-0601wb-77-35159 0
237 0 clueweb12-0101wb-65-00036 0
237 0 clueweb12-0210wb-74-19625 0
237 0 clueweb12-0207wb-47-18757 0
237 0 clueweb12-0404wb-20-25235 0
237 0 clueweb12-1800tw-02-18214 0
237 0 clueweb12-0909wb-36-11987 0
237 0 clueweb12-0012wb-45-00461 0
237 0 clueweb12-1903wb-21-06988 0
237 0 clueweb12-0012wb-45-00445 0
237 0 clueweb12-1316wb-26-34751 0
237 0 clueweb12-1209wb-10-14679 1
237 0 clueweb12-0011wb-38-30576 0
237 0 clueweb12-0004wb-00-04719 0
237 0 clueweb12-0800wb-08-14863 0
237 0 clueweb12-0705wb-43-11195 1
237 0 clueweb12-1100wb-41-18849 1
237 0 clueweb12-0102wb-47-09248 0
237 0 clueweb12-0716wb-87-06401 0
237 0 clueweb12-0607wb-61-18548 0
237 0 clueweb12-1502wb-68-09439 0
237 0 clueweb12-0109wb-62-08867 0
237 0 clueweb12-0919wb-83-11674 0
237 0 clueweb12-0611wb-48-27328 0
237 0 clueweb12-0107wb-54-03111 0
237 0 clueweb12-1611wb-87-03077 0
237 0 clueweb12-0300wb-88-04502 0
237 0 clueweb12-0104wb-99-27063 0
237 0 clueweb12-0002wb-60-28852 0
237 0 clueweb12-1616wb-26-20839 0
237 0 clueweb12-0210wb-86-28632 0
237 0 clueweb12-1603wb-92-15359 0
237 0 clueweb12-0108wb-21-18236 0
237 0 clueweb12-0205wb-44-21283 1
237 0 clueweb12-0304wb-47-31378 0
237 0 clueweb12-1400wb-47-05273 0
237 0 clueweb12-0210wb-74-19621 0
237 0 clueweb12-0106wb-91-21074 1
237 0 clueweb12-0106wb-91-21076 0
237 0 clueweb12-1700tw-15-14243 0
237 0 clueweb12-0209wb-01-31301 0
237 0 clueweb12-0004wb-97-12690 0
237 0 clueweb12-0104wb-99-27062 0
237 0 clueweb12-1305wb-33-06421 0
237 0 clueweb12-0606wb-19-31421 0
237 0 clueweb12-0104wb-23-14591 0
237 0 clueweb12-0311wb-25-23705 0
237 0 clueweb12-0411wb-41-00555 0
237 0 clueweb12-0701wb-59-27469 0
237 0 clueweb12-0001wb-70-16297 0
238 0 clueweb12-0511wb-82-01787 0
238 0 clueweb12-0005wb-61-11386 1
238 0 clueweb12-0007wb-64-07914 1
238 0 clueweb12-0006wb-32-07821 1
238 0 clueweb12-0008wb-87-14176 1
238 0 clueweb12-0401wb-33-19077 1
238 0 clueweb12-0715wb-89-17307 1
238 0 clueweb12-0306wb-98-00412 1
238 0 clueweb12-1011wb-58-24240 1
238 0 clueweb12-1901wb-24-06279 1
238 0 clueweb12-1203wb-43-18877 0
238 0 clueweb12-0813wb-91-06393 0
238 0 clueweb12-1012wb-03-08228 0
238 0 clueweb12-0508wb-18-01502 1
238 0 clueweb12-1201tw-29-17252 0
238 0 clueweb12-0901wb-01-03613 1
238 0 clueweb12-0612wb-35-13432 1
238 0 clueweb12-0716wb-05-06544 1
238 0 clueweb12-1800tw-34-09883 1
238 0 clueweb12-0707wb-19-05978 1
238 0 clueweb12-1000tw-60-18747 0
238 0 clueweb12-1701wb-91-14933 0
238 0 clueweb12-0916wb-56-20181 0
238 0 clueweb12-1310wb-39-14202 0
238 0 clueweb12-1615wb-30-27328 0
238 0 clueweb12-1807wb-00-10937 0
238 0 clueweb12-0013wb-40-20806 0
238 0 clueweb12-0103wb-32-04089 0
238 0 clueweb12-0105wb-32-13044 1
238 0 clueweb12-1910wb-40-23885 0
238 0 clueweb12-0203wb-56-25750 0
238 0 clueweb12-1807wb-51-10423 1
238 0 clueweb12-1807wb-65-08631 1
238 0 clueweb12-0908wb-52-28087 1
238 0 clueweb12-1716wb-82-20342 0
238 0 clueweb12-0207wb-45-31222 0
238 0 clueweb12-0716wb-19-30868 0
238 0 clueweb12-1411wb-81-26936 0
238 0 clueweb12-0908wb-42-25284 0
238 0 clueweb12-0203wb-26-32466 0
238 0 clueweb12-1010wb-87-07903 0
238 0 clueweb12-0301wb-94-30160 0
238 0 clueweb12-0919wb-56-00691 0
238 0 clueweb12-0010wb-82-05877 0
238 0 clueweb12-0000wb-55-08506 0
238 0 clueweb12-1315wb-47-19544 0
238 0 clueweb12-1406wb-28-22014 0
238 0 clueweb12-1101tw-13-05186 0
238 0 clueweb12-0011wb-14-12540 0
238 0 clueweb12-1904wb-14-11249 1
239 0 clueweb12-0006wb-07-28838 0
239 0 clueweb12-0104wb-32-23220 0
239 0 clueweb12-0001wb-06-27591 1
239 0 clueweb12-1400tw-37-22357 1
239 0 clueweb12-0005wb-65-25307 0
239 0 clueweb12-0102wb-64-07634 0
239 0 clueweb12-0101wb-84-21151 1
239 0 clueweb12-0305wb-88-27379 0
239 0 clueweb12-1006wb-80-16687 1
239 0 clueweb12-0402wb-93-26668 0
239 0 clueweb12-0402wb-24-08829 0
239 0 clueweb12-0013wb-45-05577 1
239 0 clueweb12-0101wb-39-18613 1
239 0 clueweb12-0811wb-58-00484 1
239 0 clueweb12-0504wb-23-23807 0
239 0 clueweb12-0004wb-74-28335 0
239 0 clueweb12-0802wb-63-08224 0
239 0 clueweb12-1602wb-61-25574 1
239 0 clueweb12-0006wb-43-15453 1
239 0 clueweb12-1005wb-51-20589 0
239 0 clueweb12-0903wb-22-05022 0
239 0 clueweb12-0111wb-13-21955 1
239 0 clueweb12-1210wb-36-07054 1
239 0 clueweb12-0204wb-52-25441 1
239 0 clueweb12-0512wb-02-01874 1
239 0 clueweb12-0700tw-35-10167 1
239 0 clueweb12-0104wb-76-05930 1
239 0 clueweb12-0002wb-97-13622 0
239 0 clueweb12-0010wb-01-02828 0
239 0 clueweb12-1803wb-95-22214 0
239 0 clueweb12-1006wb-83-24920 1
239 0 clueweb12-1805wb-01-17520 0
239 0 clueweb12-0303wb-41-23869 0
239 0 clueweb12-0307wb-30-18278 0
239 0 clueweb12-1804wb-12-14072 0
239 0 clueweb12-0007wb-07-02943 0
239 0 clueweb12-0107wb-44-16680 0
239 0 clueweb12-0606wb-28-03236 1
239 0 clueweb12-0304wb-56-25250 1
239 0 clueweb12-1408wb-69-00529 0
239 0 clueweb12-1607wb-97-30361 0
239 0 clueweb12-0107wb-37-33652 0
239 0 clueweb12-0001wb-29-09944 0
239 0 clueweb12-1601wb-27-18878 0
239 0 clueweb12-0606wb-46-12388 1
239 0 clueweb12-0201wb-13-30583 1
239 0 clueweb12-0311wb-22-00239 0
239 0 clueweb12-0806wb-28-12320 1
239 0 clueweb12-0103wb-34-05083 1
239 0 clueweb12-0004wb-52-27113 0
240 0 clueweb12-0210wb-09-14053 0
240 0 clueweb12-0611wb-03-27200 1
240 0 clueweb12-1018wb-82-23979 0
240 0 clueweb12-0300tw-38-12553 1
240 0 clueweb12-1016wb-91-19825 1
240 0 clueweb12-1018wb-84-23729 1
240 0 clueweb12-1018wb-84-23727 1
240 0 clueweb12-1018wb-84-23726 1
240 0 clueweb12-1018wb-84-23728 1
240 0 clueweb12-1018wb-84-23738 1
240 0 clueweb12-1017wb-36-01166 1
240 0 clueweb12-1017wb-84-25719 1
240 0 clueweb12-0712wb-61-17244 1
240 0 clueweb12-1900tw-30-07130 1
240 0 clueweb12-0714wb-05-14116 1
240 0 clueweb12-0715wb-02-02779 1
240 0 clueweb12-0713wb-76-04407 1
240 0 clueweb12-0714wb-05-16350 1
240 0 clueweb12-1012wb-52-01066 1
240 0 clueweb12-0713wb-03-10401 1
240 0 clueweb12-0713wb-56-01080 1
240 0 clueweb12-0713wb-61-22241 1
240 0 clueweb12-0713wb-76-03697 1
240 0 clueweb12-0714wb-40-12623 1
240 0 clueweb12-0714wb-40-12625 1
240 0 clueweb12-0714wb-81-01862 0
240 0 clueweb12-0306wb-73-02475 1
240 0 clueweb12-1314wb-30-04213 1
240 0 clueweb12-0411wb-74-22968 0
240 0 clueweb12-1413wb-43-18365 0
240 0 clueweb12-0800wb-26-14565 0
240 0 clueweb12-1714wb-62-05205 0
240 0 clueweb12-0005wb-82-34392 0
240 0 clueweb12-1506wb-51-07148 1
240 0 clueweb12-0010wb-77-19148 0
240 0 clueweb12-0010wb-87-00254 1
240 0 clueweb12-0407wb-50-03911 0
240 0 clueweb12-0006wb-75-08950 1
240 0 clueweb12-0009wb-76-32073 0
240 0 clueweb12-0006wb-75-08961 1
240 0 clueweb12-0006wb-64-03036 1
240 0 clueweb12-0006wb-77-09061 1
240 0 clueweb12-0006wb-64-03035 1
240 0 clueweb12-0006wb-48-09661 1
240 0 clueweb12-0006wb-35-11575 1
240 0 clueweb12-0006wb-77-09064 1
240 0 clueweb12-0006wb-35-11564 1
240 0 clueweb12-0004wb-57-21704 1
240 0 clueweb12-0006wb-48-09658 1
240 0 clueweb12-0006wb-48-09676 1
241 0 clueweb12-0203wb-66-23311 0
241 0 clueweb12-0007wb-69-05819 0
241 0 clueweb12-1608wb-87-20992 0
241 0 clueweb12-0010wb-74-01177 1
241 0 clueweb12-0901tw-10-11247 1
241 0 clueweb12-1713wb-50-02826 0
241 0 clueweb12-1211wb-27-05096 0
241 0 clueweb12-0108wb-02-28736 0
241 0 clueweb12-0303wb-37-06529 1
241 0 clueweb12-0816wb-17-25628 1
241 0 clueweb12-0705wb-73-17147 1
241 0 clueweb12-0008wb-12-09919 1
241 0 clueweb12-0005wb-44-15444 1
241 0 clueweb12-0806wb-69-35178 1
241 0 clueweb12-0806wb-80-22324 1
241 0 clueweb12-0304wb-65-08189 1
241 0 clueweb12-0003wb-51-12107 1
241 0 clueweb12-0803wb-41-02388 1
241 0 clueweb12-1810wb-82-11177 0
241 0 clueweb12-0012wb-63-33525 1
241 0 clueweb12-0705wb-18-19505 1
241 0 clueweb12-0710wb-96-03356 1
241 0 clueweb12-0810wb-17-05526 1
241 0 clueweb12-0812wb-20-27072 1
241 0 clueweb12-0814wb-41-06638 1
241 0 clueweb12-1500wb-68-15902 1
241 0 clueweb12-1508wb-05-11672 1
241 0 clueweb12-1508wb-80-22328 1
241 0 clueweb12-0002wb-56-10931 0
241 0 clueweb12-0802wb-84-20443 0
241 0 clueweb12-1205wb-72-15478 0
241 0 clueweb12-0902wb-89-05066 0
241 0 clueweb12-0210wb-64-10001 0
241 0 clueweb12-0000wb-35-03475 1
241 0 clueweb12-0301wb-03-31685 1
241 0 clueweb12-0011wb-02-22667 1
241 0 clueweb12-1716wb-54-21473 1
241 0 clueweb12-1002wb-65-21976 1
241 0 clueweb12-0000wb-19-15664 1
241 0 clueweb12-0011wb-15-17185 1
241 0 clueweb12-0307wb-16-17344 1
241 0 clueweb12-1904wb-07-08346 1
241 0 clueweb12-0913wb-21-19049 1
241 0 clueweb12-0010wb-61-11140 1
241 0 clueweb12-0401wb-63-21547 1
241 0 clueweb12-0102wb-63-17703 0
241 0 clueweb12-1118wb-28-22082 1
241 0 clueweb12-0902wb-69-03939 0
241 0 clueweb12-0001wb-56-32653 0
241 0 clueweb12-1308wb-93-35073 0
242 0 clueweb12-0013wb-50-13224 0
242 0 clueweb12-1407wb-52-19583 1
242 0 clueweb12-0607wb-37-05719 0
242 0 clueweb12-0204wb-80-02067 0
242 0 clueweb12-0512wb-51-30140 0
242 0 clueweb12-0610wb-74-10920 0
242 0 clueweb12-0606wb-99-25464 0
242 0 clueweb12-0913wb-34-16612 0
242 0 clueweb12-0302wb-64-31538 0
242 0 clueweb12-1911wb-46-17287 0
242 0 clueweb12-0102wb-63-28406 0
242 0 clueweb12-0007wb-20-25813 0
242 0 clueweb12-0004wb-13-21577 0
242 0 clueweb12-0810wb-87-27075 1
242 0 clueweb12-1700tw-33-16558 0
242 0 clueweb12-0914wb-18-18082 0
242 0 clueweb12-0302wb-93-02623 0
242 0 clueweb12-1806wb-38-09258 0
242 0 clueweb12-0109wb-81-20382 0
242 0 clueweb12-0011wb-57-07679 1
242 0 clueweb12-1515wb-63-06849 0
242 0 clueweb12-0301wb-02-33165 0
242 0 clueweb12-0301wb-27-06004 1
242 0 clueweb12-1400wb-84-07121 1
242 0 clueweb12-0403wb-54-21947 0
242 0 clueweb12-0907wb-03-08852 0
242 0 clueweb12-1805wb-93-17464 0
242 0 clueweb12-0010wb-78-12579 0
242 0 clueweb12-0306wb-90-04363 0
242 0 clueweb12-0005wb-40-26920 0
242 0 clueweb12-0303wb-73-20816 0
242 0 clueweb12-0305wb-93-17310 0
242 0 clueweb12-0200wb-98-08424 1
242 0 clueweb12-1901wb-08-10063 1
242 0 clueweb12-0210wb-45-04848 0
242 0 clueweb12-0914wb-42-19103 0
242 0 clueweb12-0907wb-17-09484 0
242 0 clueweb12-0610wb-87-28217 0
242 0 clueweb12-0106wb-71-14708 0
242 0 clueweb12-1511wb-61-16898 0
242 0 clueweb12-0817wb-11-00181 0
242 0 clueweb12-0403wb-02-33609 0
242 0 clueweb12-0914wb-45-20335 0
242 0 clueweb12-0512wb-25-19179 0
242 0 clueweb12-0305wb-53-21966 0
242 0 clueweb12-1400tw-70-00761 0
242 0 clueweb12-1516wb-50-31905 0
242 0 clueweb12-0304wb-32-10371 0
242 0 clueweb12-1108wb-63-22354 0
242 0 clueweb12-1515wb-80-11354 0
243 0 clueweb12-0610wb-40-06503 0
243 0 clueweb12-1700tw-41-00936 1
243 0 clueweb12-0110wb-45-31084 0
243 0 clueweb12-0206wb-76-07679 0
243 0 clueweb12-0206wb-77-03013 1
243 0 clueweb12-1003wb-98-11520 0
243 0 clueweb12-0302wb-36-12323 1
243 0 clueweb12-1715wb-65-00321 1
243 0 clueweb12-0815wb-53-02021 0
243 0 clueweb12-0410wb-33-01554 0
243 0 clueweb12-0411wb-92-10614 0
243 0 clueweb12-0101wb-81-30388 1
243 0 clueweb12-1102wb-73-18046 1
243 0 clueweb12-1102wb-73-18049 1
243 0 clueweb12-1103wb-19-22173 1
243 0 clueweb12-1613wb-87-31555 1
243 0 clueweb12-0207wb-93-32868 0
243 0 clueweb12-0305wb-39-30237 1
243 0 clueweb12-0401wb-24-00005 0
243 0 clueweb12-0401wb-30-17363 0
243 0 clueweb12-0300wb-50-05318 0
243 0 clueweb12-1808wb-92-24398 1
243 0 clueweb12-0609wb-87-16396 1
243 0 clueweb12-0101wb-24-31680 0
243 0 clueweb12-0205wb-77-18411 0
243 0 clueweb12-1107wb-75-21249 1
243 0 clueweb12-0306wb-46-05114 1
243 0 clueweb12-0408wb-15-09254 0
243 0 clueweb12-0300wb-63-02268 0
243 0 clueweb12-0303wb-45-24796 1
243 0 clueweb12-0404wb-21-09560 1
243 0 clueweb12-0102wb-22-03298 1
243 0 clueweb12-1201wb-40-13440 0
243 0 clueweb12-0204wb-34-01904 0
243 0 clueweb12-0211wb-30-16138 0
243 0 clueweb12-0101wb-14-20813 0
243 0 clueweb12-0510wb-01-02110 0
243 0 clueweb12-0909wb-94-00857 0
243 0 clueweb12-0302wb-45-00261 0
243 0 clueweb12-1210wb-94-17243 1
243 0 clueweb12-0011wb-18-24419 0
243 0 clueweb12-1005wb-03-16157 0
243 0 clueweb12-0103wb-10-16813 1
243 0 clueweb12-0411wb-56-22724 1
243 0 clueweb12-1200wb-76-06636 0
243 0 clueweb12-0102wb-06-30154 1
243 0 clueweb12-0818wb-81-21567 0
243 0 clueweb12-0714wb-46-01621 1
243 0 clueweb12-0013wb-31-20445 0
243 0 clueweb12-0103wb-96-09775 1
244 0 clueweb12-1300wb-44-24447 0
244 0 clueweb12-1016wb-91-11845 0
244 0 clueweb12-1000tw-04-17669 0
244 0 clueweb12-0102wb-03-05743 0
244 0 clueweb12-0309wb-64-26216 0
244 0 clueweb12-0916wb-56-30229 0
244 0 clueweb12-0208wb-29-18643 0
244 0 clueweb12-0812wb-73-19794 1
244 0 clueweb12-0208wb-33-31561 0
244 0 clueweb12-0809wb-92-00920 0
244 0 clueweb12-1016wb-42-14775 0
244 0 clueweb12-0007wb-23-22251 0
244 0 clueweb12-0709wb-78-03246 0
244 0 clueweb12-1906wb-76-14850 0
244 0 clueweb12-0904wb-87-11299 1
244 0 clueweb12-1300tw-42-06142 1
244 0 clueweb12-1302wb-00-09679 0
244 0 clueweb12-1016wb-91-11846 0
244 0 clueweb12-0904wb-80-15849 1
244 0 clueweb12-0312wb-00-16666 0
244 0 clueweb12-0005wb-38-17693 0
244 0 clueweb12-0913wb-49-15418 0
244 0 clueweb12-1018wb-79-01214 0
244 0 clueweb12-1004wb-86-13522 0
244 0 clueweb12-0304wb-35-26378 0
244 0 clueweb12-0205wb-88-31657 0
244 0 clueweb12-0000wb-44-17822 0
244 0 clueweb12-1005wb-17-21858 0
244 0 clueweb12-0001wb-56-28038 0
244 0 clueweb12-1004wb-86-13523 0
244 0 clueweb12-1107wb-94-07277 0
244 0 clueweb12-1019wb-66-12577 0
244 0 clueweb12-0208wb-90-25402 1
244 0 clueweb12-1004wb-86-13521 0
244 0 clueweb12-1017wb-43-21926 0
244 0 clueweb12-0103wb-97-07776 0
244 0 clueweb12-0208wb-90-25399 1
244 0 clueweb12-0207wb-96-13172 1
244 0 clueweb12-0606wb-45-33532 0
244 0 clueweb12-1108wb-00-25662 0
244 0 clueweb12-1017wb-43-21934 0
244 0 clueweb12-0000wt-00-19283 1
244 0 clueweb12-0808wb-01-19534 0
244 0 clueweb12-0712wb-26-12027 0
244 0 clueweb12-0211wb-05-05054 0
244 0 clueweb12-1018wb-27-07285 0
244 0 clueweb12-0301wb-29-30409 0
244 0 clueweb12-0112wb-42-18892 0
244 0 clueweb12-0008wb-76-25232 0
244 0 clueweb12-1300wb-48-12453 0
245 0 clueweb12-1019wb-43-12102 0
245 0 clueweb12-0102wb-02-18789 0
245 0 clueweb12-0301tw-47-16488 1
245 0 clueweb12-0109wb-93-14385 0
245 0 clueweb12-1707wb-92-30370 0
245 0 clueweb12-1600wb-98-31096 0
245 0 clueweb12-0205wb-79-26149 0
245 0 clueweb12-1301wb-34-06849 0
245 0 clueweb12-1901wb-55-21685 0
245 0 clueweb12-0100wb-19-13997 0
245 0 clueweb12-0204wb-55-24876 0
245 0 clueweb12-0816wb-92-18264 0
245 0 clueweb12-1411wb-69-07349 0
245 0 clueweb12-1715wb-83-32137 1
245 0 clueweb12-1716wb-43-18869 0
245 0 clueweb12-0601wb-91-03900 0
245 0 clueweb12-0811wb-68-09098 1
245 0 clueweb12-0800wb-93-19147 0
245 0 clueweb12-1706wb-30-24078 0
245 0 clueweb12-1812wb-39-08196 0
245 0 clueweb12-1311wb-93-03023 0
245 0 clueweb12-1805wb-42-01937 0
245 0 clueweb12-1510wb-63-00022 0
245 0 clueweb12-1703wb-71-07862 0
245 0 clueweb12-1205wb-18-08676 0
245 0 clueweb12-0805wb-12-11942 0
245 0 clueweb12-0105wb-05-20447 0
245 0 clueweb12-0102wb-02-18790 0
245 0 clueweb12-0502wb-73-14537 0
245 0 clueweb12-0606wb-11-28501 0
245 0 clueweb12-1106wb-22-04453 0
245 0 clueweb12-0406wb-53-16835 0
245 0 clueweb12-0206wb-75-11340 0
245 0 clueweb12-1608wb-50-21803 0
245 0 clueweb12-0210wb-53-25613 0
245 0 clueweb12-0003wb-51-26121 0
245 0 clueweb12-0602wb-03-22202 0
245 0 clueweb12-0210wb-74-28252 0
245 0 clueweb12-1018wb-59-20860 0
245 0 clueweb12-1506wb-19-03397 0
245 0 clueweb12-0805wb-30-02429 0
245 0 clueweb12-0210wb-87-03478 0
245 0 clueweb12-0811wb-23-01560 0
245 0 clueweb12-0100wb-63-13556 0
245 0 clueweb12-0909wb-24-16337 0
245 0 clueweb12-1315wb-77-04481 0
245 0 clueweb12-1502wb-15-22828 0
245 0 clueweb12-0904wb-82-24741 0
245 0 clueweb12-0210wb-72-32879 0
245 0 clueweb12-0703wb-04-17152 0
246 0 clueweb12-1604wb-50-04607 0
246 0 clueweb12-0910wb-63-16131 0
246 0 clueweb12-0009wb-20-13649 0
246 0 clueweb12-0608wb-75-18385 1
246 0 clueweb12-0609wb-34-31497 0
246 0 clueweb12-0202wb-59-25458 1
246 0 clueweb12-0108wb-37-10175 0
246 0 clueweb12-0610wb-77-25366 1
246 0 clueweb12-0211wb-36-05800 1
246 0 clueweb12-0611wb-67-31852 0
246 0 clueweb12-0108wb-05-29114 0
246 0 clueweb12-1006wb-74-15824 0
246 0 clueweb12-0500wb-07-05385 1
246 0 clueweb12-0209wb-13-20397 1
246 0 clueweb12-0004wb-84-29266 1
246 0 clueweb12-0610wb-77-25363 1
246 0 clueweb12-1414wb-79-13810 1
246 0 clueweb12-0402wb-10-27016 0
246 0 clueweb12-0011wb-71-18849 0
246 0 clueweb12-0507wb-27-12895 0
246 0 clueweb12-0609wb-72-06640 1
246 0 clueweb12-0611wb-46-08161 0
246 0 clueweb12-0604wb-11-04733 0
246 0 clueweb12-0013wb-75-12593 0
246 0 clueweb12-1413wb-63-21999 0
246 0 clueweb12-0609wb-34-31499 1
246 0 clueweb12-0609wb-72-06631 1
246 0 clueweb12-0609wb-34-31485 0
246 0 clueweb12-0209wb-14-23528 1
246 0 clueweb12-0510wb-13-15741 0
246 0 clueweb12-0609wb-47-23135 1
246 0 clueweb12-0609wb-68-18580 0
246 0 clueweb12-0802wb-01-00564 1
246 0 clueweb12-1714wb-93-11944 1
246 0 clueweb12-0102wb-37-07417 0
246 0 clueweb12-0307wb-56-12205 0
246 0 clueweb12-0405wb-54-18649 0
246 0 clueweb12-0001wb-00-15727 1
246 0 clueweb12-0003wb-12-28508 1
246 0 clueweb12-0002wb-72-32199 0
246 0 clueweb12-1012wb-57-04844 0
246 0 clueweb12-0703wb-30-25808 1
246 0 clueweb12-1007wb-96-14962 0
246 0 clueweb12-1802wb-57-15732 1
246 0 clueweb12-0307wb-44-20639 1
246 0 clueweb12-1802wb-57-15733 1
246 0 clueweb12-0000wb-75-23846 1
246 0 clueweb12-0210wb-70-24518 1
246 0 clueweb12-0611wb-01-29297 0
246 0 clueweb12-1504wb-63-00624 0
247 0 clueweb12-1111wb-61-25620 0
247 0 clueweb12-0601wb-51-02582 1
247 0 clueweb12-0905wb-50-04112 0
247 0 clueweb12-0111wb-03-25785 0
247 0 clueweb12-1613wb-50-07097 0
247 0 clueweb12-1111wb-09-07499 0
247 0 clueweb12-1415wb-82-11664 0
247 0 clueweb12-1600tw-05-05183 0
247 0 clueweb12-1704wb-80-20145 0
247 0 clueweb12-0000tw-28-00167 0
247 0 clueweb12-0105wb-13-21862 0
247 0 clueweb12-1309wb-77-03205 1
247 0 clueweb12-0106wb-84-30950 0
247 0 clueweb12-1412wb-33-13915 0
247 0 clueweb12-0108wb-61-24776 0
247 0 clueweb12-0605wb-41-00688 0
247 0 clueweb12-0301wb-55-07978 0
247 0 clueweb12-0307wb-94-06996 0
247 0 clueweb12-1514wb-08-06465 0
247 0 clueweb12-0917wb-91-30094 0
247 0 clueweb12-0207wb-23-07155 0
247 0 clueweb12-0707wb-58-06229 0
247 0 clueweb12-0000wb-48-18877 0
247 0 clueweb12-0103wb-88-00481 0
247 0 clueweb12-0404wb-27-13990 0
247 0 clueweb12-1614wb-79-01806 0
247 0 clueweb12-1900wb-94-02456 0
247 0 clueweb12-1511wb-23-32237 0
247 0 clueweb12-1713wb-97-28340 1
247 0 clueweb12-0211wb-71-04819 0
247 0 clueweb12-1503wb-16-09752 0
247 0 clueweb12-1113wb-10-05440 0
247 0 clueweb12-0302wb-27-03668 0
247 0 clueweb12-1704wb-24-08641 0
247 0 clueweb12-0207wb-15-05213 0
247 0 clueweb12-0002wb-87-03250 0
247 0 clueweb12-1713wb-32-15101 0
247 0 clueweb12-0411wb-76-32717 0
247 0 clueweb12-1814wb-48-06638 0
247 0 clueweb12-0103wb-98-24148 0
247 0 clueweb12-1900wb-60-06707 0
247 0 clueweb12-0012wb-30-09183 0
247 0 clueweb12-0804wb-35-22776 1
247 0 clueweb12-1111wb-09-07502 0
247 0 clueweb12-0201wb-03-21371 1
247 0 clueweb12-0610wb-29-21378 0
247 0 clueweb12-0307wb-38-06611 0
247 0 clueweb12-0800wb-56-12438 0
247 0 clueweb12-0504wb-42-14036 0
247 0 clueweb12-0003wb-76-16762 0
248 0 clueweb12-0504wb-56-16903 0
248 0 clueweb12-0403wb-09-28411 0
248 0 clueweb12-1010wb-36-21143 0
248 0 clueweb12-0200wb-13-27901 1
248 0 clueweb12-0815wb-86-19774 1
248 0 clueweb12-0913wb-44-00185 0
248 0 clueweb12-0502wb-30-21982 1
248 0 clueweb12-0210wb-69-14908 0
248 0 clueweb12-0405wb-02-18788 0
248 0 clueweb12-0913wb-50-06862 1
248 0 clueweb12-1406wb-31-10833 0
248 0 clueweb12-0611wb-02-09175 0
248 0 clueweb12-1400wb-29-05214 1
248 0 clueweb12-0001wb-37-09082 1
248 0 clueweb12-0803wb-61-13558 1
248 0 clueweb12-0210wb-32-28508 0
248 0 clueweb12-0002wb-85-12733 0
248 0 clueweb12-0013wb-59-27218 0
248 0 clueweb12-0904wb-39-19527 0
248 0 clueweb12-0917wb-86-16600 0
248 0 clueweb12-0211wb-28-20304 1
248 0 clueweb12-1613wb-65-04757 0
248 0 clueweb12-0203wb-14-26135 0
248 0 clueweb12-0103wb-80-10604 0
248 0 clueweb12-1407wb-22-13080 0
248 0 clueweb12-0610wb-06-06678 1
248 0 clueweb12-0408wb-89-18160 0
248 0 clueweb12-0101wb-75-11233 0
248 0 clueweb12-0204wb-38-15240 0
248 0 clueweb12-0306wb-64-12606 0
248 0 clueweb12-1613wb-65-04750 0
248 0 clueweb12-0204wb-44-00051 0
248 0 clueweb12-0609wb-84-23378 0
248 0 clueweb12-1303wb-61-11026 0
248 0 clueweb12-0203wb-31-26822 0
248 0 clueweb12-0103wb-45-07350 0
248 0 clueweb12-1010wb-44-30363 0
248 0 clueweb12-0009wb-35-17888 0
248 0 clueweb12-0000tw-18-08337 0
248 0 clueweb12-1013wb-47-23906 0
248 0 clueweb12-1410wb-95-19658 0
248 0 clueweb12-1904wb-50-04486 0
248 0 clueweb12-0106wb-83-17802 0
248 0 clueweb12-1303wb-21-22228 0
248 0 clueweb12-0401wb-65-08946 0
248 0 clueweb12-0002wb-73-00163 1
248 0 clueweb12-0110wb-20-24355 1
248 0 clueweb12-1005wb-89-07680 0
248 0 clueweb12-0204wb-30-09362 0
248 0 clueweb12-1117wb-85-01345 0
249 0 clueweb12-0601wb-77-35159 0
249 0 clueweb12-1601wb-52-26093 0
249 0 clueweb12-1500wb-18-23327 0
249 0 clueweb12-0916wb-62-26821 0
249 0 clueweb12-0803wb-03-12556 0
249 0 clueweb12-0009wb-46-21915 0
249 0 clueweb12-0509wb-36-22444 0
249 0 clueweb12-1608wb-61-22882 1
249 0 clueweb12-0203wb-13-31966 1
249 0 clueweb12-0814wb-32-25742 0
249 0 clueweb12-1013wb-03-16654 1
249 0 clueweb12-0100wb-96-16677 0
249 0 clueweb12-0811wb-64-25189 0
249 0 clueweb12-0112wb-36-16342 1
249 0 clueweb12-0002wb-92-05607 0
249 0 clueweb12-0512wb-56-08993 0
249 0 clueweb12-1503wb-28-14592 0
249 0 clueweb12-1803wb-06-12110 0
249 0 clueweb12-1400tw-19-21892 1
249 0 clueweb12-1602wb-11-02260 0
249 0 clueweb12-0210wb-44-15057 0
249 0 clueweb12-0202wb-38-20886 0
249 0 clueweb12-0207wb-96-14890 0
249 0 clueweb12-0009wb-28-16447 0
249 0 clueweb12-1204wb-32-11722 0
249 0 clueweb12-0211wb-20-17955 0
249 0 clueweb12-0212wb-26-15101 0
249 0 clueweb12-0009wb-74-29980 0
249 0 clueweb12-1312wb-47-19457 0
249 0 clueweb12-0810wb-68-00357 0
249 0 clueweb12-1102wb-91-08523 0
249 0 clueweb12-0303wb-70-01957 0
249 0 clueweb12-0204wb-11-27926 0
249 0 clueweb12-0000wb-76-34738 0
249 0 clueweb12-0300wb-15-11637 1
249 0 clueweb12-1013wb-19-27055 0
249 0 clueweb12-0008wb-60-32005 1
249 0 clueweb12-0101wb-71-32043 1
249 0 clueweb12-0104wb-59-17822 0
249 0 clueweb12-0211wb-41-27880 0
249 0 clueweb12-1813wb-19-12690 0
249 0 clueweb12-0406wb-94-08199 0
249 0 clueweb12-1204wb-43-13057 0
249 0 clueweb12-0910wb-67-16158 0
249 0 clueweb12-0511wb-30-09326 0
249 0 clueweb12-1515wb-53-25533 0
249 0 clueweb12-0512wb-18-03341 0
249 0 clueweb12-0001wb-04-31098 0
249 0 clueweb12-1102wb-91-08522 0
249 0 clueweb12-1207wb-89-10174 1
250 0 clueweb12-1116wb-23-09751 0
250 0 clueweb12-0402wb-69-17667 1
250 0 clueweb12-1914wb-04-28612 0
250 0 clueweb12-0815wb-63-08987 1
250 0 clueweb12-0815wb-87-20871 0
250 0 clueweb12-0411wb-99-16156 0
250 0 clueweb12-0815wb-63-08988 1
250 0 clueweb12-0815wb-87-20872 1
250 0 clueweb12-0815wb-87-20870 1
250 0 clueweb12-0407wb-33-27066 1
250 0 clueweb12-0000wb-17-09638 0
250 0 clueweb12-1913wb-03-25092 0
250 0 clueweb12-1906wb-56-13338 0
250 0 clueweb12-0412wb-19-05875 0
250 0 clueweb12-1715wb-02-34226 0
250 0 clueweb12-0207wb-97-27598 0
250 0 clueweb12-0007wb-16-14856 1
250 0 clueweb12-0101wb-14-06806 0
250 0 clueweb12-0412wb-17-24219 1
250 0 clueweb12-0105wb-36-06898 0
250 0 clueweb12-1914wb-20-14722 0
250 0 clueweb12-0208wb-44-07199 0
250 0 clueweb12-0412wb-13-01117 0
250 0 clueweb12-0111wb-91-33474 0
250 0 clueweb12-1606wb-76-06174 0
250 0 clueweb12-1600wb-09-16847 0
250 0 clueweb12-0009wb-88-18105 0
250 0 clueweb12-1606wb-92-16312 0
250 0 clueweb12-0401tw-15-09292 0
250 0 clueweb12-0403wb-40-07099 0
250 0 clueweb12-0208wb-20-31789 0
250 0 clueweb12-0001wb-38-31641 0
250 0 clueweb12-1914wb-01-27128 0
250 0 clueweb12-0404wb-96-09874 0
250 0 clueweb12-0104wb-59-06434 1
250 0 clueweb12-0101wb-14-06809 0
250 0 clueweb12-0412wb-22-00701 0
250 0 clueweb12-1901wb-17-30353 0
250 0 clueweb12-0412wb-12-24874 0
250 0 clueweb12-0906wb-64-15878 0
250 0 clueweb12-0700tw-61-14704 0
250 0 clueweb12-1914wb-04-28608 0
250 0 clueweb12-1118wb-76-09805 0
250 0 clueweb12-0412wb-19-05872 0
250 0 clueweb12-0011wb-25-13555 0
250 0 clueweb12-0412wb-17-24226 0
250 0 clueweb12-0500wb-13-32760 0
250 0 clueweb12-0504wb-60-11104 0
250 0 clueweb12-1008wb-59-05366 0
250 0 clueweb12-1600wb-23-12993 0
