401 0 FBIS3-10009 0
401 0 FBIS4-18182 0
401 0 FT924-5091 1
401 0 FT924-4344 1
401 0 FT922-9093 1
401 0 FT924-5839 1
401 0 FT924-7558 1
401 0 FT931-10513 1
401 0 FT932-5626 1
401 0 FT941-5518 0
401 0 FT942-17331 0
401 0 FT944-6909 1
401 0 FBIS3-20329 1
401 0 FT911-2806 1
401 0 FT924-4470 1
401 0 FT931-2176 1
401 0 FT932-8519 1
401 0 FT934-12742 0
401 0 FT934-2531 1
401 0 LA021689-0012 1
401 0 FT923-5389 1
401 0 FT924-11397 1
401 0 FT924-11673 0
401 0 FBIS3-19897 1
401 0 FBIS4-65395 1
401 0 FBIS4-65434 1
401 0 FT944-9693 1
401 0 FT923-3818 0
401 0 FT944-9898 1
401 0 LA050789-0068 1
401 0 FBIS4-58335 0
401 0 FT921-14215 1
401 0 FT923-174 1
401 0 FT923-177 1
401 0 FT932-4582 1
401 0 LA052889-0098 0
401 0 LA100590-0009 1
401 0 FBIS3-39928 1
401 0 FBIS4-19210 1
401 0 FBIS3-19647 0
401 0 FBIS3-23448 1
401 0 FBIS4-65539 1
401 0 FT934-5796 1
401 0 FT944-9692 1
401 0 FBIS4-44309 0
401 0 FBIS4-64475 1
401 0 FT924-452 1
401 0 FT933-2163 1
401 0 LA050990-0034 0
401 0 LA100290-0174 1
402 0 FT934-1290 1
402 0 LA010989-0047 1
402 0 LA040990-0045 1
402 0 LA041790-0126 1
402 0 LA062589-0077 0
402 0 LA073090-0057 1
402 0 LA090789-0104 0
402 0 LA101690-0121 1
402 0 LA112090-0153 1
402 0 LA121790-0086 0
402 0 FBIS4-20645 1
402 0 FBIS4-67333 0
402 0 FT921-11140 1
402 0 FT922-4560 0
402 0 FT923-7735 1
402 0 FT931-5795 1
402 0 LA090789-0028 0
402 0 LA032390-0055 0
402 0 LA062890-0104 1
402 0 LA110290-0126 0
402 0 FT922-7420 1
402 0 LA042990-0020 1
402 0 LA100189-0053 1
402 0 LA092690-0093 0
402 0 LA100889-0041 1
402 0 LA111590-0041 1
402 0 LA120389-0120 1
402 0 LA121089-0191 0
402 0 LA090689-0041 0
402 0 LA102190-0083 0
402 0 LA111689-0162 1
402 0 LA113090-0156 0
402 0 LA120789-0006 0
402 0 FT923-6007 0
402 0 FT923-12060 0
402 0 FT943-4589 0
402 0 FT944-17394 0
402 0 LA100589-0010 0
402 0 FT943-6896 0
402 0 FT922-715 1
402 0 LA090490-0116 0
402 0 LA012690-0100 0
402 0 LA071689-0207 1
402 0 LA100889-0040 1
402 0 FBIS4-22950 0
402 0 FT943-16744 1
402 0 LA030989-0098 0
402 0 LA101589-0194 0
402 0 LA110289-0120 0
402 0 LA110889-0041 0
403 0 LA032290-0151 1
403 0 LA051889-0006 1
403 0 LA092890-0067 1
403 0 FT924-979 1
403 0 LA020490-0136 1
403 0 LA071290-0133 1
403 0 FT932-1044 1
403 0 LA033089-0013 1
403 0 LA020590-0052 0
403 0 LA051490-0120 0
403 0 FT944-12240 0
403 0 LA011289-0149 0
403 0 LA072289-0144 1
403 0 LA041990-0072 1
403 0 LA011389-0029 1
403 0 LA012990-0041 0
403 0 LA020990-0100 0
403 0 LA032489-0093 1
403 0 LA042690-0002 0
403 0 LA110189-0018 0
403 0 FT923-1500 0
403 0 FT943-14521 0
403 0 FR940525-1-00051 0
403 0 FR940525-1-00079 1
403 0 FR940603-2-00065 1
403 0 LA083089-0024 0
403 0 LA033089-0019 0
403 0 FR940104-0-00034 0
403 0 FR940525-1-00062 1
403 0 FR940525-1-00078 1
403 0 FR940525-1-00050 1
403 0 FR940104-0-00036 0
403 0 FR940525-1-00046 0
403 0 FR940525-1-00049 0
403 0 LA110890-0217 0
403 0 FT924-10901 0
403 0 FR940525-1-00058 0
403 0 FR940525-1-00074 0
403 0 FR940912-2-00090 0
403 0 FBIS4-45642 0
403 0 LA010790-0103 1
403 0 FR940525-1-00054 0
403 0 FR940525-1-00063 1
403 0 FBIS3-14832 0
403 0 FBIS3-23 0
403 0 FBIS3-23561 0
403 0 FBIS3-24653 0
403 0 FBIS3-24678 0
403 0 FBIS3-26064 0
403 0 FBIS3-29 0
404 0 FBIS3-19237 1
404 0 FBIS3-19242 1
404 0 FT941-4495 0
404 0 FT941-4773 1
404 0 FT944-1524 1
404 0 FT944-18148 1
404 0 FBIS3-19753 0
404 0 FBIS3-19846 1
404 0 FT931-16787 1
404 0 FT934-5486 1
404 0 FT934-12716 1
404 0 FT934-12907 1
404 0 FT941-3772 1
404 0 FT941-3775 1
404 0 FT941-4712 1
404 0 FBIS3-19662 1
404 0 FBIS3-19026 1
404 0 FT941-3863 1
404 0 FT944-10368 1
404 0 FBIS3-1425 0
404 0 FBIS3-14832 0
404 0 FBIS3-17354 0
404 0 FBIS3-19884 0
404 0 FBIS3-20797 0
404 0 FBIS3-23561 0
404 0 FBIS3-24338 0
404 0 FBIS3-24653 0
404 0 FBIS3-24977 0
404 0 FBIS3-27058 0
404 0 FBIS3-29 0
404 0 FBIS3-31426 0
404 0 FBIS3-31672 0
404 0 FBIS3-35195 0
404 0 FBIS3-36078 0
404 0 FBIS3-37947 0
404 0 FBIS3-38117 0
404 0 FBIS3-40450 0
404 0 FBIS3-40734 0
404 0 FBIS3-41666 0
404 0 FBIS3-42399 0
404 0 FBIS3-42400 0
404 0 FBIS3-43160 0
404 0 FBIS3-49035 0
404 0 FBIS3-49589 0
404 0 FBIS3-58413 0
404 0 FBIS3-60342 0
404 0 FBIS3-61335 0
404 0 FBIS3-61336 0
404 0 FBIS3-67 0
404 0 FBIS4-16582 0
405 0 LA011590-0098 1
405 0 LA020190-0053 1
405 0 LA042089-0083 1
405 0 LA061490-0072 1
405 0 LA070789-0127 0
405 0 LA071690-0100 1
405 0 LA072390-0060 1
405 0 LA081989-0069 0
405 0 LA081990-0061 1
405 0 LA082489-0178 0
405 0 LA102289-0098 0
405 0 LA102290-0067 1
405 0 LA102590-0235 1
405 0 LA111789-0151 1
405 0 LA112089-0048 1
405 0 LA112190-0043 0
405 0 LA120890-0048 1
405 0 FBIS3-23684 0
405 0 FBIS4-46651 1
405 0 FT911-3681 1
405 0 FT922-11472 1
405 0 FT922-11525 1
405 0 FT924-286 0
405 0 FT931-16055 1
405 0 FT941-17652 1
405 0 FT944-12147 1
405 0 LA112690-0067 1
405 0 FT922-11742 1
405 0 FT932-5036 0
405 0 FT944-128 1
405 0 LA082789-0096 0
405 0 LA082889-0097 0
405 0 LA102290-0066 0
405 0 LA052890-0021 1
405 0 LA041090-0148 0
405 0 LA101690-0023 0
405 0 FBIS4-46660 1
405 0 FT943-3693 1
405 0 LA022689-0112 1
405 0 LA082489-0132 0
405 0 FBIS3-1425 0
405 0 FBIS3-20090 0
405 0 FBIS3-20797 0
405 0 FBIS3-23 0
405 0 FBIS3-23561 0
405 0 FBIS3-24653 0
405 0 FBIS3-24678 0
405 0 FBIS3-29 0
405 0 FBIS3-36078 0
405 0 FBIS3-37947 0
406 0 LA080489-0045 1
406 0 LA091990-0010 1
406 0 LA111589-0149 0
406 0 LA021890-0038 0
406 0 LA051790-0095 1
406 0 LA101689-0105 0
406 0 LA102890-0062 1
406 0 LA111689-0161 0
406 0 FT933-5690 1
406 0 LA121789-0114 1
406 0 LA011590-0099 1
406 0 LA110189-0015 1
406 0 LA110189-0139 0
406 0 FR940817-2-00269 0
406 0 LA110689-0008 0
406 0 LA022489-0113 1
406 0 LA082889-0040 0
406 0 FBIS4-2251 0
406 0 FBIS4-67660 1
406 0 FT934-15831 0
406 0 LA122289-0051 0
406 0 FR940414-2-00052 1
406 0 LA072289-0145 0
406 0 LA080990-0148 0
406 0 LA092889-0225 0
406 0 FT922-11327 0
406 0 FT931-16953 0
406 0 FT934-6006 0
406 0 FT934-6010 0
406 0 FT941-15524 0
406 0 LA041889-0134 0
406 0 LA091489-0042 0
406 0 LA092790-0006 1
406 0 LA101090-0147 0
406 0 FBIS3-61532 0
406 0 FT922-715 0
406 0 FT923-12060 0
406 0 FT924-14004 0
406 0 FT941-5519 0
406 0 FT943-4365 0
406 0 FR940719-2-00089 0
406 0 LA041790-0070 0
406 0 LA052690-0134 0
406 0 LA072690-0178 0
406 0 LA081089-0055 0
406 0 LA091489-0031 0
406 0 LA100189-0101 0
406 0 FT932-7262 1
406 0 FT941-13571 0
406 0 FT942-7709 0
407 0 LA050889-0063 1
407 0 FT933-7330 1
407 0 FT933-2396 1
407 0 FT941-15415 1
407 0 LA030689-0010 1
407 0 LA071590-0042 1
407 0 LA071889-0158 1
407 0 LA071989-0024 1
407 0 LA080289-0011 1
407 0 LA082889-0023 1
407 0 LA100789-0152 1
407 0 FBIS3-22269 1
407 0 FBIS3-26515 0
407 0 FT921-6003 1
407 0 FT932-12511 1
407 0 FT941-15416 1
407 0 FT941-1511 0
407 0 FT942-10464 1
407 0 FT942-17238 1
407 0 LA022189-0029 0
407 0 LA030990-0080 0
407 0 LA090190-0099 0
407 0 LA080590-0037 0
407 0 LA082290-0131 0
407 0 FT921-6098 0
407 0 FT941-5453 1
407 0 FT933-9176 1
407 0 LA062490-0004 1
407 0 FBIS3-22368 1
407 0 FT932-7459 1
407 0 FBIS3-41533 0
407 0 FT941-5449 0
407 0 FT924-1494 0
407 0 LA022689-0070 1
407 0 LA100989-0033 0
407 0 LA112689-0095 0
407 0 FBIS3-3779 0
407 0 FBIS3-4027 0
407 0 FBIS3-22393 0
407 0 FBIS3-44290 0
407 0 FBIS3-44514 0
407 0 FBIS3-60255 0
407 0 FBIS3-60256 0
407 0 FBIS4-3493 0
407 0 FBIS4-21360 0
407 0 FBIS4-21362 0
407 0 FBIS4-21436 0
407 0 FBIS4-67416 0
407 0 FR941104-1-00055 0
407 0 LA032689-0196 1
408 0 LA083090-0002 1
408 0 LA091789-0200 1
408 0 LA091989-0139 1
408 0 LA092789-0093 1
408 0 LA092989-0171 1
408 0 LA100289-0005 1
408 0 LA120489-0058 1
408 0 FBIS4-25767 1
408 0 FT911-124 1
408 0 FT911-396 1
408 0 FT911-815 1
408 0 FT911-1940 1
408 0 FT911-2317 1
408 0 FT923-4094 1
408 0 FT931-1199 1
408 0 FT941-17340 1
408 0 LA071789-0097 1
408 0 LA092190-0055 1
408 0 LA100489-0073 0
408 0 LA100489-0154 0
408 0 LA102389-0075 1
408 0 FT911-1221 1
408 0 FT911-1248 1
408 0 LA042590-0138 1
408 0 LA100389-0075 1
408 0 LA100589-0141 0
408 0 LA120389-0130 1
408 0 FBIS4-26836 1
408 0 FT911-1803 1
408 0 FT923-5797 1
408 0 LA011689-0055 1
408 0 LA020590-0044 1
408 0 LA031190-0095 0
408 0 LA072189-0002 1
408 0 LA092089-0027 0
408 0 LA092189-0139 1
408 0 LA092889-0095 1
408 0 LA100489-0092 1
408 0 LA100789-0009 0
408 0 LA100890-0072 1
408 0 LA101989-0140 0
408 0 LA102489-0169 0
408 0 LA102689-0225 0
408 0 LA112389-0092 0
408 0 LA121489-0065 0
408 0 FBIS4-25945 1
408 0 FBIS4-25977 1
408 0 FBIS4-67650 0
408 0 FT911-869 0
408 0 FT911-898 0
409 0 LA092189-0137 0
409 0 FT921-8049 1
409 0 FT921-8099 1
409 0 FT921-714 1
409 0 FT923-11688 1
409 0 FT923-13692 1
409 0 FT941-11932 1
409 0 LA120589-0083 1
409 0 FT922-12921 1
409 0 FT922-13723 1
409 0 FT923-13817 1
409 0 FT921-969 1
409 0 FBIS4-12258 0
409 0 FT921-5393 1
409 0 FT921-717 1
409 0 FT921-12095 0
409 0 FT922-12599 0
409 0 FT922-12839 1
409 0 FT942-3706 0
409 0 FT942-17044 1
409 0 FBIS3-12465 0
409 0 FT921-2687 1
409 0 FT922-14616 1
409 0 FT922-15449 1
409 0 FT934-6857 1
409 0 FT941-758 1
409 0 FBIS4-19450 0
409 0 FT921-1976 1
409 0 FT921-8837 0
409 0 LA112190-0152 0
409 0 FBIS4-43145 0
409 0 FBIS4-43146 0
409 0 FT922-12224 0
409 0 FT922-13857 0
409 0 FT922-1128 0
409 0 FT922-14212 0
409 0 FT922-14958 0
409 0 LA110889-0046 0
409 0 LA122289-0117 0
409 0 FBIS3-14149 0
409 0 FBIS3-14203 0
409 0 FBIS4-36734 0
409 0 FBIS4-36773 0
409 0 FBIS4-36945 0
409 0 FBIS4-42190 0
409 0 FBIS4-67918 0
409 0 FT921-13034 0
409 0 FT921-1440 0
409 0 FT922-5970 0
409 0 FT922-7472 0
410 0 LA062090-0079 1
410 0 FBIS3-59001 1
410 0 FBIS4-44277 1
410 0 FBIS4-64577 1
410 0 FT922-751 1
410 0 FT924-1015 1
410 0 FT932-12074 1
410 0 FT932-16523 1
410 0 FT932-17156 1
410 0 FT933-16910 1
410 0 FT934-14160 1
410 0 FT944-4056 1
410 0 FT921-6884 0
410 0 FT921-7727 1
410 0 FT921-9511 1
410 0 FT922-7927 0
410 0 FT922-8650 0
410 0 FT922-9239 1
410 0 FT922-2616 0
410 0 FT923-4477 0
410 0 FT923-5123 0
410 0 FT923-9584 0
410 0 FT923-9732 0
410 0 FT923-15717 0
410 0 FT924-3822 1
410 0 FT924-4549 1
410 0 FT924-4810 0
410 0 FT924-5835 1
410 0 FT924-6120 0
410 0 FT924-6924 1
410 0 FBIS4-7534 0
410 0 FT921-14472 0
410 0 FT922-8293 0
410 0 FT924-4858 0
410 0 FT924-3022 0
410 0 FT931-10567 0
410 0 FT931-14263 0
410 0 FT931-16870 0
410 0 FT932-6182 0
410 0 FT934-2047 0
410 0 FT941-12257 1
410 0 FT941-17278 0
410 0 LA031289-0139 0
410 0 LA070190-0033 1
410 0 LA102289-0172 0
410 0 FBIS3-39395 0
410 0 FBIS4-65447 0
410 0 FT911-1963 1
410 0 FT921-9731 0
410 0 FT923-10224 0
411 0 LA100189-0095 1
411 0 LA081090-0071 1
411 0 FT932-4727 1
411 0 FT944-6915 1
411 0 FBIS3-5906 0
411 0 LA101289-0146 1
411 0 LA053190-0084 1
411 0 LA071789-0059 1
411 0 FT924-1927 1
411 0 FT944-6974 1
411 0 LA111289-0106 1
411 0 FT933-8545 1
411 0 LA092289-0001 0
411 0 FT922-4205 1
411 0 LA051090-0143 1
411 0 LA071689-0089 1
411 0 LA120790-0036 1
411 0 FT944-15925 0
411 0 LA071689-0001 1
411 0 LA010690-0049 1
411 0 LA042990-0234 1
411 0 LA111190-0047 0
411 0 FBIS3-61057 0
411 0 FBIS3-14832 0
411 0 FBIS3-20797 0
411 0 FBIS3-23 0
411 0 FBIS3-23561 0
411 0 FBIS3-24653 0
411 0 FBIS3-24678 0
411 0 FBIS3-29 0
411 0 FBIS3-37947 0
411 0 FBIS3-40450 0
411 0 FBIS3-41666 0
411 0 FBIS3-42399 0
411 0 FBIS3-42400 0
411 0 FBIS3-42459 0
411 0 FBIS3-43132 0
411 0 FBIS3-43166 0
411 0 FBIS3-43186 0
411 0 FBIS3-43220 0
411 0 FBIS3-58 0
411 0 FBIS3-58994 0
411 0 FBIS3-59752 0
411 0 FBIS3-60342 0
411 0 FBIS3-6482 0
411 0 FBIS3-67 0
411 0 FBIS4-16406 0
411 0 FBIS4-19 0
411 0 FBIS4-20472 0
411 0 FBIS4-20504 0
412 0 LA021489-0026 1
412 0 LA021489-0071 1
412 0 LA021790-0109 1
412 0 LA031289-0199 1
412 0 LA031989-0099 1
412 0 LA090490-0151 1
412 0 LA091689-0123 1
412 0 LA092190-0171 1
412 0 LA123089-0060 1
412 0 FBIS3-23020 1
412 0 FBIS4-19994 1
412 0 FBIS4-22140 1
412 0 FBIS4-23993 1
412 0 FT931-6812 1
412 0 FBIS3-23337 0
412 0 FBIS4-20311 0
412 0 FT923-10682 0
412 0 LA031689-0212 0
412 0 LA032089-0047 0
412 0 LA032290-0237 0
412 0 LA032490-0002 0
412 0 LA033189-0104 1
412 0 LA042089-0111 0
412 0 LA092189-0137 1
412 0 LA092689-0003 1
412 0 LA093090-0090 1
412 0 LA112589-0085 1
412 0 FBIS3-21650 0
412 0 FBIS3-27457 0
412 0 FBIS3-60764 1
412 0 LA030789-0074 1
412 0 FT942-5082 0
412 0 LA020889-0080 0
412 0 LA021289-0119 0
412 0 LA111590-0170 0
412 0 FBIS3-60903 0
412 0 FBIS4-1468 1
412 0 FBIS4-21609 1
412 0 FBIS4-55738 0
412 0 FT941-15843 1
412 0 LA021689-0116 1
412 0 LA103089-0052 0
412 0 LA122090-0190 0
412 0 FBIS3-21937 0
412 0 FBIS3-27098 1
412 0 FBIS3-27129 1
412 0 FBIS3-34910 0
412 0 FBIS3-42173 0
412 0 FBIS3-42270 0
412 0 FBIS4-46341 0
413 0 FT922-11827 1
413 0 FT923-9006 1
413 0 FT923-9281 1
413 0 FT923-10837 1
413 0 FT932-12432 0
413 0 FT932-13620 1
413 0 FT932-13891 1
413 0 FT933-15473 1
413 0 FT934-11976 1
413 0 FT941-9344 1
413 0 FT944-1455 1
413 0 FT924-1650 1
413 0 FT922-4850 0
413 0 FT922-4970 0
413 0 FT931-14080 0
413 0 FT931-14311 0
413 0 FT932-1390 0
413 0 FT932-1626 0
413 0 FT933-14561 0
413 0 FT944-15367 0
413 0 FT941-11316 0
413 0 FT942-4617 0
413 0 FBIS4-46847 0
413 0 FT921-9880 1
413 0 FT923-841 0
413 0 FT923-11616 0
413 0 FT944-14233 1
413 0 FT944-15146 0
413 0 FT944-17457 0
413 0 LA071690-0090 0
413 0 FT924-8352 0
413 0 FT924-12216 0
413 0 FT931-18 0
413 0 FT931-3936 0
413 0 FT931-10637 0
413 0 FT932-4342 0
413 0 FT932-1156 0
413 0 FT932-15853 1
413 0 FT933-1509 0
413 0 FT941-14406 0
413 0 FT943-3411 0
413 0 FT944-4626 1
413 0 FT944-10038 1
413 0 FT944-11975 0
413 0 FT944-15150 0
413 0 FT944-15751 0
413 0 FT944-16148 0
413 0 FT944-11669 0
413 0 FT944-13932 0
413 0 FBIS4-7931 0
414 0 LA061890-0107 0
414 0 FBIS3-12046 1
414 0 FBIS3-17768 1
414 0 FBIS3-36211 1
414 0 FBIS4-9866 1
414 0 FBIS3-50839 0
414 0 FBIS4-38627 1
414 0 FT921-8126 1
414 0 FT921-9644 1
414 0 FT921-14610 1
414 0 FT922-8462 1
414 0 FT922-12623 0
414 0 FT931-8840 0
414 0 FT932-6585 0
414 0 FT932-13478 1
414 0 FT932-2679 0
414 0 FT933-9212 0
414 0 FT933-1483 0
414 0 FT941-13330 0
414 0 FT942-12807 0
414 0 FT943-11487 0
414 0 FT944-12369 1
414 0 LA040590-0222 0
414 0 FBIS3-10101 0
414 0 FBIS4-34643 1
414 0 FBIS4-38629 1
414 0 FT921-2957 0
414 0 FT922-12873 0
414 0 FT934-4579 0
414 0 FT934-615 0
414 0 LA060189-0104 0
414 0 FT921-15800 0
414 0 FT923-10781 0
414 0 FT931-3394 0
414 0 FT932-5708 0
414 0 FT933-11808 0
414 0 FT942-11872 0
414 0 LA011090-0153 0
414 0 FT932-4130 0
414 0 FT932-15243 0
414 0 FT933-10100 0
414 0 FT933-12676 0
414 0 FBIS3-12050 0
414 0 FBIS3-32487 0
414 0 FBIS4-11417 0
414 0 FT911-2215 0
414 0 FT921-7881 0
414 0 FT931-4565 0
414 0 FT932-7143 0
414 0 FT932-7733 0
415 0 LA121690-0051 1
415 0 FBIS3-46302 1
415 0 FBIS3-60025 1
415 0 FBIS4-4127 0
415 0 FBIS4-45369 0
415 0 FBIS4-52946 1
415 0 FBIS4-66978 0
415 0 FBIS4-67209 1
415 0 FT924-13611 0
415 0 FBIS3-41168 1
415 0 FBIS3-41211 1
415 0 FBIS3-48057 1
415 0 FBIS3-48525 1
415 0 FBIS3-60183 1
415 0 FBIS3-60189 1
415 0 FBIS4-26902 1
415 0 FBIS4-28726 1
415 0 FBIS4-28925 1
415 0 FBIS4-30503 1
415 0 FBIS4-45211 1
415 0 FBIS4-45456 1
415 0 FBIS4-45458 1
415 0 FBIS4-52326 0
415 0 FBIS4-53424 0
415 0 FBIS4-53899 1
415 0 FBIS4-53900 1
415 0 FBIS4-67208 0
415 0 FBIS4-67292 0
415 0 FBIS3-21667 0
415 0 FBIS3-21941 1
415 0 FBIS4-30283 0
415 0 LA030789-0089 0
415 0 LA052189-0020 0
415 0 FT941-17747 0
415 0 LA032889-0059 1
415 0 LA080289-0087 0
415 0 LA121589-0071 0
415 0 FBIS4-27694 0
415 0 FBIS4-27974 1
415 0 FBIS4-45311 0
415 0 FBIS4-45377 1
415 0 FT924-4782 0
415 0 LA041489-0087 0
415 0 LA122289-0133 0
415 0 FBIS3-21668 0
415 0 FBIS3-21787 0
415 0 FBIS3-21836 0
415 0 FBIS3-21873 0
415 0 FBIS3-28835 1
415 0 FBIS3-33963 0
416 0 FBIS3-20616 1
416 0 FBIS3-3877 1
416 0 FBIS3-45658 1
416 0 FBIS3-45816 1
416 0 FBIS3-46009 1
416 0 FBIS4-11524 1
416 0 FBIS4-49091 1
416 0 FT921-3244 1
416 0 FT941-12849 1
416 0 FT941-12860 1
416 0 FBIS3-26655 1
416 0 FBIS4-2026 1
416 0 FBIS4-44554 1
416 0 FBIS4-44586 1
416 0 FT921-1783 1
416 0 FBIS3-3552 1
416 0 FBIS3-4253 0
416 0 FBIS3-20606 1
416 0 FBIS3-22373 1
416 0 FBIS3-44551 1
416 0 FBIS3-45857 1
416 0 FBIS3-46008 0
416 0 FBIS4-1561 1
416 0 FBIS4-3217 1
416 0 FBIS4-4262 1
416 0 FBIS4-50715 0
416 0 FT911-3436 0
416 0 FT922-14361 1
416 0 FT922-14835 1
416 0 FBIS3-20660 1
416 0 FBIS4-4248 0
416 0 FBIS4-66355 1
416 0 FT921-8199 0
416 0 FBIS4-45607 0
416 0 FBIS4-51140 0
416 0 FBIS3-20483 1
416 0 FBIS4-66185 1
416 0 FBIS3-45822 1
416 0 FBIS4-47629 1
416 0 FBIS3-7395 0
416 0 FT932-7110 1
416 0 FT942-9118 1
416 0 FBIS3-44542 1
416 0 FT911-3434 1
416 0 FT921-2010 1
416 0 FT942-7356 1
416 0 FT943-15837 1
416 0 FT943-16426 1
416 0 FBIS3-46276 1
416 0 FT941-3358 0
417 0 LA092989-0098 1
417 0 FT931-12874 1
417 0 LA092989-0114 1
417 0 LA010689-0154 1
417 0 LA022189-0094 1
417 0 LA093089-0065 1
417 0 LA101489-0015 1
417 0 FT922-10893 0
417 0 LA072990-0201 1
417 0 LA091489-0178 1
417 0 LA112089-0015 1
417 0 LA100790-0251 1
417 0 LA061789-0140 1
417 0 LA010990-0070 1
417 0 LA100990-0018 1
417 0 FT942-456 0
417 0 FT932-10258 1
417 0 LA061090-0142 1
417 0 LA071990-0064 0
417 0 FT943-13019 0
417 0 FT944-4861 1
417 0 FT922-334 0
417 0 FT942-6552 0
417 0 FT942-2831 0
417 0 FT943-1287 1
417 0 LA031989-0182 0
417 0 LA050890-0097 0
417 0 LA082689-0086 0
417 0 LA101490-0195 0
417 0 FT921-10776 0
417 0 FT932-15646 0
417 0 FT943-6899 0
417 0 LA051689-0022 0
417 0 LA061590-0134 0
417 0 FT921-8725 1
417 0 FT933-15822 1
417 0 LA022690-0100 0
417 0 LA030690-0151 0
417 0 LA123090-0003 0
417 0 FT931-4669 1
417 0 FT931-12074 0
417 0 FT934-5755 0
417 0 FT943-11620 1
417 0 FBIS3-43086 0
417 0 FT922-10038 0
417 0 FT934-233 0
417 0 FT934-238 0
417 0 FT941-4934 1
417 0 FT942-2360 0
417 0 FT943-15609 1
418 0 LA021989-0211 1
418 0 LA051889-0088 1
418 0 LA060890-0107 1
418 0 LA072389-0042 1
418 0 LA081189-0137 1
418 0 LA102189-0167 1
418 0 LA102890-0220 1
418 0 LA120190-0060 1
418 0 FT921-4731 1
418 0 FT941-15243 1
418 0 LA020589-0188 1
418 0 LA060890-0112 1
418 0 LA070489-0134 1
418 0 LA122289-0152 1
418 0 LA012989-0073 1
418 0 LA070190-0030 1
418 0 LA060489-0053 1
418 0 LA062889-0123 1
418 0 LA120290-0197 0
418 0 LA022590-0078 1
418 0 LA041089-0053 1
418 0 LA061589-0025 0
418 0 LA061790-0038 1
418 0 LA070189-0112 0
418 0 LA082490-0038 0
418 0 LA090889-0025 0
418 0 LA110589-0059 0
418 0 FT921-514 1
418 0 FT922-10117 1
418 0 FT922-1999 1
418 0 FT923-952 1
418 0 FT924-10247 1
418 0 FT931-8082 1
418 0 FT942-8137 1
418 0 FT942-13614 1
418 0 FT944-8434 1
418 0 LA112489-0119 0
418 0 LA120289-0127 0
418 0 FT911-4184 1
418 0 FT924-1054 1
418 0 FT943-2636 1
418 0 LA030790-0139 1
418 0 LA030890-0005 1
418 0 LA032289-0006 1
418 0 LA032989-0112 1
418 0 LA051390-0093 0
418 0 LA070889-0130 1
418 0 LA073089-0030 1
418 0 LA082989-0013 1
418 0 LA091789-0224 1
419 0 FT923-438 1
419 0 FT933-5056 0
419 0 FT934-9592 1
419 0 FT934-13811 1
419 0 FT941-5694 1
419 0 FT941-8702 0
419 0 FT941-17541 1
419 0 LA040190-0174 1
419 0 FT921-5259 1
419 0 FT922-11289 0
419 0 FT932-7870 0
419 0 FT921-667 1
419 0 LA121389-0085 1
419 0 FBIS3-24648 1
419 0 FBIS3-42464 1
419 0 FT922-10896 0
419 0 FT933-14385 0
419 0 LA031289-0038 0
419 0 LA041890-0125 0
419 0 FT944-18126 1
419 0 FBIS3-43002 1
419 0 FBIS3-43040 1
419 0 FBIS4-45730 0
419 0 LA040890-0156 1
419 0 LA110789-0075 0
419 0 LA121089-0232 0
419 0 FBIS4-67400 0
419 0 LA112989-0123 1
419 0 FT932-284 0
419 0 FBIS4-20472 0
419 0 LA080690-0048 0
419 0 FBIS3-33102 0
419 0 LA022589-0084 0
419 0 FBIS3-41645 0
419 0 FBIS3-41666 0
419 0 FR940920-1-00044 0
419 0 FR940920-1-00085 0
419 0 FBIS3-41503 0
419 0 LA022190-0069 0
419 0 LA030190-0119 0
419 0 LA051890-0007 0
419 0 FBIS3-21029 0
419 0 FR940916-1-00052 0
419 0 FT923-12524 0
419 0 LA092489-0138 0
419 0 FT944-1287 0
419 0 LA102090-0162 0
419 0 LA060489-0039 0
419 0 LA092589-0087 0
419 0 LA071389-0186 0
420 0 LA032989-0021 1
420 0 LA112789-0026 0
420 0 LA120789-0075 0
420 0 LA121590-0108 1
420 0 LA010390-0086 1
420 0 LA010489-0041 1
420 0 LA112990-0231 1
420 0 LA121289-0035 1
420 0 LA121389-0123 1
420 0 LA121590-0131 1
420 0 LA121990-0004 0
420 0 LA010389-0040 1
420 0 LA011989-0129 1
420 0 LA012489-0059 1
420 0 LA012690-0020 1
420 0 LA020689-0022 1
420 0 LA040390-0017 1
420 0 LA081490-0030 1
420 0 LA101590-0075 1
420 0 LA102989-0059 0
420 0 LA120389-0074 1
420 0 FT933-9825 1
420 0 FT933-12612 1
420 0 FT933-12618 1
420 0 LA052290-0049 0
420 0 LA012989-0113 1
420 0 LA042990-0138 1
420 0 LA122689-0070 1
420 0 FBIS3-22133 1
420 0 FBIS3-43002 0
420 0 FBIS3-43040 0
420 0 FBIS3-56360 1
420 0 FBIS4-49735 0
420 0 FT923-6156 0
420 0 FR940112-1-00044 1
420 0 FR940602-1-00023 1
420 0 FR940719-1-00081 0
420 0 FR940817-2-00226 0
420 0 LA010589-0033 0
420 0 LA010590-0047 0
420 0 LA011690-0088 0
420 0 LA042990-0140 0
420 0 LA111690-0087 0
420 0 FBIS3-24469 0
420 0 LA090290-0177 0
420 0 LA060189-0158 0
420 0 LA100390-0028 0
420 0 FR940405-1-00046 0
420 0 FR940405-1-00049 0
420 0 LA061489-0135 0
421 0 FT924-14671 1
421 0 LA012289-0087 1
421 0 LA012290-0042 0
421 0 LA031889-0105 0
421 0 LA073089-0063 1
421 0 FT911-2922 1
421 0 FT931-15291 1
421 0 FT932-2387 0
421 0 FT933-10478 1
421 0 FT934-10056 1
421 0 FT934-13812 0
421 0 FT934-2198 0
421 0 FT941-428 1
421 0 FT941-11410 0
421 0 FT941-15564 1
421 0 FT942-17235 1
421 0 FT944-10928 1
421 0 FT944-16745 1
421 0 LA062490-0058 0
421 0 FBIS3-21080 0
421 0 FBIS4-20692 1
421 0 FBIS4-21427 1
421 0 FT922-9438 0
421 0 FT922-10234 0
421 0 FT924-8553 0
421 0 FT934-12375 1
421 0 FT941-5980 0
421 0 FT942-5283 0
421 0 FBIS4-51392 0
421 0 FT922-15423 0
421 0 FT922-3002 1
421 0 FT931-1851 0
421 0 FT931-3116 0
421 0 FT932-12019 0
421 0 FT932-13993 0
421 0 FT933-426 0
421 0 FT934-10582 0
421 0 FT921-13381 0
421 0 FT932-9711 0
421 0 FT932-16171 0
421 0 FT943-13854 0
421 0 FBIS3-60242 0
421 0 FBIS3-41666 0
421 0 FT932-2384 1
421 0 LA070190-0129 0
421 0 FT934-3773 1
421 0 LA061590-0045 0
421 0 FBIS3-22368 0
421 0 FBIS3-41646 1
421 0 FBIS4-67403 0
422 0 LA031390-0145 1
422 0 LA032190-0154 1
422 0 LA032990-0225 1
422 0 LA042190-0125 1
422 0 LA062090-0064 1
422 0 LA062690-0167 1
422 0 LA081790-0069 1
422 0 LA091389-0057 1
422 0 LA010290-0023 1
422 0 LA010390-0051 1
422 0 LA021089-0101 1
422 0 LA021390-0148 1
422 0 LA021490-0036 1
422 0 LA032090-0091 1
422 0 LA040490-0103 1
422 0 LA041290-0157 1
422 0 LA051490-0024 0
422 0 LA051490-0025 0
422 0 LA060190-0020 1
422 0 LA070590-0195 1
422 0 LA070690-0089 1
422 0 LA091390-0023 1
422 0 LA110290-0015 1
422 0 LA110789-0019 1
422 0 LA111190-0041 1
422 0 LA113089-0096 1
422 0 LA122789-0037 1
422 0 FT911-5359 1
422 0 FT921-10515 1
422 0 FT934-9676 1
422 0 FT934-9905 1
422 0 FT934-11678 1
422 0 FT934-2307 1
422 0 FT941-8365 1
422 0 FT941-2090 1
422 0 FT942-9989 1
422 0 FT944-5212 1
422 0 FT944-14191 1
422 0 LA011090-0055 1
422 0 LA013089-0010 0
422 0 LA022189-0114 1
422 0 LA022389-0077 1
422 0 LA031390-0138 1
422 0 LA050390-0251 1
422 0 LA110690-0009 1
422 0 LA121389-0083 1
422 0 FT931-12076 1
422 0 FT932-8498 0
422 0 FT943-11457 1
422 0 LA031289-0123 1
423 0 FBIS4-30975 1
423 0 FBIS4-31557 1
423 0 FT942-11666 1
423 0 FT944-12689 1
423 0 FBIS4-8497 1
423 0 FBIS4-32111 1
423 0 FT944-439 1
423 0 FBIS4-32534 1
423 0 FT942-13554 0
423 0 FBIS3-2 0
423 0 FBIS3-9178 0
423 0 FBIS3-9261 1
423 0 FBIS3-30431 1
423 0 FBIS4-8644 1
423 0 FBIS4-9633 1
423 0 FBIS4-31149 1
423 0 FBIS4-31844 1
423 0 FBIS4-32072 1
423 0 FBIS4-55493 1
423 0 FBIS4-55851 1
423 0 FT933-2528 1
423 0 FT933-2532 1
423 0 FT934-1562 1
423 0 FT943-7734 1
423 0 FBIS3-20797 0
423 0 FBIS3-23 0
423 0 FBIS3-24653 0
423 0 FBIS3-24678 0
423 0 FBIS3-29 0
423 0 FBIS3-36078 0
423 0 FBIS3-37947 0
423 0 FBIS3-41666 0
423 0 FBIS3-42399 0
423 0 FBIS3-42400 0
423 0 FBIS3-42459 0
423 0 FBIS3-43132 0
423 0 FBIS3-43166 0
423 0 FBIS3-43186 0
423 0 FBIS3-43220 0
423 0 FBIS3-49035 0
423 0 FBIS3-58 0
423 0 FBIS3-60342 0
423 0 FBIS3-6482 0
423 0 FBIS3-67 0
423 0 FBIS3-8272 0
423 0 FBIS4-19 0
423 0 FBIS4-19519 0
423 0 FBIS4-20504 0
423 0 FBIS4-22019 0
423 0 FBIS4-23114 0
424 0 LA012889-0122 1
424 0 LA060690-0053 1
424 0 LA090790-0125 1
424 0 LA090890-0037 1
424 0 LA092290-0086 1
424 0 LA120890-0014 1
424 0 FBIS3-10130 1
424 0 FBIS3-55090 0
424 0 FBIS3-55094 1
424 0 FBIS3-57348 1
424 0 FT924-12871 1
424 0 LA012789-0022 1
424 0 LA030890-0107 1
424 0 LA032290-0035 1
424 0 LA032290-0139 1
424 0 LA032990-0042 1
424 0 LA060989-0073 1
424 0 LA062990-0013 1
424 0 LA080989-0007 1
424 0 LA090690-0230 1
424 0 LA090990-0089 1
424 0 FBIS3-57033 1
424 0 FT924-12496 1
424 0 FT924-1588 1
424 0 FT932-13258 1
424 0 FT933-7928 1
424 0 LA030690-0166 1
424 0 LA030890-0022 1
424 0 LA031690-0124 1
424 0 LA032989-0117 1
424 0 LA033189-0141 1
424 0 LA042789-0026 0
424 0 LA050689-0099 1
424 0 LA060189-0203 0
424 0 LA060489-0109 0
424 0 LA121790-0008 1
424 0 LA122689-0126 0
424 0 LA122789-0073 0
424 0 FBIS3-55091 0
424 0 FBIS3-55309 1
424 0 FBIS3-55310 1
424 0 FBIS3-55312 1
424 0 FBIS3-55480 1
424 0 FBIS3-57550 1
424 0 FBIS4-19164 1
424 0 FT941-4208 1
424 0 FT941-17183 1
424 0 FT932-3653 0
424 0 LA031689-0099 0
424 0 LA050189-0011 1
425 0 FBIS3-2963 1
425 0 FBIS3-10532 1
425 0 FBIS3-18860 1
425 0 FBIS3-26383 1
425 0 FBIS3-44736 1
425 0 FBIS3-45903 1
425 0 FBIS3-58171 1
425 0 FBIS4-10558 1
425 0 FBIS4-12757 1
425 0 FBIS4-21186 1
425 0 FBIS4-23355 1
425 0 FBIS4-27397 1
425 0 FBIS4-36719 1
425 0 FBIS4-42716 1
425 0 FBIS4-45204 1
425 0 FBIS4-57870 1
425 0 FT921-14192 1
425 0 FT921-14233 1
425 0 FT921-14379 1
425 0 FT922-3864 1
425 0 FT934-8670 1
425 0 FT942-15025 1
425 0 FT943-7529 1
425 0 FBIS4-21905 1
425 0 LA122889-0074 1
425 0 FBIS3-3595 1
425 0 FBIS3-3630 1
425 0 FT922-8186 1
425 0 FT942-1428 1
425 0 LA040589-0068 1
425 0 LA071989-0120 1
425 0 FBIS3-9553 1
425 0 FBIS3-42365 1
425 0 FBIS3-54773 1
425 0 FBIS3-59990 1
425 0 FBIS3-60122 1
425 0 FBIS4-2072 1
425 0 FBIS4-13432 1
425 0 FBIS4-19819 1
425 0 FBIS4-21094 1
425 0 FBIS4-26260 1
425 0 FBIS4-34522 1
425 0 FBIS4-45244 1
425 0 FT923-4117 1
425 0 FT931-2043 1
425 0 FT931-2762 1
425 0 FT934-13872 1
425 0 FT941-3920 1
425 0 LA022390-0067 1
425 0 LA022490-0076 1
426 0 LA061190-0093 1
426 0 LA061289-0077 1
426 0 LA070389-0068 1
426 0 LA072889-0063 1
426 0 LA081090-0081 1
426 0 LA082789-0056 1
426 0 LA010589-0034 1
426 0 LA011089-0005 1
426 0 LA011089-0138 1
426 0 LA011189-0135 1
426 0 LA012789-0145 1
426 0 LA022289-0117 1
426 0 LA022390-0161 1
426 0 LA031490-0061 1
426 0 LA032090-0043 1
426 0 LA040290-0102 1
426 0 LA040489-0060 1
426 0 LA040589-0006 1
426 0 LA040989-0136 1
426 0 LA041589-0059 1
426 0 LA042490-0008 1
426 0 LA051289-0078 1
426 0 LA051789-0077 1
426 0 LA052089-0081 1
426 0 LA052990-0014 1
426 0 LA070389-0018 1
426 0 LA072989-0111 1
426 0 LA080790-0074 1
426 0 LA080790-0079 1
426 0 LA081790-0133 1
426 0 LA090890-0027 1
426 0 LA091790-0057 1
426 0 LA092589-0043 1
426 0 LA100689-0088 1
426 0 LA101689-0078 1
426 0 LA101890-0130 1
426 0 LA110890-0034 1
426 0 LA120590-0046 1
426 0 LA121089-0176 0
426 0 LA121190-0133 1
426 0 LA123089-0060 1
426 0 FBIS3-794 1
426 0 FBIS3-21694 1
426 0 FBIS3-21914 1
426 0 FBIS3-33681 0
426 0 FBIS3-42163 1
426 0 FBIS3-55959 1
426 0 FBIS4-17908 1
426 0 FBIS4-21024 1
426 0 FBIS4-21328 1
427 0 LA082089-0008 1
427 0 LA120490-0100 1
427 0 FBIS3-22135 1
427 0 FBIS3-41575 1
427 0 FT921-7202 1
427 0 FT921-9705 1
427 0 FT924-1885 1
427 0 FT931-5371 1
427 0 FT932-4305 1
427 0 LA052389-0072 1
427 0 LA103190-0163 1
427 0 FT934-14520 1
427 0 FT942-9704 1
427 0 FT943-5736 1
427 0 FT943-13952 1
427 0 FT944-16100 0
427 0 LA050990-0134 0
427 0 LA102090-0116 0
427 0 FT922-7705 1
427 0 FT924-6027 0
427 0 FT942-5212 0
427 0 FT923-10771 1
427 0 LA101290-0053 0
427 0 LA011389-0090 1
427 0 LA011790-0106 1
427 0 LA030689-0003 1
427 0 LA062190-0054 1
427 0 LA082289-0139 1
427 0 LA102490-0132 1
427 0 LA070590-0168 0
427 0 FBIS4-66406 1
427 0 LA021689-0113 1
427 0 LA030790-0003 0
427 0 LA051190-0177 1
427 0 LA051790-0150 0
427 0 LA070590-0199 0
427 0 FBIS3-43065 1
427 0 FT924-7120 1
427 0 FT932-3097 0
427 0 FT943-6424 0
427 0 LA020189-0071 0
427 0 LA020890-0018 0
427 0 LA061489-0058 0
427 0 FT932-11310 0
427 0 FT943-5899 0
427 0 FT944-3522 0
427 0 LA110590-0024 0
427 0 LA082889-0040 1
427 0 LA011589-0120 1
427 0 LA050689-0095 1
428 0 LA090990-0090 1
428 0 FBIS3-46698 1
428 0 FBIS3-61443 1
428 0 FBIS4-22416 1
428 0 FBIS4-62081 1
428 0 FT924-11400 1
428 0 FT943-6050 1
428 0 FT943-11076 1
428 0 FBIS3-43075 1
428 0 FBIS4-41106 0
428 0 FBIS4-65670 1
428 0 FBIS4-67704 0
428 0 FT932-13957 1
428 0 FBIS3-15982 1
428 0 FBIS4-16662 1
428 0 FT924-9774 0
428 0 FBIS4-46813 0
428 0 FBIS4-47098 1
428 0 FBIS3-24133 1
428 0 FBIS3-24330 1
428 0 FBIS3-35195 1
428 0 FT943-5141 1
428 0 FBIS4-47143 1
428 0 FT924-10640 1
428 0 FT922-626 0
428 0 FT922-8172 0
428 0 FT924-6488 0
428 0 FT924-11153 0
428 0 FT924-2555 0
428 0 FT931-7593 1
428 0 FT944-5125 0
428 0 FT944-10671 0
428 0 FBIS3-43066 1
428 0 FT943-13402 0
428 0 FT943-16216 1
428 0 FBIS3-24021 1
428 0 FBIS3-22186 1
428 0 FBIS3-46906 1
428 0 FBIS3-60425 1
428 0 FBIS4-68624 1
428 0 FT911-2291 0
428 0 FT931-13724 1
428 0 FT942-13785 1
428 0 FT943-5357 1
428 0 FT943-9226 1
428 0 FBIS3-12001 1
428 0 FBIS3-37556 1
428 0 FBIS4-38972 1
428 0 FBIS4-47578 1
428 0 LA070390-0073 0
429 0 LA010590-0062 1
429 0 LA110389-0072 1
429 0 FT932-10547 1
429 0 FT943-1146 1
429 0 LA052190-0106 1
429 0 FBIS3-41744 1
429 0 FR940405-1-00055 1
429 0 FR940920-2-00083 1
429 0 LA052190-0047 0
429 0 LA122689-0070 0
429 0 FT921-7987 0
429 0 FR940202-2-00109 1
429 0 FR940202-2-00146 0
429 0 FR940405-1-00084 0
429 0 FR940405-1-00097 1
429 0 FR940202-2-00107 0
429 0 FBIS3-22589 0
429 0 FBIS3-36078 0
429 0 FBIS3-37680 0
429 0 FBIS3-41666 0
429 0 FBIS3-56415 0
429 0 FBIS4-16406 0
429 0 FBIS4-20472 0
429 0 FBIS4-25261 0
429 0 FBIS4-4067 0
429 0 FBIS4-45041 0
429 0 FBIS4-49832 0
429 0 FBIS4-67533 0
429 0 FBIS4-67877 0
429 0 FR940104-0-00033 0
429 0 FR940104-0-00034 0
429 0 FR940203-0-00084 0
429 0 FR940203-1-00069 0
429 0 FR940303-2-00091 0
429 0 FR940328-2-00119 0
429 0 FR940602-1-00023 0
429 0 FR940804-1-00057 0
429 0 FR940902-1-00048 0
429 0 FR941027-1-00030 0
429 0 FR941107-0-00034 0
429 0 FR941130-0-00122 0
429 0 FR941206-1-00134 0
429 0 FR941213-0-00084 0
429 0 FT933-8639 0
429 0 FT944-2261 0
429 0 FT944-2702 0
429 0 FBIS3-22119 0
429 0 FBIS3-22597 0
429 0 FBIS3-24619 0
429 0 FBIS3-27468 0
430 0 LA121690-0053 1
430 0 FT911-4886 1
430 0 LA031389-0095 0
430 0 LA051089-0024 0
430 0 LA051089-0041 0
430 0 LA060190-0066 0
430 0 LA061789-0067 0
430 0 LA073089-0143 1
430 0 LA060890-0001 0
430 0 LA061589-0055 1
430 0 LA080389-0111 1
430 0 LA082889-0051 1
430 0 FBIS3-14832 0
430 0 FBIS3-18410 0
430 0 FBIS3-23 0
430 0 FBIS3-23561 0
430 0 FBIS3-24653 0
430 0 FBIS3-29 0
430 0 FBIS3-35195 0
430 0 FBIS3-36078 0
430 0 FBIS3-37947 0
430 0 FBIS3-38318 0
430 0 FBIS3-40388 0
430 0 FBIS3-40450 0
430 0 FBIS3-41666 0
430 0 FBIS3-42399 0
430 0 FBIS3-42400 0
430 0 FBIS3-42459 0
430 0 FBIS3-42726 0
430 0 FBIS3-43120 0
430 0 FBIS3-43132 0
430 0 FBIS3-43160 0
430 0 FBIS3-43174 0
430 0 FBIS3-43186 0
430 0 FBIS3-43214 0
430 0 FBIS3-49035 0
430 0 FBIS3-54460 0
430 0 FBIS3-58 0
430 0 FBIS3-58994 0
430 0 FBIS3-60342 0
430 0 FBIS3-67 0
430 0 FBIS4-20472 0
430 0 FBIS4-20504 0
430 0 FBIS4-23084 0
430 0 FBIS4-25261 0
430 0 FBIS4-29 0
430 0 FBIS4-30835 0
430 0 FBIS4-31159 0
430 0 FBIS4-45041 0
430 0 FBIS4-45046 0
431 0 LA020690-0057 1
431 0 LA030589-0277 1
431 0 LA060289-0087 1
431 0 LA080689-0168 0
431 0 LA081490-0052 1
431 0 LA102989-0052 1
431 0 LA112189-0062 1
431 0 FBIS3-3923 1
431 0 FBIS3-4413 1
431 0 FBIS3-20966 1
431 0 FBIS3-20967 1
431 0 FBIS3-21158 0
431 0 FBIS3-24509 0
431 0 FBIS3-40223 1
431 0 FBIS3-40531 1
431 0 FBIS3-40533 1
431 0 FBIS3-40539 0
431 0 FBIS3-46247 1
431 0 FBIS3-59639 1
431 0 FBIS3-59640 1
431 0 FBIS3-59694 1
431 0 FBIS3-59789 0
431 0 FBIS4-4159 0
431 0 FBIS4-44649 0
431 0 FBIS4-44650 1
431 0 FBIS4-44733 1
431 0 FBIS4-44736 0
431 0 FBIS4-44737 1
431 0 FBIS4-44738 1
431 0 FBIS4-44769 1
431 0 FBIS4-44815 1
431 0 FBIS4-44817 0
431 0 FBIS4-44855 1
431 0 FBIS4-66318 0
431 0 FBIS4-66319 0
431 0 FT921-7950 1
431 0 FT922-4414 1
431 0 FT922-9444 1
431 0 FT923-4774 1
431 0 FT923-7461 1
431 0 LA011190-0213 1
431 0 LA020889-0003 1
431 0 LA042689-0150 1
431 0 LA042990-0234 0
431 0 LA050290-0066 1
431 0 LA070289-0024 1
431 0 LA092189-0061 1
431 0 LA092389-0125 1
431 0 LA092689-0070 0
431 0 LA100690-0129 1
432 0 LA022889-0109 0
432 0 LA051590-0044 0
432 0 FT924-44 0
432 0 LA101090-0099 0
432 0 FBIS3-60148 1
432 0 FBIS3-60191 1
432 0 LA012489-0121 0
432 0 LA041389-0061 0
432 0 LA070389-0018 1
432 0 LA073089-0150 0
432 0 LA101190-0053 0
432 0 LA101890-0130 0
432 0 FBIS3-60052 0
432 0 FBIS3-60105 0
432 0 FBIS4-67304 0
432 0 FBIS3-21966 0
432 0 LA101790-0008 0
432 0 LA041689-0062 1
432 0 FBIS3-60201 0
432 0 LA050690-0118 0
432 0 FBIS4-21286 1
432 0 FBIS3-21879 0
432 0 FBIS3-60044 1
432 0 FBIS4-45353 1
432 0 FBIS4-45354 1
432 0 LA040389-0099 0
432 0 LA040489-0044 0
432 0 LA052089-0051 0
432 0 LA052089-0081 0
432 0 LA052689-0086 1
432 0 LA052690-0004 0
432 0 FBIS3-14832 0
432 0 FBIS3-16393 0
432 0 FBIS3-17354 0
432 0 FBIS3-18733 0
432 0 FBIS3-20444 0
432 0 FBIS3-23 0
432 0 FBIS3-23561 0
432 0 FBIS3-24678 0
432 0 FBIS3-29 0
432 0 FBIS3-36078 0
432 0 FBIS3-37947 0
432 0 FBIS3-40450 0
432 0 FBIS3-41666 0
432 0 FBIS3-42399 0
432 0 FBIS3-42400 0
432 0 FBIS3-43142 0
432 0 FBIS3-43166 0
432 0 FBIS3-43196 0
432 0 FBIS3-43220 0
433 0 FBIS3-13963 1
433 0 FT911-4174 1
433 0 FT942-11555 1
433 0 LA082990-0005 1
433 0 FT924-9510 1
433 0 LA031790-0077 0
433 0 FT924-14023 1
433 0 LA062389-0119 0
433 0 FT941-6943 0
433 0 LA070590-0081 0
433 0 LA102290-0080 0
433 0 LA110589-0124 0
433 0 FT921-13871 0
433 0 FT922-5459 0
433 0 FT922-6057 0
433 0 FT922-8739 0
433 0 FT934-5760 0
433 0 FT943-9987 0
433 0 LA080690-0141 0
433 0 LA092589-0081 0
433 0 LA111289-0014 0
433 0 FT924-10573 0
433 0 FT932-8961 0
433 0 FT933-16351 0
433 0 FT933-2346 0
433 0 FT941-2540 0
433 0 FBIS3-10629 0
433 0 FBIS3-14832 0
433 0 FBIS3-19499 0
433 0 FBIS3-19935 0
433 0 FBIS3-23561 0
433 0 FBIS3-24653 0
433 0 FBIS3-29 0
433 0 FBIS3-31375 0
433 0 FBIS3-31419 0
433 0 FBIS3-33663 0
433 0 FBIS3-36078 0
433 0 FBIS3-37947 0
433 0 FBIS3-38921 0
433 0 FBIS3-39302 0
433 0 FBIS3-39764 0
433 0 FBIS3-39787 0
433 0 FBIS3-39802 0
433 0 FBIS3-40194 0
433 0 FBIS3-40450 0
433 0 FBIS3-4209 0
433 0 FBIS3-42399 0
433 0 FBIS3-42766 0
433 0 FBIS3-43120 0
433 0 FBIS3-43160 0
434 0 FBIS3-15540 1
434 0 FBIS3-15945 1
434 0 FBIS3-16266 1
434 0 FBIS3-23779 1
434 0 FBIS3-24040 1
434 0 FBIS3-24171 1
434 0 FBIS3-37482 1
434 0 FBIS3-42852 1
434 0 FBIS3-42855 1
434 0 FBIS3-42960 1
434 0 FBIS3-54831 1
434 0 FBIS3-56920 1
434 0 FBIS3-61167 1
434 0 FBIS3-61259 1
434 0 FBIS3-61392 1
434 0 FBIS4-15673 1
434 0 FBIS4-16109 1
434 0 FBIS4-17139 1
434 0 FBIS4-17252 1
434 0 FBIS4-17559 1
434 0 FBIS4-22416 1
434 0 FBIS4-38666 1
434 0 FBIS4-41946 1
434 0 FBIS4-46717 1
434 0 FBIS4-46719 1
434 0 FBIS4-47093 1
434 0 FBIS4-61315 1
434 0 FBIS4-61316 1
434 0 FBIS4-61892 1
434 0 FBIS4-65007 1
434 0 FBIS4-68650 1
434 0 FBIS4-68762 1
434 0 FT922-5369 1
434 0 FT941-4928 1
434 0 FT942-14647 1
434 0 FT922-2140 1
434 0 FBIS3-15695 1
434 0 FBIS3-16392 1
434 0 FBIS3-17169 1
434 0 FBIS3-22435 1
434 0 FBIS3-24320 1
434 0 FBIS3-24324 1
434 0 FBIS3-36616 0
434 0 FBIS3-37640 1
434 0 FBIS3-41488 1
434 0 FBIS3-42632 1
434 0 FBIS3-42853 1
434 0 FBIS3-42854 1
434 0 FBIS3-54829 1
434 0 FBIS3-57062 1
435 0 FT943-5797 1
435 0 FBIS3-1655 1
435 0 FBIS3-1933 1
435 0 FBIS3-20434 1
435 0 FBIS3-20435 1
435 0 FBIS3-40801 0
435 0 FBIS3-44378 1
435 0 FBIS3-45482 1
435 0 FBIS3-59264 0
435 0 FBIS3-59314 0
435 0 FBIS3-59343 1
435 0 FBIS4-2468 1
435 0 FBIS4-24896 1
435 0 FBIS4-44477 0
435 0 FBIS4-50117 1
435 0 FBIS4-51098 1
435 0 FBIS4-66172 1
435 0 FBIS4-66212 1
435 0 FBIS4-66256 0
435 0 FBIS4-66698 1
435 0 FT921-12447 0
435 0 FT934-7698 1
435 0 FT942-13785 0
435 0 FT943-3807 1
435 0 FBIS3-22186 1
435 0 FBIS4-67704 1
435 0 FBIS3-2020 1
435 0 FBIS3-3671 1
435 0 FBIS4-1797 1
435 0 FT932-13560 0
435 0 FT943-5793 0
435 0 FBIS3-3812 1
435 0 FBIS4-1755 0
435 0 FBIS4-2213 0
435 0 FBIS4-2413 1
435 0 FBIS4-3651 0
435 0 FT943-4154 1
435 0 FT943-6050 1
435 0 LA051190-0078 1
435 0 FBIS3-4119 0
435 0 FBIS3-44465 0
435 0 FT931-892 1
435 0 FT931-10612 1
435 0 FT941-12411 1
435 0 FBIS4-25051 0
435 0 FBIS4-50706 1
435 0 LA021190-0104 1
435 0 FBIS3-35195 1
435 0 FBIS4-50713 0
435 0 FBIS4-50913 1
436 0 LA112989-0069 1
436 0 LA010189-0124 1
436 0 LA020189-0055 1
436 0 LA020389-0043 1
436 0 LA021090-0057 1
436 0 LA021890-0165 1
436 0 LA031189-0053 1
436 0 LA040690-0152 1
436 0 LA040989-0140 1
436 0 LA042790-0171 1
436 0 LA050790-0044 1
436 0 LA050790-0045 1
436 0 LA051289-0174 1
436 0 LA051689-0048 1
436 0 LA052389-0112 1
436 0 LA060789-0060 1
436 0 LA061189-0156 1
436 0 LA062090-0061 1
436 0 LA071190-0083 1
436 0 LA072289-0066 1
436 0 LA082190-0081 0
436 0 LA090889-0122 1
436 0 LA091190-0090 1
436 0 LA092190-0077 1
436 0 LA100590-0074 1
436 0 LA101590-0051 1
436 0 LA101690-0001 1
436 0 LA101889-0118 1
436 0 LA102390-0018 1
436 0 LA102390-0082 1
436 0 LA110790-0165 1
436 0 LA110890-0037 1
436 0 LA110990-0021 1
436 0 LA111190-0192 1
436 0 LA112690-0054 1
436 0 LA120590-0041 0
436 0 LA121689-0064 1
436 0 FT921-3715 1
436 0 FT921-3726 1
436 0 FT933-519 1
436 0 LA011090-0074 1
436 0 LA011989-0207 1
436 0 LA012089-0137 1
436 0 LA020289-0210 1
436 0 LA030589-0194 1
436 0 LA031490-0077 1
436 0 LA031490-0086 1
436 0 LA051389-0023 1
436 0 LA051789-0127 1
436 0 LA061089-0009 1
437 0 FT911-2332 0
437 0 FT921-4300 1
437 0 FT923-9954 0
437 0 FT923-15731 1
437 0 FT924-6000 1
437 0 FT932-1692 0
437 0 FT933-3647 1
437 0 FT933-6464 0
437 0 FT934-10025 0
437 0 FT942-17640 0
437 0 FT932-17434 0
437 0 FT941-9840 1
437 0 FT941-11460 0
437 0 FT944-13924 0
437 0 FT921-16212 1
437 0 FT922-8298 1
437 0 FT922-8308 0
437 0 FT922-9435 0
437 0 FT923-13080 1
437 0 FT923-14400 1
437 0 FT931-6398 0
437 0 FT932-142 1
437 0 FT933-15057 0
437 0 FT933-16635 0
437 0 FT934-14660 0
437 0 FT934-16408 0
437 0 FT941-472 1
437 0 FT941-9605 0
437 0 FT941-10797 0
437 0 FT944-3495 0
437 0 FT921-8566 0
437 0 FT923-4547 1
437 0 FT923-10977 0
437 0 FT923-15596 0
437 0 FT931-4780 0
437 0 FT931-3109 0
437 0 FT933-6043 0
437 0 FT933-8484 0
437 0 FT941-9600 1
437 0 FT942-663 1
437 0 FT943-9224 0
437 0 FT944-1045 0
437 0 FT911-5063 0
437 0 FT932-5561 0
437 0 FT934-9072 0
437 0 FT944-1938 1
437 0 FT944-2147 1
437 0 FT932-11073 0
437 0 FT933-16450 0
437 0 FT942-3343 0
438 0 FT923-5044 0
438 0 LA032489-0175 1
438 0 LA032689-0043 1
438 0 LA072990-0020 1
438 0 LA112590-0045 1
438 0 FBIS3-14284 1
438 0 FBIS3-32487 1
438 0 FBIS3-50579 1
438 0 FBIS3-51016 1
438 0 FBIS3-51134 1
438 0 FBIS4-2294 1
438 0 FBIS4-24711 1
438 0 FBIS4-28131 1
438 0 FBIS4-49095 1
438 0 FBIS4-51074 1
438 0 FT911-1946 1
438 0 FT911-2446 1
438 0 FT921-4263 0
438 0 FT921-6633 1
438 0 FT921-15886 1
438 0 FT922-4619 1
438 0 FT922-9465 1
438 0 FT922-1003 0
438 0 FT923-6187 0
438 0 FT923-9719 0
438 0 FT923-3223 1
438 0 FT924-7498 0
438 0 FT924-9467 1
438 0 FT924-9868 1
438 0 FT924-11146 1
438 0 FT931-16390 1
438 0 FT932-3827 1
438 0 FT932-16945 1
438 0 FT932-2961 1
438 0 FT933-2713 0
438 0 FT933-2727 1
438 0 FT934-3779 0
438 0 FT934-4579 1
438 0 FT934-6252 0
438 0 FT934-7733 1
438 0 FT934-9708 1
438 0 FT934-10800 0
438 0 FT934-12204 1
438 0 FT941-4185 1
438 0 FT941-4935 1
438 0 FT941-6761 0
438 0 FT941-8564 0
438 0 FT941-14543 0
438 0 FT942-4191 0
438 0 FT942-4681 1
439 0 FT934-703 1
439 0 FT943-6184 1
439 0 FBIS3-35 1
439 0 FBIS3-24648 1
439 0 FBIS3-59779 0
439 0 FBIS3-60251 1
439 0 FBIS4-28316 1
439 0 FBIS4-44698 0
439 0 FBIS4-47444 1
439 0 FT922-11195 0
439 0 FT923-5760 0
439 0 FT923-5794 0
439 0 FT931-5796 1
439 0 FT934-1290 1
439 0 FT941-5844 1
439 0 FT941-5845 1
439 0 FT941-7301 1
439 0 FT941-10022 1
439 0 FT941-11412 1
439 0 FT941-14188 1
439 0 FT942-5665 0
439 0 FT942-13969 0
439 0 FT942-1384 1
439 0 FT943-13935 1
439 0 FT944-7278 1
439 0 FBIS3-6846 1
439 0 FBIS3-45247 1
439 0 FBIS4-44747 1
439 0 FBIS4-51883 1
439 0 FBIS4-52218 1
439 0 FT924-13186 1
439 0 FT924-1947 1
439 0 FT934-13547 0
439 0 FT941-4396 0
439 0 FT941-5843 0
439 0 FT941-5846 1
439 0 FT941-8702 0
439 0 FT941-8703 1
439 0 FT941-8704 1
439 0 FT941-11410 0
439 0 FT941-12792 1
439 0 FT941-14186 1
439 0 FT941-1390 1
439 0 FT941-2933 0
439 0 FT942-4319 0
439 0 FT942-5666 1
439 0 FT942-5668 0
439 0 FT942-6986 0
439 0 FT942-9882 0
439 0 FT942-9884 0
440 0 LA040390-0172 1
440 0 LA040590-0063 1
440 0 LA052890-0002 0
440 0 LA060689-0153 1
440 0 FBIS3-25944 0
440 0 FBIS4-50830 1
440 0 FT924-1107 1
440 0 FT932-10481 0
440 0 FT941-2512 0
440 0 FT942-8040 1
440 0 FT943-15936 0
440 0 LA031690-0183 1
440 0 LA092489-0044 0
440 0 LA112989-0008 0
440 0 FT942-15928 0
440 0 LA021090-0137 1
440 0 LA022890-0075 0
440 0 LA022890-0105 0
440 0 LA032290-0007 1
440 0 LA061290-0034 0
440 0 LA061290-0137 1
440 0 LA081190-0123 0
440 0 FBIS3-4104 0
440 0 FBIS3-12946 1
440 0 FBIS4-28039 1
440 0 FT932-4221 0
440 0 FT934-9422 1
440 0 FT942-4368 0
440 0 FT942-10398 0
440 0 FT943-8738 0
440 0 FT943-16626 0
440 0 FT943-3011 0
440 0 FT944-9086 0
440 0 FBIS4-5198 1
440 0 FBIS4-23283 0
440 0 FBIS4-50569 1
440 0 FT932-5791 1
440 0 LA112689-0194 1
440 0 LA112689-0137 1
440 0 LA032190-0066 0
440 0 FBIS3-40801 0
440 0 FBIS4-45041 0
440 0 FBIS4-52681 1
440 0 FBIS4-68723 1
440 0 FT911-1924 0
440 0 FT922-789 0
440 0 FT933-9007 1
440 0 FT934-8196 1
440 0 FBIS3-21373 1
440 0 FT921-2818 1
441 0 LA061389-0087 1
441 0 LA071989-0117 1
441 0 LA081989-0064 1
441 0 LA092090-0248 1
441 0 LA112690-0027 1
441 0 FT921-2018 1
441 0 LA070189-0089 0
441 0 FBIS3-60487 1
441 0 FR940119-0-00034 0
441 0 FR940523-2-00059 1
441 0 FR940802-1-00013 1
441 0 FR940802-1-00015 1
441 0 FBIS3-14832 0
441 0 FBIS3-1790 0
441 0 FBIS3-22589 0
441 0 FBIS3-23 0
441 0 FBIS3-23561 0
441 0 FBIS3-24653 0
441 0 FBIS3-24678 0
441 0 FBIS3-26239 0
441 0 FBIS3-29 0
441 0 FBIS3-36078 0
441 0 FBIS3-37947 0
441 0 FBIS3-41666 0
441 0 FBIS3-4209 0
441 0 FBIS3-42399 0
441 0 FBIS3-42400 0
441 0 FBIS3-43166 0
441 0 FBIS3-43220 0
441 0 FBIS3-54460 0
441 0 FBIS3-58 0
441 0 FBIS3-59752 0
441 0 FBIS3-60342 0
441 0 FBIS3-61335 0
441 0 FBIS3-61336 0
441 0 FBIS3-67 0
441 0 FBIS4-16406 0
441 0 FBIS4-19 0
441 0 FBIS4-20472 0
441 0 FBIS4-20504 0
441 0 FBIS4-23084 0
441 0 FBIS4-25261 0
441 0 FBIS4-29 0
441 0 FBIS4-42 0
441 0 FBIS4-45041 0
441 0 FBIS4-46469 0
441 0 FBIS4-47142 0
441 0 FBIS4-50011 0
441 0 FBIS4-52040 0
441 0 FBIS4-52159 0
442 0 LA012589-0143 0
442 0 LA042389-0096 1
442 0 LA042390-0087 1
442 0 LA050189-0077 1
442 0 LA051390-0183 1
442 0 LA052490-0236 1
442 0 LA061790-0133 0
442 0 LA061889-0074 0
442 0 LA062890-0232 1
442 0 LA100990-0034 1
442 0 LA102489-0058 1
442 0 LA102689-0081 1
442 0 LA122890-0062 1
442 0 FBIS3-27579 1
442 0 LA010589-0084 1
442 0 LA011390-0057 1
442 0 LA030289-0068 1
442 0 LA062290-0153 0
442 0 LA012089-0016 1
442 0 LA012089-0137 1
442 0 LA022190-0014 1
442 0 LA011089-0104 1
442 0 LA012590-0020 1
442 0 LA022190-0007 1
442 0 LA042289-0075 1
442 0 LA050489-0159 1
442 0 LA052189-0093 1
442 0 LA102390-0071 1
442 0 LA041290-0164 0
442 0 LA041390-0210 0
442 0 LA050189-0025 1
442 0 LA050389-0011 1
442 0 LA051290-0002 1
442 0 LA051990-0143 1
442 0 LA100889-0057 0
442 0 LA101289-0002 1
442 0 LA040789-0138 1
442 0 LA042890-0079 1
442 0 LA052889-0143 1
442 0 LA060189-0147 1
442 0 LA071090-0093 1
442 0 LA072590-0017 1
442 0 LA072790-0069 1
442 0 LA082089-0005 1
442 0 LA082789-0088 1
442 0 LA102490-0087 1
442 0 LA060290-0004 1
442 0 LA072089-0137 0
442 0 LA081490-0047 0
442 0 LA082089-0074 1
443 0 LA071889-0120 0
443 0 FT931-318 0
443 0 LA120890-0057 0
443 0 LA121190-0111 0
443 0 FBIS4-2895 0
443 0 FBIS4-48079 1
443 0 FT932-1379 0
443 0 FT933-1423 0
443 0 FT942-11103 1
443 0 FT942-11344 1
443 0 FT943-12954 0
443 0 FT943-13662 0
443 0 FT943-13713 1
443 0 LA010290-0011 0
443 0 LA081689-0028 0
443 0 LA091190-0053 0
443 0 LA110289-0012 0
443 0 LA112490-0098 0
443 0 FT923-7172 0
443 0 FT941-3045 0
443 0 FT943-11275 0
443 0 FT943-12751 0
443 0 LA080190-0002 0
443 0 LA102389-0068 0
443 0 FBIS3-60339 0
443 0 FT911-3657 0
443 0 FT921-11702 0
443 0 FT921-14694 0
443 0 FT921-15893 0
443 0 FT922-12288 0
443 0 FT923-4169 0
443 0 FT923-6909 0
443 0 FT924-4536 0
443 0 FT933-7690 0
443 0 FT933-1184 1
443 0 FT941-5918 0
443 0 FT941-508 0
443 0 FT943-11933 0
443 0 FT943-12141 0
443 0 FT943-12144 0
443 0 FT943-13395 1
443 0 FT944-3781 0
443 0 FT944-17700 1
443 0 FT944-17899 1
443 0 LA013090-0108 1
443 0 LA070690-0030 0
443 0 LA122390-0065 0
443 0 FBIS3-44179 0
443 0 FBIS4-3998 1
443 0 FBIS4-44192 0
444 0 FBIS4-45803 1
444 0 FBIS4-66450 1
444 0 FBIS4-20472 1
444 0 FT932-7115 1
444 0 FT943-4354 1
444 0 FBIS3-21143 0
444 0 FBIS3-11521 0
444 0 FBIS3-14832 0
444 0 FBIS3-1790 0
444 0 FBIS3-23561 0
444 0 FBIS3-37947 0
444 0 FBIS3-39751 0
444 0 FBIS3-40352 0
444 0 FBIS3-40450 0
444 0 FBIS3-40548 0
444 0 FBIS3-41666 0
444 0 FBIS3-42400 0
444 0 FBIS3-42726 0
444 0 FBIS3-43132 0
444 0 FBIS3-43142 0
444 0 FBIS3-43166 0
444 0 FBIS3-43186 0
444 0 FBIS3-43196 0
444 0 FBIS3-43220 0
444 0 FBIS3-46614 0
444 0 FBIS3-58 0
444 0 FBIS3-60342 0
444 0 FBIS3-61335 0
444 0 FBIS3-61336 0
444 0 FBIS3-67 0
444 0 FBIS4-16406 0
444 0 FBIS4-1843 0
444 0 FBIS4-18595 0
444 0 FBIS4-19 0
444 0 FBIS4-20504 0
444 0 FBIS4-21 0
444 0 FBIS4-21488 0
444 0 FBIS4-27085 0
444 0 FBIS4-31787 0
444 0 FBIS4-34207 0
444 0 FBIS4-42 0
444 0 FBIS4-42070 0
444 0 FBIS4-44661 0
444 0 FBIS4-45041 0
444 0 FBIS4-46469 0
444 0 FBIS4-46935 0
444 0 FBIS4-47609 0
444 0 FBIS4-47629 0
444 0 FBIS4-66210 0
444 0 FBIS4-66382 0
445 0 FT931-11616 1
445 0 FT931-15039 1
445 0 FT932-2151 1
445 0 FT941-3868 1
445 0 FT941-7858 1
445 0 LA110789-0149 1
445 0 FT921-4820 1
445 0 FT921-7364 1
445 0 FT921-11838 1
445 0 FT921-11847 1
445 0 FT921-11857 1
445 0 FT924-4560 1
445 0 FT924-6652 1
445 0 FT924-8156 1
445 0 FT924-9001 1
445 0 FT932-13754 1
445 0 FT933-9689 1
445 0 FT934-11650 1
445 0 FT934-11863 1
445 0 FT934-13060 1
445 0 FT941-6743 1
445 0 FT942-2917 1
445 0 FT943-15291 1
445 0 FT924-10442 1
445 0 FT931-9901 1
445 0 FT932-6456 1
445 0 FT941-7795 1
445 0 FT941-8960 1
445 0 FT942-132 1
445 0 FT944-16774 0
445 0 FT944-1870 1
445 0 FT944-2077 1
445 0 FT924-6311 1
445 0 FT934-408 1
445 0 FT941-8192 1
445 0 FT932-11644 1
445 0 FT941-5312 0
445 0 FT942-17503 1
445 0 LA100289-0105 1
445 0 FT911-4175 0
445 0 FT934-14389 1
445 0 FT934-3058 1
445 0 FT941-4163 1
445 0 FT941-8007 1
445 0 FT941-9703 1
445 0 FT921-11046 0
445 0 FT922-2871 1
445 0 FT924-388 1
445 0 FT932-6094 1
445 0 FT934-8108 1
446 0 LA102789-0180 1
446 0 LA102889-0098 1
446 0 FBIS3-23109 1
446 0 FBIS3-23110 1
446 0 FBIS4-9716 1
446 0 FBIS4-11802 0
446 0 FBIS4-21826 1
446 0 FBIS4-21827 1
446 0 FBIS4-21828 1
446 0 FBIS4-21957 1
446 0 FBIS4-21958 1
446 0 FT921-6226 1
446 0 FT922-5632 0
446 0 FT924-8057 1
446 0 FT924-8062 1
446 0 FT924-10172 1
446 0 FT924-11501 1
446 0 FT924-12035 1
446 0 FT924-12197 1
446 0 FT932-4098 1
446 0 FT932-4527 1
446 0 FT932-679 1
446 0 FT933-4446 1
446 0 FT933-12232 1
446 0 FT934-12416 1
446 0 FT934-13100 1
446 0 FT941-5484 1
446 0 FT944-17954 0
446 0 FBIS3-42197 1
446 0 FBIS3-42223 1
446 0 FBIS3-43283 0
446 0 FT921-6395 0
446 0 FT921-9629 0
446 0 FT922-102 0
446 0 FT922-1355 0
446 0 FT924-11275 1
446 0 FT924-11890 1
446 0 FT931-887 1
446 0 FT933-3290 1
446 0 FT933-7901 1
446 0 FT933-8138 0
446 0 FT933-8349 0
446 0 FT933-11090 1
446 0 FT933-12228 1
446 0 FT933-2521 1
446 0 FT933-2808 1
446 0 FT933-2919 1
446 0 FT934-355 1
446 0 FT934-367 1
446 0 FT934-11791 1
447 0 FBIS3-40450 1
447 0 FT923-9701 1
447 0 FR940318-0-00147 1
447 0 FR940505-1-00225 1
447 0 FR940318-0-00154 1
447 0 FR940318-0-00208 1
447 0 FR940318-0-00146 1
447 0 FR940318-0-00152 1
447 0 FR940318-0-00157 1
447 0 FR940318-0-00149 1
447 0 FR940318-0-00151 1
447 0 FR940318-0-00153 1
447 0 FR940318-0-00156 1
447 0 FBIS3-21198 1
447 0 FR940318-0-00155 1
447 0 FR940617-2-00029 0
447 0 FBIS3-43108 0
447 0 FBIS4-44605 0
447 0 FR940104-2-00023 0
447 0 FR940516-1-00090 0
447 0 FR940810-2-00024 0
447 0 FBIS3-47041 0
447 0 FBIS4-44635 0
447 0 FBIS4-46670 0
447 0 FBIS3-23823 0
447 0 FBIS3-40548 0
447 0 FBIS3-42399 0
447 0 FBIS3-42459 0
447 0 FBIS3-43160 0
447 0 FBIS3-43214 0
447 0 FBIS3-58 0
447 0 FBIS3-59752 0
447 0 FBIS4-19 0
447 0 FBIS4-20472 0
447 0 FBIS4-20504 0
447 0 FBIS4-23114 0
447 0 FBIS4-46469 0
447 0 FBIS4-66185 0
447 0 FBIS4-66308 0
447 0 FBIS4-66382 0
447 0 FBIS4-67533 0
447 0 FBIS4-67877 0
447 0 FBIS4-68275 0
447 0 FBIS4-68893 0
447 0 FR940602-1-00023 0
447 0 FR940621-2-00072 0
447 0 FR940902-1-00048 0
447 0 FR941019-0-00079 0
447 0 FR941021-0-00072 0
447 0 FR941117-2-00158 0
448 0 LA111390-0147 1
448 0 LA121989-0106 1
448 0 LA041589-0050 1
448 0 LA011390-0061 0
448 0 LA011590-0096 0
448 0 LA020590-0133 0
448 0 LA022790-0142 0
448 0 LA050790-0047 0
448 0 LA060390-0169 0
448 0 LA092990-0005 0
448 0 LA102689-0185 0
448 0 LA122290-0084 0
448 0 LA062189-0045 0
448 0 LA091189-0050 0
448 0 LA062990-0117 0
448 0 LA091189-0051 0
448 0 LA112790-0153 0
448 0 FBIS4-5588 0
448 0 FBIS4-29487 0
448 0 FT934-1954 1
448 0 FT943-312 0
448 0 FT943-316 0
448 0 FT944-15143 0
448 0 LA010589-0124 1
448 0 LA061190-0061 0
448 0 LA071390-0071 0
448 0 LA102690-0158 0
448 0 LA122390-0159 0
448 0 FBIS4-48374 0
448 0 FT931-15025 1
448 0 FT931-16245 0
448 0 FT931-16401 1
448 0 FT943-178 0
448 0 FT943-536 0
448 0 FT943-543 0
448 0 FT944-5248 0
448 0 FT944-15661 1
448 0 FT944-18499 1
448 0 FT944-18508 1
448 0 FT944-18592 1
448 0 FT944-18722 1
448 0 FT944-18938 1
448 0 FT922-14753 0
448 0 LA102989-0209 0
448 0 FT944-18877 1
448 0 LA021390-0034 0
448 0 LA122089-0156 0
448 0 LA122689-0085 0
448 0 FT924-4069 1
448 0 FT931-6413 0
449 0 FBIS3-40467 1
449 0 FBIS4-23024 1
449 0 FBIS4-23026 1
449 0 FT923-6175 0
449 0 FT924-5307 1
449 0 FT933-5254 0
449 0 FT944-10375 0
449 0 FT922-12251 1
449 0 FT942-151 1
449 0 FBIS4-23029 0
449 0 FT933-7438 1
449 0 FT923-437 1
449 0 FT923-11623 1
449 0 FT924-3416 1
449 0 FT924-4056 0
449 0 FT924-13606 1
449 0 FT931-10954 0
449 0 FT933-5461 1
449 0 FT943-7095 1
449 0 FT943-9461 1
449 0 FT943-10078 0
449 0 LA061389-0023 0
449 0 LA070489-0051 0
449 0 LA112789-0028 0
449 0 FT922-2252 0
449 0 FT923-6847 0
449 0 FT923-11350 1
449 0 FT932-13841 0
449 0 FT944-3523 0
449 0 FT944-13995 0
449 0 FT923-14971 0
449 0 FBIS4-33295 0
449 0 LA122489-0119 0
449 0 FBIS4-45879 0
449 0 FT921-2018 1
449 0 FT932-2516 0
449 0 LA092490-0069 0
449 0 FBIS3-60487 0
449 0 FT931-16284 0
449 0 FR940202-2-00052 0
449 0 FR941028-2-00216 0
449 0 LA041789-0063 0
449 0 FT922-7537 1
449 0 FT933-11435 1
449 0 FT943-677 0
449 0 FT944-17702 0
449 0 FT944-17754 0
449 0 FR940127-1-00069 0
449 0 FR940222-0-00027 0
449 0 FR940224-0-00058 1
450 0 FBIS3-33706 1
450 0 FBIS3-53469 1
450 0 FBIS3-54262 1
450 0 FBIS3-54283 1
450 0 FBIS4-26473 1
450 0 FBIS4-36522 0
450 0 FBIS4-37581 1
450 0 FBIS4-37690 1
450 0 FBIS4-58415 1
450 0 FT933-3295 0
450 0 FT933-2144 1
450 0 FT933-2154 1
450 0 FT934-6691 1
450 0 FT934-9101 1
450 0 FT941-17555 1
450 0 FT943-4318 1
450 0 FT943-6333 1
450 0 FT943-9932 1
450 0 FT943-12406 1
450 0 FT943-12560 1
450 0 FT943-12733 1
450 0 FT943-13871 1
450 0 FT944-13606 1
450 0 FT944-15512 1
450 0 FT944-15625 1
450 0 FBIS3-12205 0
450 0 FBIS3-12610 0
450 0 FBIS3-34689 1
450 0 FBIS3-34691 1
450 0 FBIS3-34703 1
450 0 FBIS3-34708 1
450 0 FBIS3-34958 1
450 0 FBIS3-34983 1
450 0 FBIS3-40752 1
450 0 FBIS3-52165 1
450 0 FBIS3-52334 1
450 0 FBIS3-52583 1
450 0 FBIS3-52603 1
450 0 FBIS3-52615 1
450 0 FBIS3-54192 1
450 0 FBIS3-54519 1
450 0 FBIS3-54574 1
450 0 FBIS4-11918 1
450 0 FBIS4-12897 1
450 0 FBIS4-23130 1
450 0 FBIS4-26821 1
450 0 FBIS4-37314 1
450 0 FBIS4-37430 1
450 0 FBIS4-37480 1
450 0 FBIS4-37519 1
