401 0 FBIS3-18833 0
401 0 FBIS3-39117 0
401 0 FT924-4470 1
401 0 FT924-5091 1
401 0 FBIS4-55036 0
401 0 FBIS3-17077 0
401 0 FT924-4344 1
401 0 FT931-10513 1
401 0 FT944-6909 1
401 0 FBIS3-59042 1
401 0 FBIS3-59436 0
401 0 FBIS3-18916 0
401 0 FT911-1796 0
401 0 FT933-2163 1
401 0 FBIS3-18684 0
401 0 LA110690-0075 0
401 0 FT944-8162 0
401 0 FBIS4-31704 0
401 0 FT941-230 0
401 0 FBIS3-20090 1
401 0 FT933-3792 0
401 0 FBIS3-4201 0
401 0 FBIS3-31659 0
401 0 FT932-5626 1
401 0 FBIS3-19459 0
402 0 LA101290-0115 1
402 0 LA062590-0042 1
402 0 LA101690-0121 1
402 0 FT921-11140 1
402 0 FT923-7735 1
402 0 FT933-5693 1
402 0 LA080190-0099 0
402 0 LA032290-0148 1
402 0 LA042990-0032 1
402 0 LA111689-0162 1
402 0 LA050789-0122 1
402 0 FR940705-2-00218 0
402 0 FT933-16361 0
402 0 LA062589-0077 0
402 0 FBIS3-42996 0
402 0 FBIS3-43034 0
402 0 FR940817-2-00271 0
402 0 FT934-1290 1
402 0 LA093089-0065 1
402 0 FR940812-2-00253 1
402 0 FBIS4-20645 1
402 0 LA073090-0057 1
402 0 FT922-7420 1
402 0 LA100790-0251 1
402 0 LA060589-0049 1
403 0 FR940525-1-00062 1
403 0 FR940525-1-00078 1
403 0 FR940525-1-00079 1
403 0 LA020490-0136 1
403 0 FR940603-2-00065 1
403 0 LA092890-0067 1
403 0 LA033089-0013 1
403 0 LA051889-0006 1
403 0 LA071290-0133 1
403 0 LA011389-0029 1
403 0 FR940525-1-00063 1
403 0 FT924-979 1
403 0 FR940525-1-00050 1
403 0 FT932-1044 1
403 0 LA010790-0103 1
403 0 LA072289-0144 1
403 0 LA011289-0149 0
403 0 LA041990-0072 1
403 0 FR940525-1-00054 0
403 0 LA030689-0082 0
403 0 LA051490-0120 0
403 0 LA010390-0067 1
403 0 LA042589-0052 0
403 0 LA082890-0074 0
403 0 LA032290-0151 1
404 0 FT934-11680 1
404 0 FBIS4-66076 1
404 0 FT942-16203 0
404 0 FT934-2053 0
404 0 FT934-11487 1
404 0 FT934-9911 1
404 0 FT934-9649 0
404 0 FT934-8237 0
404 0 FT944-14470 0
404 0 FT943-6195 0
404 0 FT934-8472 0
404 0 FT934-11331 1
404 0 FT943-6585 0
404 0 FBIS3-39745 0
404 0 FBIS3-38425 0
404 0 FT934-11473 1
404 0 FT934-1366 1
404 0 FT941-9654 0
404 0 FT934-11322 0
404 0 FT941-17583 0
404 0 FT944-18148 1
404 0 FT943-5955 0
404 0 FT934-8230 0
404 0 FBIS4-66022 1
404 0 FT943-12276 0
405 0 FT922-11472 1
405 0 FT943-10128 1
405 0 FT944-864 0
405 0 FT942-5468 0
405 0 LA010889-0109 0
405 0 FT941-17652 1
405 0 FBIS3-42549 0
405 0 FT924-286 0
405 0 FT922-11525 1
405 0 LA092489-0134 0
405 0 FBIS3-42550 0
405 0 FBIS3-59742 0
405 0 LA060290-0131 0
405 0 LA080289-0090 0
405 0 LA020190-0053 1
405 0 LA022689-0112 1
405 0 LA052890-0021 1
405 0 FT943-3693 1
405 0 FBIS3-42517 0
405 0 LA112690-0067 1
405 0 FBIS3-42553 1
405 0 FT932-5036 0
405 0 LA060889-0110 0
405 0 FBIS3-40213 0
405 0 FT922-13455 1
406 0 LA080489-0045 1
406 0 LA051790-0095 1
406 0 LA101090-0147 0
406 0 LA111589-0149 0
406 0 LA121189-0042 0
406 0 FT933-5690 1
406 0 LA011590-0099 1
406 0 LA111689-0161 0
406 0 LA091990-0010 1
406 0 FT932-7262 1
406 0 LA021890-0038 0
406 0 LA061889-0114 0
406 0 LA121789-0114 1
406 0 FR940719-2-00089 0
406 0 LA091489-0042 0
406 0 LA112690-0079 0
406 0 LA040190-0221 0
406 0 LA082889-0040 0
406 0 FR940817-2-00221 0
406 0 LA110689-0008 0
406 0 LA060589-0049 0
406 0 LA081089-0055 0
406 0 LA122289-0051 0
406 0 LA101289-0111 0
406 0 FT944-18773 0
407 0 LA050889-0063 1
407 0 FT941-15416 1
407 0 FT921-6003 1
407 0 FT941-5453 1
407 0 FT933-7330 1
407 0 FT933-9176 1
407 0 FT942-17238 1
407 0 FBIS3-41533 0
407 0 FT941-15415 1
407 0 LA100789-0152 1
407 0 FBIS3-60235 1
407 0 LA022689-0070 1
407 0 FT942-10464 1
407 0 FT933-13637 0
407 0 FT921-6098 0
407 0 FT921-9502 0
407 0 LA100989-0033 0
407 0 FT932-12511 1
407 0 LA102090-0048 0
407 0 FT933-5757 1
407 0 FT941-1511 0
407 0 FT934-12959 1
407 0 FBIS3-22269 1
407 0 FBIS3-26515 0
407 0 FR941104-1-00055 0
408 0 LA101490-0142 1
408 0 LA101390-0102 1
408 0 LA120389-0130 1
408 0 LA101489-0074 0
408 0 LA080189-0042 0
408 0 LA082189-0033 0
408 0 LA080289-0005 0
408 0 FT923-6038 1
408 0 LA102090-0035 0
408 0 LA061989-0095 0
408 0 LA100890-0072 1
408 0 LA062290-0070 0
408 0 LA082990-0118 0
408 0 LA101589-0180 0
408 0 LA060689-0099 0
408 0 LA101190-0007 0
408 0 FT923-6110 1
408 0 LA092190-0055 1
408 0 FT923-4394 0
408 0 LA103190-0052 0
408 0 LA100590-0178 1
408 0 LA120389-0240 0
408 0 LA082389-0064 0
408 0 LA092089-0027 0
408 0 FT931-7520 0
409 0 FT923-13692 1
409 0 LA092189-0137 0
409 0 LA122289-0117 0
409 0 FT923-13817 1
409 0 FT941-758 1
409 0 LA031789-0067 0
409 0 LA120589-0083 1
409 0 FT923-11688 1
409 0 LA122189-0212 0
409 0 LA050989-0113 0
409 0 LA042089-0111 0
409 0 LA110489-0092 0
409 0 LA121589-0082 0
409 0 FT941-11932 1
409 0 LA010589-0105 0
409 0 LA010289-0027 0
409 0 LA103190-0165 0
409 0 LA041689-0098 0
409 0 LA091290-0053 0
409 0 LA051690-0101 0
409 0 LA031989-0099 0
409 0 LA011789-0136 0
409 0 FBIS4-43146 0
409 0 LA080589-0053 0
409 0 FT921-714 1
410 0 FBIS3-59001 1
410 0 FBIS4-64577 1
410 0 FT934-14347 1
410 0 FT933-16910 1
410 0 FT932-16523 1
410 0 FT931-14276 1
410 0 FBIS3-39341 1
410 0 FT924-1015 1
410 0 FBIS4-44277 1
410 0 FT922-751 1
410 0 FT941-13450 1
410 0 FT924-4549 1
410 0 FT932-17156 1
410 0 FT932-12074 1
410 0 FT924-5835 1
410 0 FT941-16995 1
410 0 FT934-6237 1
410 0 LA062090-0079 1
410 0 FT944-4056 1
410 0 FT924-6931 1
410 0 FT934-14160 1
410 0 FT924-3822 1
410 0 LA121589-0087 1
410 0 FT922-8566 1
410 0 FBIS3-59008 1
411 0 FT922-4205 1
411 0 LA111289-0106 1
411 0 LA101289-0146 1
411 0 LA120789-0097 0
411 0 FT932-4727 1
411 0 FT933-8545 1
411 0 LA053190-0084 1
411 0 FT944-6915 1
411 0 FT931-16470 0
411 0 LA030589-0073 1
411 0 LA081090-0071 1
411 0 LA100189-0095 1
411 0 LA092289-0001 0
411 0 FT931-15873 0
411 0 FT934-6249 0
411 0 LA051090-0143 1
411 0 LA050490-0070 0
411 0 LA052490-0022 0
411 0 LA061889-0115 1
411 0 FBIS3-61057 0
411 0 FT941-4422 0
411 0 FT941-2544 0
411 0 LA072790-0075 0
411 0 FR940511-0-00076 0
411 0 FR940511-0-00043 0
412 0 FR941206-1-00137 0
412 0 FT931-6812 1
412 0 FBIS4-21704 1
412 0 FT941-4175 1
412 0 LA031289-0199 1
412 0 FBIS4-19994 1
412 0 FBIS3-60767 1
412 0 FT943-5328 1
412 0 FBIS4-22140 1
412 0 LA021489-0026 1
412 0 FT922-7222 1
412 0 FBIS3-23020 1
412 0 FR941206-1-00136 0
412 0 LA021489-0071 1
412 0 LA123089-0060 1
412 0 FBIS3-23332 1
412 0 FR941206-1-00140 0
412 0 FBIS3-12680 1
412 0 FT941-4211 1
412 0 FR941206-1-00142 0
412 0 LA021790-0109 1
412 0 LA122989-0055 1
412 0 LA072590-0152 1
412 0 FT941-4019 1
412 0 FT941-4724 1
413 0 FBIS4-53871 1
413 0 FT933-19 0
413 0 FT933-15473 1
413 0 FT923-9006 1
413 0 FT923-9281 1
413 0 FT944-17588 1
413 0 FBIS4-20648 1
413 0 FBIS4-27797 1
413 0 FT922-11827 1
413 0 FT923-10837 1
413 0 FT933-1180 0
413 0 FT944-1455 1
413 0 FT932-13891 1
413 0 FBIS4-49420 0
413 0 FBIS4-53869 1
413 0 FT934-11976 1
413 0 FBIS3-29867 0
413 0 FT931-11598 0
413 0 FT944-10933 0
413 0 FT932-13620 1
413 0 FBIS3-46901 1
413 0 FT921-10554 1
413 0 FT942-2067 0
413 0 FBIS3-47269 0
413 0 FT931-7352 1
414 0 FT944-12369 1
414 0 FT921-9644 1
414 0 FT943-1006 0
414 0 FT944-11926 1
414 0 FT943-11487 0
414 0 FT944-12680 0
414 0 FT923-3729 0
414 0 FT922-12873 0
414 0 FBIS4-10373 1
414 0 FT932-6585 0
414 0 FT921-3603 0
414 0 FT921-8261 0
414 0 FT941-16799 0
414 0 LA040590-0222 0
414 0 FT934-5978 0
414 0 FT932-13478 1
414 0 FT942-16668 1
414 0 FBIS3-36211 1
414 0 FBIS4-10797 1
414 0 FT922-8462 1
414 0 FT924-5210 1
414 0 FT943-3008 0
414 0 FT923-1106 0
414 0 LA061890-0107 0
414 0 FBIS3-10477 0
415 0 FBIS3-60025 1
415 0 FBIS3-60083 1
415 0 FBIS4-26800 1
415 0 FBIS3-28711 1
415 0 FBIS3-41250 1
415 0 LA121690-0051 1
415 0 FT921-3261 1
415 0 FBIS3-48525 1
415 0 FBIS3-60189 1
415 0 FBIS4-26653 1
415 0 FBIS4-45563 1
415 0 FBIS4-26397 1
415 0 FBIS4-45564 1
415 0 FBIS3-2893 1
415 0 FBIS4-30503 1
415 0 FBIS4-66983 1
415 0 FBIS3-21943 1
415 0 FBIS4-52946 1
415 0 FBIS4-67209 1
415 0 FBIS4-28925 1
415 0 FBIS4-45458 1
415 0 FBIS3-4313 0
415 0 FBIS4-20988 0
415 0 FBIS3-48057 1
415 0 FBIS3-21886 0
416 0 FBIS4-66355 1
416 0 FBIS3-45088 0
416 0 FBIS3-45089 0
416 0 FBIS4-44586 1
416 0 FBIS4-44554 1
416 0 FBIS3-44551 1
416 0 FBIS3-46008 0
416 0 FBIS3-46276 1
416 0 FBIS3-25805 0
416 0 FBIS3-3551 0
416 0 FBIS4-50715 0
416 0 FBIS3-20616 1
416 0 FBIS3-3047 0
416 0 FBIS3-3711 0
416 0 FBIS3-46009 1
416 0 FBIS4-2026 1
416 0 FBIS3-45857 1
416 0 FBIS4-49091 1
416 0 FBIS4-49586 0
416 0 FBIS3-45205 0
416 0 FBIS3-44834 0
416 0 FBIS3-3877 1
416 0 FBIS3-45658 1
416 0 FBIS4-25820 0
416 0 FBIS3-59308 0
417 0 LA092989-0098 1
417 0 LA093089-0065 1
417 0 LA092989-0114 1
417 0 LA101489-0015 1
417 0 FT931-12874 1
417 0 LA100790-0251 1
417 0 LA112089-0015 1
417 0 FT933-15822 1
417 0 LA093090-0112 1
417 0 FBIS4-25449 0
417 0 LA061290-0132 0
417 0 FT944-4744 1
417 0 LA072990-0201 1
417 0 LA010990-0070 1
417 0 FT944-4861 1
417 0 FBIS4-29097 1
417 0 FBIS4-29117 1
417 0 LA091489-0178 1
417 0 LA061789-0140 1
417 0 LA060790-0212 0
417 0 LA082990-0115 0
417 0 LA061090-0142 1
417 0 LA010689-0154 1
417 0 FT933-2963 0
417 0 LA022189-0094 1
418 0 LA081189-0137 1
418 0 LA102189-0167 1
418 0 LA051889-0088 1
418 0 LA060890-0112 1
418 0 FT941-15243 1
418 0 LA102890-0220 1
418 0 LA100990-0120 0
418 0 LA072589-0049 0
418 0 LA021989-0211 1
418 0 LA062689-0078 0
418 0 LA091890-0165 0
418 0 LA032289-0006 1
418 0 LA060890-0107 1
418 0 LA120490-0091 0
418 0 FT932-11275 0
418 0 LA092590-0121 0
418 0 LA113090-0142 0
418 0 LA080990-0204 0
418 0 LA012690-0047 1
418 0 LA011190-0156 1
418 0 LA020589-0188 1
418 0 FT924-9142 1
418 0 FT922-1999 1
418 0 LA040989-0214 0
418 0 LA110589-0059 0
419 0 LA040190-0174 1
419 0 FBIS3-41645 0
419 0 FBIS4-67400 0
419 0 FBIS3-41503 0
419 0 FBIS3-21029 0
419 0 LA022190-0069 0
419 0 LA121389-0085 1
419 0 FBIS3-42464 1
419 0 FR940916-1-00052 0
419 0 LA051890-0007 0
419 0 LA031289-0038 0
419 0 LA041890-0125 0
419 0 FBIS4-44724 0
419 0 LA030190-0119 0
419 0 LA071389-0186 0
419 0 FR940830-2-00026 0
419 0 LA112590-0148 0
419 0 FT941-5694 1
419 0 FBIS4-66423 0
419 0 LA092489-0138 0
419 0 FBIS4-21486 0
419 0 FT932-7870 0
419 0 LA121089-0232 0
419 0 FR940425-1-00021 0
419 0 LA061490-0174 0
420 0 LA121590-0108 1
420 0 LA012489-0059 1
420 0 LA010489-0041 1
420 0 LA010389-0040 1
420 0 LA121289-0035 1
420 0 LA121890-0152 1
420 0 LA112990-0231 1
420 0 LA112789-0026 0
420 0 LA120789-0075 0
420 0 LA121590-0131 1
420 0 LA030389-0055 0
420 0 LA011989-0129 1
420 0 LA121690-0122 1
420 0 LA090290-0177 0
420 0 LA010390-0086 1
420 0 LA121990-0004 0
420 0 LA060989-0102 0
420 0 FR941110-1-00024 0
420 0 LA122189-0163 0
420 0 LA121389-0123 1
420 0 FR941110-1-00019 0
420 0 LA081690-0244 0
420 0 LA082590-0024 0
420 0 LA010589-0033 0
420 0 LA011690-0088 0
421 0 FBIS3-27134 0
421 0 FBIS3-22152 0
421 0 FT933-4383 0
421 0 FR941013-1-00064 0
421 0 FR941206-1-00134 0
421 0 FR941222-1-00024 0
421 0 FR940511-1-00080 1
421 0 FR941013-1-00077 0
421 0 FR940919-0-00054 0
421 0 FR940810-2-00043 0
421 0 FT943-9990 0
421 0 FT942-8483 0
421 0 FR940406-2-00181 0
421 0 FR941222-0-00091 0
421 0 FR940919-0-00053 0
421 0 FT934-17401 1
421 0 FT934-17408 1
421 0 FT941-6348 0
421 0 FT942-13005 0
421 0 FBIS4-53866 0
421 0 FT924-8553 0
421 0 FT932-245 0
421 0 FBIS4-67594 0
421 0 LA080189-0091 0
421 0 FT941-1999 0
422 0 LA032090-0091 1
422 0 FT923-1946 1
422 0 LA062890-0110 0
422 0 FT921-406 1
422 0 FT934-9676 1
422 0 LA051889-0110 1
422 0 LA081790-0069 1
422 0 LA032190-0154 1
422 0 LA110789-0019 1
422 0 LA091390-0023 1
422 0 LA062690-0167 1
422 0 LA010390-0051 1
422 0 LA121289-0148 1
422 0 FT934-11678 1
422 0 LA032990-0225 1
422 0 LA073089-0145 1
422 0 LA120189-0116 1
422 0 FT933-10293 0
422 0 LA040490-0103 1
422 0 LA041989-0007 1
422 0 FT911-5359 1
422 0 LA113089-0050 1
422 0 FT934-9905 1
422 0 FT943-7186 1
422 0 LA070690-0089 1
423 0 FT942-11666 1
423 0 FT933-2528 1
423 0 FT944-12689 1
423 0 FT942-13554 0
423 0 FT943-7734 1
423 0 FBIS4-30975 1
423 0 FT944-439 1
423 0 FBIS4-32072 1
423 0 FT933-2532 1
423 0 FBIS4-31557 1
423 0 FBIS4-32111 1
423 0 FBIS4-55851 1
423 0 FBIS4-32534 1
423 0 FBIS4-7539 0
423 0 FBIS4-8497 1
423 0 FBIS3-30431 1
423 0 FT932-13808 0
423 0 FT921-12219 0
423 0 FT932-5013 0
423 0 FBIS3-2 0
423 0 LA061290-0094 0
423 0 FBIS4-5 0
423 0 FT933-15656 0
423 0 FBIS4-8644 1
423 0 FT932-10528 0
424 0 LA121390-0235 1
424 0 LA061490-0082 0
424 0 LA121490-0059 1
424 0 LA121590-0063 1
424 0 LA061690-0004 0
424 0 LA012889-0122 1
424 0 LA090890-0037 1
424 0 FBIS3-24330 0
424 0 LA090990-0089 1
424 0 LA011889-0113 0
424 0 LA062190-0255 0
424 0 LA092290-0086 1
424 0 LA033189-0141 1
424 0 FT924-12871 1
424 0 LA032989-0117 1
424 0 LA060690-0053 1
424 0 LA120890-0014 1
424 0 LA080989-0007 1
424 0 LA012789-0022 1
424 0 FBIS3-10130 1
424 0 LA110589-0079 0
424 0 LA012989-0018 1
424 0 LA061690-0003 0
424 0 LA030890-0022 1
424 0 LA072689-0058 0
425 0 FBIS3-54773 1
425 0 FBIS4-46741 1
425 0 FBIS4-26260 1
425 0 LA091590-0091 1
425 0 FBIS4-47199 1
425 0 FBIS3-58171 1
425 0 FBIS3-10532 1
425 0 LA102189-0077 1
425 0 LA071389-0111 1
425 0 LA010390-0055 0
425 0 FBIS4-42384 1
425 0 FBIS4-46047 1
425 0 FBIS4-58263 1
425 0 LA022289-0114 1
425 0 LA101890-0111 1
425 0 LA022490-0076 1
425 0 FBIS4-19819 1
425 0 FT921-12539 1
425 0 FBIS4-10558 1
425 0 LA120489-0078 0
425 0 FBIS3-45903 1
425 0 FBIS4-21186 1
425 0 FBIS4-36719 1
425 0 FBIS4-68371 1
425 0 FBIS4-42716 1
426 0 LA030390-0076 1
426 0 LA031490-0004 1
426 0 LA112589-0119 1
426 0 LA012990-0011 0
426 0 LA041089-0080 0
426 0 LA072989-0111 1
426 0 LA072889-0063 1
426 0 LA111889-0138 0
426 0 LA091490-0077 0
426 0 LA011190-0201 1
426 0 LA011889-0022 0
426 0 LA051990-0141 0
426 0 LA082790-0084 0
426 0 LA070389-0049 0
426 0 LA020590-0050 0
426 0 FR940314-0-00003 0
426 0 LA100289-0057 0
426 0 LA022689-0068 0
426 0 LA042190-0066 1
426 0 LA031189-0043 1
426 0 LA031189-0002 1
426 0 FR940114-1-00046 0
426 0 LA070289-0082 0
426 0 LA062390-0121 0
426 0 LA092090-0167 0
427 0 LA082089-0008 1
427 0 FT923-10771 1
427 0 FT924-7120 1
427 0 FR941028-2-00201 0
427 0 FR940405-1-00137 0
427 0 FT922-7705 1
427 0 LA070389-0031 0
427 0 FR941028-2-00203 0
427 0 FR941028-2-00213 1
427 0 FT933-1362 1
427 0 FR940405-1-00143 0
427 0 FBIS3-22135 1
427 0 FR940405-1-00139 0
427 0 FR941028-2-00202 0
427 0 FBIS3-42547 0
427 0 FBIS4-46650 0
427 0 FT943-13952 1
427 0 LA061889-0019 0
427 0 FR940405-1-00140 0
427 0 LA052590-0118 0
427 0 FR940711-2-00169 0
427 0 FBIS3-22363 0
427 0 FBIS3-21049 0
427 0 LA021689-0113 1
427 0 FBIS4-45706 0
428 0 FBIS4-66212 0
428 0 FBIS4-47098 1
428 0 FBIS4-38757 0
428 0 FT943-9226 1
428 0 FBIS4-46813 0
428 0 FBIS3-25790 0
428 0 FBIS3-20434 0
428 0 FT943-11076 1
428 0 FBIS3-3671 0
428 0 FT943-5357 1
428 0 FBIS3-45925 0
428 0 FBIS4-62081 1
428 0 FBIS3-3812 0
428 0 LA030990-0060 0
428 0 FBIS3-59343 0
428 0 FT934-12742 1
428 0 FBIS3-4196 0
428 0 FBIS4-68624 1
428 0 FBIS3-44378 0
428 0 FBIS3-46698 1
428 0 FBIS3-61443 1
428 0 FBIS4-22416 1
428 0 FBIS4-3960 1
428 0 FT941-12411 1
428 0 LA070390-0073 0
429 0 FR940202-2-00139 0
429 0 FR940202-2-00107 0
429 0 FR940202-2-00140 0
429 0 FR940920-2-00083 1
429 0 LA110389-0072 1
429 0 LA010590-0062 1
429 0 FR940202-2-00119 0
429 0 FR940202-2-00108 0
429 0 FR940202-2-00109 1
429 0 FR940202-2-00098 0
429 0 FR940202-2-00099 0
429 0 LA052190-0047 0
429 0 FT932-10547 1
429 0 FBIS3-41744 1
429 0 FR940405-1-00041 0
429 0 FT943-1146 1
429 0 FR940202-2-00118 0
429 0 FR940202-2-00110 0
429 0 FR940202-2-00097 0
429 0 FR940202-2-00128 0
429 0 FR940202-2-00146 0
429 0 FR940405-1-00040 0
429 0 FR940405-1-00084 0
429 0 LA052190-0106 1
429 0 FR940202-2-00136 0
430 0 LA080389-0111 1
430 0 LA061589-0055 1
430 0 LA082889-0051 1
430 0 LA051089-0041 0
430 0 LA031389-0095 0
430 0 LA051089-0024 0
430 0 LA061689-0067 0
430 0 FT911-3300 0
430 0 LA020590-0004 0
430 0 LA060890-0001 0
430 0 LA060190-0066 0
430 0 LA073089-0143 1
430 0 FT911-4886 1
430 0 LA121690-0053 1
430 0 LA061789-0067 0
430 0 LA081690-0149 0
430 0 LA051589-0090 0
430 0 LA041590-0095 0
430 0 FT941-13574 0
430 0 LA091289-0127 0
430 0 FT944-3412 0
430 0 LA083090-0217 0
430 0 LA121590-0129 0
430 0 LA030990-0162 0
430 0 LA081890-0061 0
431 0 FBIS3-46247 1
431 0 FT922-4414 1
431 0 FT911-129 1
431 0 FT922-9444 1
431 0 LA030589-0277 1
431 0 FBIS4-44815 1
431 0 FBIS3-40520 1
431 0 FT932-769 1
431 0 FT923-4774 1
431 0 FT941-1242 1
431 0 FBIS4-44733 1
431 0 FT943-11018 0
431 0 FT911-135 1
431 0 FT931-2017 1
431 0 FBIS3-20967 1
431 0 FBIS3-20965 1
431 0 FT922-4578 0
431 0 FBIS4-44738 1
431 0 FT922-4461 0
431 0 FBIS3-40223 1
431 0 FT924-1130 0
431 0 FBIS3-1764 1
431 0 FBIS4-44650 1
431 0 FBIS4-44660 0
431 0 FT933-4691 0
432 0 LA071189-0069 0
432 0 FT942-6174 0
432 0 LA122989-0120 0
432 0 LA052089-0097 0
432 0 LA010189-0098 0
432 0 LA010290-0086 0
432 0 LA111289-0114 0
432 0 LA091090-0043 0
432 0 FBIS4-47675 0
432 0 LA110190-0154 0
432 0 LA122489-0116 0
432 0 FT922-4190 0
432 0 LA052490-0077 0
432 0 LA122489-0211 0
432 0 LA071089-0079 0
432 0 FR940930-0-00212 0
432 0 LA051289-0114 0
432 0 LA012289-0085 0
432 0 LA103090-0154 0
432 0 LA052689-0086 1
432 0 LA041689-0062 1
432 0 LA113089-0146 0
432 0 LA081190-0049 0
432 0 LA080790-0111 0
432 0 LA122890-0023 0
433 0 LA080690-0141 0
433 0 FT944-9935 0
433 0 FBIS4-8802 0
433 0 FT932-2172 0
433 0 FT941-4064 0
433 0 FT923-4572 0
433 0 FBIS4-19277 0
433 0 FBIS3-13963 1
433 0 LA031989-0196 0
433 0 FT924-9527 0
433 0 FT931-15365 1
433 0 FT944-17288 0
433 0 LA062589-0049 0
433 0 FBIS4-43852 0
433 0 LA021490-0060 0
433 0 LA111190-0086 0
433 0 FBIS4-65581 0
433 0 FBIS3-57884 0
433 0 FBIS4-44073 0
433 0 FT944-15045 0
433 0 FBIS3-57930 0
433 0 LA122590-0118 1
433 0 FT924-14023 1
433 0 FT943-2522 0
433 0 FT934-5755 0
434 0 FT943-14253 1
434 0 FBIS4-22418 1
434 0 FBIS4-63677 1
434 0 FBIS4-17272 1
434 0 FBIS3-42852 1
434 0 FT942-14647 1
434 0 FBIS3-54829 1
434 0 FBIS3-36117 0
434 0 FBIS4-38646 1
434 0 FBIS4-47093 1
434 0 FBIS4-22567 0
434 0 FBIS3-42632 1
434 0 FT943-539 1
434 0 FBIS4-38666 1
434 0 FBIS3-15427 1
434 0 FBIS3-61392 1
434 0 FT933-934 1
434 0 FT922-5369 1
434 0 FBIS4-61838 1
434 0 FBIS3-23777 1
434 0 FT942-2218 1
434 0 FT942-14638 1
434 0 FBIS3-17671 1
434 0 FBIS3-55353 0
434 0 FBIS3-55801 1
435 0 FT941-12411 1
435 0 FT931-892 1
435 0 FT943-5505 0
435 0 FT943-8138 0
435 0 FBIS3-27959 0
435 0 FT943-3422 0
435 0 FT943-8239 1
435 0 FT933-15872 0
435 0 FT931-1806 0
435 0 FT943-5797 1
435 0 FT943-6050 1
435 0 FT943-36 0
435 0 FBIS4-66172 1
435 0 FBIS3-59343 1
435 0 FBIS3-1933 1
435 0 FT922-10566 0
435 0 FBIS4-66698 1
435 0 FBIS4-3651 0
435 0 FBIS3-22387 0
435 0 FBIS4-31127 1
435 0 FT922-10401 0
435 0 FT922-7511 0
435 0 FT943-8324 1
435 0 LA010790-0036 0
435 0 FT943-4802 1
436 0 FT941-7101 1
436 0 FT941-7105 1
436 0 FBIS3-27285 0
436 0 FT931-15371 0
436 0 FT931-12899 1
436 0 FT944-5690 0
436 0 FT931-12906 0
436 0 FBIS3-11568 1
436 0 FT923-5087 1
436 0 LA030589-0194 1
436 0 FT941-11908 0
436 0 FT933-6495 0
436 0 FT944-10917 0
436 0 LA092790-0192 1
436 0 FT922-12193 1
436 0 FT931-14769 1
436 0 FT943-8887 1
436 0 FT924-4812 1
436 0 FT942-13580 0
436 0 FBIS4-68446 1
436 0 FBIS4-44525 0
436 0 FR940819-1-00049 0
436 0 FT944-3386 0
436 0 LA061189-0156 1
436 0 LA032289-0016 0
437 0 FT942-3871 0
437 0 LA122090-0114 0
437 0 FT942-10006 0
437 0 LA020890-0174 0
437 0 FT942-2256 0
437 0 FT943-13555 1
437 0 FT944-14915 0
437 0 FT944-6824 0
437 0 FT942-2267 0
437 0 FT943-9462 0
437 0 FT944-8180 0
437 0 FT944-14916 0
437 0 LA083090-0077 0
437 0 LA020190-0176 0
437 0 FT943-15441 0
437 0 FT943-4804 0
437 0 FT944-6736 1
437 0 FT944-17442 0
437 0 FT941-2928 1
437 0 FT941-873 0
437 0 FT933-6816 0
437 0 FT944-16524 0
437 0 FT943-8950 0
437 0 FT922-7319 0
437 0 FT944-6740 0
438 0 FBIS3-50740 1
438 0 FBIS4-56177 1
438 0 FT942-10654 1
438 0 FBIS4-51074 1
438 0 FT911-2446 1
438 0 FT943-44 1
438 0 FBIS4-66770 0
438 0 FBIS4-2294 1
438 0 FT922-769 0
438 0 FBIS3-21296 0
438 0 FT944-12438 1
438 0 LA073190-0122 0
438 0 FT944-7133 0
438 0 FT924-11275 0
438 0 FBIS3-51134 1
438 0 FBIS4-10429 1
438 0 FT924-9868 1
438 0 FBIS3-21405 0
438 0 FT921-15886 1
438 0 LA031590-0065 0
438 0 FBIS4-25414 0
438 0 FT934-3970 0
438 0 FBIS4-10983 1
438 0 FBIS3-50579 1
438 0 FT934-9708 1
439 0 FR940627-2-00078 0
439 0 FT923-7988 0
439 0 FT942-14635 1
439 0 LA100589-0058 0
439 0 FT931-1310 1
439 0 FT932-6180 0
439 0 FBIS4-49929 0
439 0 FBIS4-49855 0
439 0 FBIS4-28316 1
439 0 FR940627-2-00080 0
439 0 FT932-15955 0
439 0 FBIS4-49835 0
439 0 FBIS3-2362 0
439 0 FBIS3-23562 0
439 0 FBIS3-6487 0
439 0 LA112990-0139 0
439 0 FT934-7162 0
439 0 LA110790-0100 0
439 0 FR941006-0-00056 0
439 0 LA010990-0070 0
439 0 LA102089-0100 0
439 0 LA022389-0081 0
439 0 FBIS4-46660 0
439 0 FT942-11282 1
439 0 LA021390-0018 0
440 0 LA040590-0063 1
440 0 LA031690-0183 1
440 0 FR940513-1-00101 0
440 0 LA061290-0034 0
440 0 LA061290-0137 1
440 0 LA060689-0153 1
440 0 LA040390-0172 1
440 0 FR940513-1-00105 0
440 0 FR940513-1-00099 0
440 0 LA062190-0015 0
440 0 FBIS4-50830 1
440 0 LA022890-0075 0
440 0 FR940513-1-00110 0
440 0 FR940513-1-00106 0
440 0 FR940513-1-00102 0
440 0 LA022890-0105 0
440 0 LA121889-0008 0
440 0 LA021090-0137 1
440 0 LA032190-0066 0
440 0 FR940513-1-00100 0
440 0 LA112689-0137 1
440 0 LA112689-0194 1
440 0 LA121789-0089 0
440 0 FR940513-1-00113 0
440 0 FT942-3471 1
441 0 LA092090-0248 1
441 0 LA071989-0117 1
441 0 LA061389-0087 1
441 0 LA112690-0027 1
441 0 LA092690-0153 0
441 0 FBIS4-67664 1
441 0 LA073090-0058 0
441 0 LA081989-0064 1
441 0 FBIS4-45839 1
441 0 FR940802-1-00015 1
441 0 FR940802-1-00013 1
441 0 FBIS3-41801 0
441 0 LA112789-0001 0
441 0 FT933-7438 0
441 0 FT923-453 0
441 0 LA111390-0102 1
441 0 FBIS3-60487 1
441 0 FT921-2018 1
441 0 LA081989-0134 0
441 0 LA091890-0087 0
441 0 LA082189-0067 0
441 0 FBIS4-22994 0
441 0 LA121590-0028 0
441 0 LA070289-0123 0
441 0 LA091789-0058 0
442 0 LA071090-0093 1
442 0 FBIS3-1987 0
442 0 LA121090-0007 0
442 0 FBIS3-45043 0
442 0 LA042389-0096 1
442 0 FBIS4-13202 0
442 0 FBIS4-26760 0
442 0 FBIS4-59048 0
442 0 FBIS3-52276 0
442 0 FBIS3-60950 0
442 0 FBIS3-32664 0
442 0 FBIS4-12755 0
442 0 FBIS4-21970 0
442 0 FBIS3-53582 0
442 0 FBIS4-36655 0
442 0 FBIS4-36664 0
442 0 FBIS3-1953 1
442 0 FBIS4-53021 0
442 0 FBIS4-10896 0
442 0 FBIS4-2254 1
442 0 FBIS3-27579 1
442 0 FBIS3-54471 0
442 0 FBIS3-27408 0
442 0 FBIS4-30194 0
442 0 LA121789-0069 0
443 0 FT921-14694 0
443 0 FT933-858 0
443 0 FT944-17976 1
443 0 FT923-1945 0
443 0 FT933-1184 1
443 0 FT941-4190 1
443 0 FT933-5770 0
443 0 FT923-10905 0
443 0 FT933-11867 1
443 0 FT943-15483 0
443 0 FT933-5769 0
443 0 FT933-1187 1
443 0 FT941-1464 0
443 0 FT934-7734 0
443 0 FT933-673 0
443 0 FT933-5761 1
443 0 FT933-5763 1
443 0 FT944-17899 1
443 0 FT943-12701 1
443 0 FT933-5762 0
443 0 FBIS4-23299 0
443 0 FT932-12217 0
443 0 FT934-16727 0
443 0 FT944-12720 0
443 0 LA071790-0125 0
444 0 FBIS4-45803 1
444 0 FR940318-0-00173 1
444 0 FR940318-0-00170 1
444 0 FBIS4-44747 1
444 0 FT943-4354 1
444 0 FR940318-0-00213 1
444 0 FBIS4-66450 1
444 0 FT932-7115 1
444 0 FR940318-0-00172 1
444 0 FBIS4-44741 1
444 0 FBIS3-40501 0
444 0 FR940128-2-00102 1
444 0 FR940419-2-00036 0
444 0 FBIS4-44913 1
444 0 FBIS4-66416 0
444 0 FR940505-1-00069 0
444 0 FR940721-2-00028 1
444 0 LA100990-0024 0
444 0 FT923-3535 0
444 0 FBIS4-44730 1
444 0 FBIS3-42384 0
444 0 FR940405-1-00080 0
444 0 FR940405-1-00079 0
444 0 FR940607-0-00046 0
444 0 FR941107-2-00226 0
445 0 FT924-8156 1
445 0 FT934-408 1
445 0 FT924-9001 1
445 0 LA110789-0149 1
445 0 FT944-1870 1
445 0 FT944-2077 1
445 0 FT941-7858 1
445 0 FT921-7364 1
445 0 FT931-11616 1
445 0 FT942-2917 1
445 0 LA102790-0157 0
445 0 LA080390-0117 0
445 0 FT943-15291 1
445 0 FT943-5763 0
445 0 LA032589-0088 0
445 0 LA033190-0122 0
445 0 FT944-1894 0
445 0 FT944-2101 0
445 0 FT942-13049 0
445 0 LA062489-0099 0
445 0 FT933-14773 0
445 0 FT931-9901 1
445 0 LA012490-0018 0
445 0 FT943-5753 0
445 0 FT943-9241 1
446 0 FT943-11047 1
446 0 FT931-887 1
446 0 FT932-4527 1
446 0 FBIS3-12936 0
446 0 FT924-11275 1
446 0 FT931-4450 1
446 0 FT931-1884 0
446 0 FBIS4-10911 1
446 0 FBIS4-56591 1
446 0 FT924-8062 1
446 0 FBIS3-13076 1
446 0 FT933-15380 1
446 0 FT924-12197 1
446 0 FBIS3-23248 0
446 0 FT933-15385 1
446 0 FBIS4-25625 0
446 0 FT932-7061 0
446 0 FBIS3-42218 1
446 0 FT932-16493 1
446 0 FT941-5407 1
446 0 FT934-12157 1
446 0 FT934-12416 1
446 0 FT943-6049 1
446 0 FBIS4-59260 1
446 0 FBIS4-9716 1
447 0 FT923-9701 1
447 0 FBIS3-40450 1
447 0 FR940505-1-00225 1
447 0 FT922-578 0
447 0 FR940318-0-00157 1
447 0 FR940318-0-00154 1
447 0 FT922-334 0
447 0 FR940318-0-00152 1
447 0 LA060990-0066 0
447 0 FR940318-0-00156 1
447 0 FR940318-0-00151 1
447 0 FT934-172 0
447 0 FR940318-0-00149 1
447 0 FR940318-0-00147 1
447 0 FR940318-0-00208 1
447 0 LA110990-0020 0
447 0 FR940318-0-00153 1
447 0 LA092289-0054 0
447 0 LA122990-0083 0
447 0 LA012489-0022 0
447 0 FT943-11592 0
447 0 LA051389-0049 0
447 0 FR940318-0-00146 1
447 0 LA042389-0216 0
447 0 FR940318-0-00155 1
448 0 FT921-11935 1
448 0 FT934-1954 1
448 0 FT943-178 0
448 0 FT931-16636 1
448 0 FT943-316 0
448 0 FT943-536 0
448 0 FT942-9026 0
448 0 FBIS4-13392 0
448 0 FT924-12996 0
448 0 FT943-5644 0
448 0 FT934-1966 0
448 0 FT931-16009 0
448 0 FT943-4886 0
448 0 FT921-13882 0
448 0 FT942-8932 0
448 0 FT921-4195 0
448 0 FT943-8674 0
448 0 FBIS4-15452 0
448 0 FBIS3-34255 0
448 0 FT944-18938 1
448 0 FT944-2991 0
448 0 FR941221-1-00017 0
448 0 FT931-12892 0
448 0 FT943-312 0
448 0 FT943-1964 0
449 0 FT924-5307 1
449 0 LA052190-0106 0
449 0 FT922-12251 1
449 0 FT933-7438 1
449 0 FT944-18645 1
449 0 FT943-677 0
449 0 LA111090-0106 0
449 0 FT931-10954 0
449 0 FT942-8985 1
449 0 LA122890-0089 0
449 0 LA010790-0029 0
449 0 LA062490-0039 0
449 0 FT922-7537 1
449 0 FT944-3523 0
449 0 FT942-6645 0
449 0 FT933-5254 0
449 0 FT923-6764 0
449 0 FT943-7095 1
449 0 FT932-16160 0
449 0 LA092490-0069 0
449 0 LA070489-0051 0
449 0 FBIS4-23026 1
449 0 FBIS4-23031 0
449 0 FBIS4-23032 1
449 0 FBIS4-23025 0
450 0 FT941-12873 1
450 0 FT943-14084 1
450 0 FT943-12560 1
450 0 FT943-10634 1
450 0 FT933-5957 1
450 0 FT933-748 1
450 0 FT941-10100 1
450 0 FT941-13153 1
450 0 FT943-13871 1
450 0 FT924-8277 0
450 0 FT942-4289 1
450 0 FT944-15625 1
450 0 FT944-15512 1
450 0 FT933-3882 1
450 0 FT944-13606 1
450 0 FT943-12406 1
450 0 FT933-5518 1
450 0 FT921-3964 1
450 0 FT934-6691 1
450 0 FT924-7491 0
450 0 FT943-15923 1
450 0 FT944-13630 1
450 0 FT943-11046 1
450 0 FT943-15113 1
450 0 FT943-15934 1
