401 0 FT924-4470 1
401 0 FBIS4-55036 0
401 0 FBIS3-59436 0
401 0 FBIS3-39117 0
401 0 FBIS3-17077 0
401 0 FBIS4-55980 0
401 0 FT941-230 0
401 0 FBIS4-18659 0
401 0 FBIS4-30880 0
401 0 LA050789-0068 1
401 0 FT941-1648 0
401 0 FBIS3-18833 0
401 0 FT941-3931 0
401 0 FBIS3-19212 0
401 0 FT941-5827 0
401 0 FBIS4-18223 0
401 0 FBIS3-31659 0
401 0 FT941-4767 0
401 0 FBIS3-19302 0
401 0 FT941-4640 0
401 0 FBIS3-19290 0
401 0 FBIS3-18916 0
401 0 FT933-3792 0
401 0 FT942-17612 0
401 0 FBIS4-65928 0
401 0 FBIS3-19702 0
401 0 FBIS4-9504 0
401 0 FT942-16369 0
401 0 FBIS4-31704 0
401 0 FT944-7882 0
401 0 FBIS3-20335 0
401 0 FT944-4307 0
401 0 FBIS4-55313 0
401 0 LA110690-0075 0
401 0 FBIS3-19645 0
401 0 FBIS4-64261 0
401 0 FBIS3-31426 0
401 0 FT944-6406 0
401 0 FT941-1403 0
401 0 FBIS3-30898 0
401 0 FBIS4-43047 0
401 0 FBIS3-19831 0
401 0 FT943-14889 0
401 0 FT942-15368 0
401 0 FBIS4-43851 0
401 0 FT911-1796 0
401 0 FBIS4-19303 0
401 0 FBIS3-39115 0
401 0 FBIS3-19951 0
401 0 FBIS4-54799 0
402 0 LA101290-0115 1
402 0 LA101690-0121 1
402 0 FBIS3-42996 0
402 0 FBIS3-43034 0
402 0 FR941206-1-00134 0
402 0 FR940104-0-00034 0
402 0 FBIS3-23 0
402 0 FBIS4-23131 0
402 0 FBIS3-29 0
402 0 FT921-14452 0
402 0 FBIS3-58407 0
402 0 FBIS3-42985 0
402 0 FT941-10022 0
402 0 FBIS4-47629 0
402 0 FBIS3-22133 0
402 0 FT922-4560 0
402 0 FT944-16464 0
402 0 FBIS3-60501 0
402 0 FBIS4-66185 0
402 0 FT921-5309 0
402 0 FBIS3-40635 0
402 0 FBIS4-55668 0
402 0 FT933-6719 1
402 0 FBIS3-12056 0
402 0 FBIS3-43023 0
402 0 FBIS4-44913 0
402 0 FR941230-0-00119 0
402 0 FBIS4-46649 0
402 0 FBIS3-43186 0
402 0 FBIS3-43132 0
402 0 FR941202-2-00139 0
402 0 FBIS3-41666 0
402 0 FR941117-2-00158 0
402 0 FBIS3-42400 0
402 0 FBIS3-40497 0
402 0 FBIS3-24619 0
402 0 FR940812-2-00229 0
402 0 FT922-7694 0
402 0 FT922-7914 0
402 0 FBIS3-21193 0
402 0 FBIS3-26006 0
402 0 FBIS3-42393 0
402 0 FBIS4-22152 0
402 0 FBIS4-44912 0
402 0 FR940127-2-00018 0
402 0 FR940413-2-00079 0
402 0 FR940920-1-00116 0
402 0 FR941019-2-00006 0
402 0 FR941221-2-00021 0
402 0 FT923-4963 0
403 0 FR940525-1-00062 1
403 0 FR940603-2-00065 1
403 0 LA071290-0133 1
403 0 FR940104-0-00034 0
403 0 FR940104-0-00032 0
403 0 FBIS4-20472 0
403 0 FBIS3-60342 0
403 0 FR941206-1-00134 0
403 0 FBIS4-46649 0
403 0 FBIS4-66382 0
403 0 FBIS3-41666 0
403 0 FBIS3-24469 0
403 0 FBIS4-20504 0
403 0 FBIS3-60336 0
403 0 FR940902-1-00048 0
403 0 FBIS3-40450 0
403 0 FBIS4-68893 0
403 0 FR941130-0-00122 0
403 0 FBIS4-46469 0
403 0 FBIS3-42400 0
403 0 FR940725-2-00141 0
403 0 FBIS4-67533 0
403 0 FR940817-2-00213 0
403 0 FR940602-1-00023 0
403 0 FR940803-2-00061 0
403 0 FR940112-1-00044 0
403 0 FR940831-2-00107 0
403 0 FBIS3-42399 0
403 0 FR940105-2-00109 0
403 0 FR940302-2-00082 0
403 0 FR940119-2-00067 0
403 0 FR940413-2-00130 0
403 0 FR940216-2-00036 0
403 0 FR941221-2-00104 0
403 0 FR941026-2-00082 0
403 0 FR941012-2-00106 0
403 0 FR940622-2-00075 0
403 0 FR941019-0-00079 0
403 0 FBIS4-25261 0
403 0 FBIS3-23561 0
403 0 FR940202-2-00072 0
403 0 FR940203-0-00084 0
403 0 FBIS4-44913 0
403 0 FBIS3-37947 0
403 0 FR941107-0-00034 0
403 0 FR940406-0-00190 0
403 0 FBIS4-68220 0
403 0 FR940104-0-00033 0
403 0 FR941207-2-00068 0
403 0 FR940706-2-00126 0
404 0 FT934-11680 1
404 0 FT942-16203 0
404 0 FT944-18148 1
404 0 FBIS4-66076 1
404 0 FBIS4-65646 0
404 0 FT943-4800 0
404 0 FT934-3388 0
404 0 FBIS4-914 0
404 0 FBIS3-208 0
404 0 FBIS3-1332 0
404 0 FBIS3-25124 0
404 0 FBIS4-67877 0
404 0 FBIS3-1296 0
404 0 FBIS3-50526 0
404 0 FT924-1173 0
404 0 FT943-4437 0
404 0 FT942-14349 0
404 0 LA051790-0227 0
404 0 FBIS3-1048 0
404 0 FBIS4-64062 0
404 0 FT942-16454 1
404 0 FBIS4-59197 0
404 0 FBIS4-14074 0
404 0 FBIS3-8770 0
404 0 LA021090-0026 0
404 0 FBIS4-30147 0
404 0 FBIS3-54575 0
404 0 FBIS3-12798 0
404 0 FBIS3-302 0
404 0 FT943-261 0
404 0 FBIS4-4440 0
404 0 FBIS3-13589 0
404 0 FBIS3-2269 0
404 0 FBIS3-53510 0
404 0 FBIS3-15723 0
404 0 FBIS3-3146 0
404 0 FBIS3-1771 0
404 0 FBIS3-15724 0
404 0 FBIS3-8612 0
404 0 FBIS3-13442 0
404 0 FBIS3-10109 0
404 0 FBIS3-32155 0
404 0 FBIS3-13213 0
404 0 FBIS3-11594 0
404 0 FBIS3-35370 0
404 0 FBIS3-49035 0
404 0 FBIS3-19054 0
404 0 FBIS3-43374 0
404 0 FBIS3-44852 0
404 0 FBIS3-43846 0
405 0 FT922-11472 1
405 0 FT944-864 0
405 0 FT943-10128 1
405 0 LA020190-0053 1
405 0 FBIS3-20797 0
405 0 FR940831-2-00107 0
405 0 FR940216-2-00036 0
405 0 FR940803-2-00061 0
405 0 FR940817-2-00213 0
405 0 FR941012-2-00106 0
405 0 FR941207-2-00068 0
405 0 FR940413-2-00130 0
405 0 FR940622-2-00075 0
405 0 FR940105-2-00109 0
405 0 FR940822-0-00067 0
405 0 FR940119-2-00067 0
405 0 FR941026-2-00082 0
405 0 FBIS4-46469 0
405 0 FR940126-2-00009 0
405 0 FR941202-2-00139 0
405 0 FR941230-0-00119 0
405 0 FBIS3-42400 0
405 0 FR941230-0-00120 0
405 0 FR940224-2-00034 0
405 0 FR941230-0-00123 0
405 0 FBIS3-23561 0
405 0 FR941117-2-00158 0
405 0 FR941027-1-00030 0
405 0 FR940920-1-00116 0
405 0 FBIS4-56568 0
405 0 FR941221-2-00104 0
405 0 FR941219-2-00180 0
405 0 FR940526-2-00118 0
405 0 FBIS3-61266 0
405 0 FR940831-2-00165 0
405 0 FBIS4-22976 0
405 0 FBIS4-66312 0
405 0 FR940406-0-00190 0
405 0 FR940425-1-00003 0
405 0 FBIS3-54931 0
405 0 FBIS3-13680 0
405 0 FR940202-2-00072 0
405 0 FBIS3-37947 0
405 0 FBIS4-66185 0
405 0 FR940302-2-00082 0
405 0 FBIS3-67 0
405 0 LA100790-0132 0
405 0 FR940413-2-00079 0
405 0 FR941005-2-00041 0
405 0 FBIS4-66382 0
406 0 LA080489-0045 1
406 0 LA051790-0095 1
406 0 FBIS3-61574 0
406 0 FR940719-2-00089 0
406 0 LA010190-0081 0
406 0 LA010190-0021 0
406 0 LA010390-0133 0
406 0 LA010189-0044 0
406 0 LA010189-0087 0
406 0 LA010189-0058 0
406 0 FR940817-2-00221 0
406 0 LA010189-0071 0
406 0 LA111290-0010 0
406 0 FR940414-2-00052 1
406 0 LA010190-0023 0
406 0 FR940126-2-00108 0
406 0 LA010189-0001 0
406 0 LA010190-0022 0
406 0 LA072690-0178 0
406 0 FR940126-2-00100 0
406 0 FBIS3-22658 0
406 0 LA010189-0002 0
406 0 LA010390-0081 0
406 0 LA010189-0004 0
406 0 LA010189-0003 0
406 0 LA010189-0009 0
406 0 LA010189-0032 0
406 0 LA010189-0048 0
406 0 LA010189-0052 0
406 0 LA010189-0040 0
406 0 LA010189-0046 0
406 0 LA010189-0079 0
406 0 LA010189-0038 0
406 0 LA010189-0064 0
406 0 LA010189-0047 0
406 0 LA010189-0097 0
406 0 LA010189-0029 0
406 0 LA010189-0067 0
406 0 LA010189-0010 0
406 0 LA010189-0023 0
406 0 LA010189-0039 0
406 0 LA010189-0051 0
406 0 LA010189-0059 0
406 0 LA010189-0065 0
406 0 LA010189-0073 0
406 0 LA010189-0080 0
406 0 LA010189-0088 0
406 0 LA010189-0098 0
406 0 LA010189-0041 0
406 0 LA010189-0093 0
407 0 LA050889-0063 1
407 0 FT941-15416 1
407 0 FBIS3-60340 1
407 0 FR941026-2-00037 0
407 0 FBIS3-4051 0
407 0 FR941227-1-00039 0
407 0 FR940513-2-00119 0
407 0 FR940613-2-00006 0
407 0 FR940328-1-00049 0
407 0 FR941213-2-00047 0
407 0 FR940513-2-00135 0
407 0 FR941104-1-00055 0
407 0 FR941104-1-00045 1
407 0 FR940124-0-00018 0
407 0 FR940328-1-00056 0
407 0 FT934-17003 0
407 0 FBIS4-21346 0
407 0 FR940804-1-00051 0
407 0 FBIS3-43569 0
407 0 FR940804-1-00021 0
407 0 LA010889-0164 0
407 0 FR940804-1-00043 0
407 0 LA061589-0085 0
407 0 FT934-17004 0
407 0 LA082390-0002 0
407 0 LA050490-0103 0
407 0 LA122390-0061 0
407 0 FT941-1761 0
407 0 FR941216-2-00102 0
407 0 FR940124-0-00020 0
407 0 FR940202-0-00116 0
407 0 FR941122-0-00050 0
407 0 FR940926-0-00060 0
407 0 FR940418-1-00037 0
407 0 FR941122-0-00071 0
407 0 FR940721-2-00079 0
407 0 FR940804-1-00035 0
407 0 FR941207-1-00023 0
407 0 FR940202-0-00117 0
407 0 LA030390-0100 0
407 0 FT941-1511 0
407 0 LA021890-0043 0
407 0 LA060790-0053 0
407 0 FBIS3-25968 0
407 0 LA062290-0170 0
407 0 FR940204-1-00072 0
407 0 FR940404-1-00049 0
407 0 FR941116-2-00007 0
407 0 FR940203-0-00097 0
407 0 LA071989-0024 1
408 0 LA101490-0142 1
408 0 LA120389-0130 1
408 0 FT923-6038 1
408 0 LA092789-0093 1
408 0 LA101489-0074 0
408 0 FBIS4-68333 0
408 0 FBIS4-59076 0
408 0 FR940523-0-00055 0
408 0 FT922-14245 0
408 0 FT931-8471 0
408 0 FT931-16377 0
408 0 LA072990-0060 0
408 0 LA112190-0043 0
408 0 FBIS3-2971 0
408 0 FBIS3-3258 0
408 0 FBIS3-3956 0
408 0 FBIS3-12406 0
408 0 FBIS3-13375 0
408 0 FBIS3-14093 0
408 0 FBIS3-14213 0
408 0 FBIS3-18441 0
408 0 FBIS3-20440 0
408 0 FBIS3-21865 0
408 0 FBIS3-23379 0
408 0 FBIS3-25684 0
408 0 FBIS3-27826 0
408 0 FBIS3-34011 0
408 0 FBIS3-39682 0
408 0 FBIS3-42550 0
408 0 FBIS3-44112 0
408 0 FBIS3-50466 0
408 0 FBIS3-54519 0
408 0 FBIS3-55495 0
408 0 FBIS3-57400 0
408 0 FBIS4-7731 0
408 0 FBIS4-11950 0
408 0 FBIS4-12854 0
408 0 FBIS4-22178 0
408 0 FBIS4-22745 0
408 0 FBIS4-23272 0
408 0 FBIS4-23767 0
408 0 FBIS4-29778 0
408 0 FBIS4-31132 0
408 0 FBIS4-37779 0
408 0 FBIS4-38023 0
408 0 FBIS4-42139 0
408 0 FBIS4-42234 0
408 0 FBIS4-43834 0
408 0 FBIS4-53248 0
408 0 FBIS4-58293 0
409 0 FT923-13692 1
409 0 FT923-13817 1
409 0 LA051990-0107 0
409 0 FBIS4-68893 0
409 0 FR940104-0-00034 0
409 0 FR940406-0-00190 0
409 0 FBIS3-54461 0
409 0 FBIS3-14832 0
409 0 FR941206-1-00134 0
409 0 FR941021-0-00072 0
409 0 FR940728-1-00021 0
409 0 FBIS4-46469 0
409 0 FBIS3-20796 0
409 0 FBIS4-29 0
409 0 FBIS3-54460 0
409 0 FBIS3-37947 0
409 0 FBIS3-61301 0
409 0 FT931-3052 0
409 0 FBIS4-57286 0
409 0 FBIS3-46142 0
409 0 FR940817-2-00213 0
409 0 FR940725-2-00141 0
409 0 FBIS3-61335 0
409 0 FR940803-2-00061 0
409 0 FBIS4-1843 0
409 0 FR940622-2-00075 0
409 0 FR940902-1-00048 0
409 0 FR940825-1-00028 0
409 0 FR941107-0-00034 0
409 0 FBIS4-68275 0
409 0 FBIS4-20504 0
409 0 FR940413-2-00130 0
409 0 FBIS3-42726 0
409 0 FBIS3-24469 0
409 0 FR940119-2-00067 0
409 0 FR940105-2-00109 0
409 0 FBIS3-61336 0
409 0 FR940804-1-00057 0
409 0 FBIS3-36078 0
409 0 FR941012-2-00106 0
409 0 FBIS4-66382 0
409 0 FBIS4-23112 0
409 0 FBIS3-43214 0
409 0 FBIS4-46649 0
409 0 FR940314-1-00041 0
409 0 FBIS3-42811 0
409 0 FBIS3-61562 0
409 0 FBIS4-19 0
409 0 FR940621-0-00031 0
409 0 LA123089-0085 0
410 0 FBIS3-59001 1
410 0 FT933-16910 1
410 0 FBIS3-39341 1
410 0 FBIS3-23561 0
410 0 FBIS3-67 0
410 0 FBIS4-59237 0
410 0 FBIS4-68772 0
410 0 FBIS3-49035 0
410 0 FBIS4-66185 0
410 0 FBIS4-47118 0
410 0 FBIS4-44355 0
410 0 FR940906-2-00135 0
410 0 FR941021-0-00115 0
410 0 FBIS4-19562 0
410 0 FBIS4-66562 0
410 0 FR940712-2-00043 0
410 0 FR941103-2-00057 0
410 0 FR940922-2-00103 0
410 0 FBIS3-43220 0
410 0 FBIS4-16582 0
410 0 FBIS4-68880 0
410 0 FBIS4-54027 0
410 0 FBIS3-42766 0
410 0 FBIS3-43196 0
410 0 FBIS3-43142 0
410 0 FR941202-2-00139 0
410 0 FR940505-2-00011 0
410 0 FR940721-2-00039 0
410 0 FR941130-2-00055 0
410 0 FBIS3-23914 0
410 0 FBIS3-3836 0
410 0 FR940711-2-00038 0
410 0 FBIS3-59423 0
410 0 FT922-10602 0
410 0 FT924-12302 0
410 0 FBIS3-9862 0
410 0 FBIS3-46 0
410 0 FBIS4-46764 0
410 0 FR941116-0-00097 0
410 0 FBIS3-60342 0
410 0 FBIS3-7490 0
410 0 FR940711-2-00037 0
410 0 FT934-14176 0
410 0 FBIS3-10317 0
410 0 FBIS3-54575 0
410 0 FR940721-0-00012 0
410 0 LA022190-0117 0
410 0 LA092089-0011 0
410 0 FR941212-0-00038 0
410 0 FBIS4-66382 0
411 0 FT922-4205 1
411 0 LA111289-0106 1
411 0 FT932-4727 1
411 0 LA122790-0184 0
411 0 LA101389-0001 0
411 0 FR940318-2-00227 0
411 0 FBIS3-457 0
411 0 FR940511-0-00043 0
411 0 FR941202-2-00139 0
411 0 FBIS4-66185 0
411 0 FR941117-2-00158 0
411 0 FR940812-2-00229 0
411 0 FBIS3-29346 0
411 0 FBIS3-43186 0
411 0 FBIS3-43132 0
411 0 FT943-98 0
411 0 FBIS3-60782 0
411 0 FBIS4-66382 0
411 0 FT924-13489 0
411 0 FBIS3-24469 0
411 0 FBIS4-26961 0
411 0 FBIS4-46649 0
411 0 FBIS3-42400 0
411 0 FBIS4-44913 0
411 0 FBIS4-22152 0
411 0 FBIS3-26006 0
411 0 FR940217-1-00141 0
411 0 FT922-7694 0
411 0 FT922-7914 0
411 0 FBIS3-21193 0
411 0 FBIS3-24619 0
411 0 FBIS3-40497 0
411 0 FBIS3-42393 0
411 0 FBIS4-44912 0
411 0 FR940127-2-00018 0
411 0 FR940413-2-00079 0
411 0 FR940920-1-00116 0
411 0 FR941019-2-00006 0
411 0 FR941221-2-00021 0
411 0 FT923-4963 0
411 0 FT934-11565 0
411 0 FT934-11785 0
411 0 FT934-3479 0
411 0 FT934-3699 0
411 0 FT942-17238 0
411 0 FR941021-0-00182 0
411 0 FT933-10902 0
411 0 LA100890-0114 0
411 0 LA122790-0076 0
411 0 FR940819-2-00079 0
412 0 FR941206-1-00137 0
412 0 FT931-6812 1
412 0 FT941-4175 1
412 0 FBIS4-21704 1
412 0 FR941206-1-00140 0
412 0 FBIS4-46680 0
412 0 FBIS3-61336 0
412 0 FBIS4-46649 0
412 0 FBIS3-61335 0
412 0 FR941202-2-00139 0
412 0 FBIS3-24679 0
412 0 FBIS3-6884 0
412 0 FBIS3-2516 0
412 0 FBIS3-23 0
412 0 FR940825-1-00144 0
412 0 FR940825-1-00149 0
412 0 FR941230-0-00120 0
412 0 FBIS4-2734 0
412 0 FR940602-1-00023 0
412 0 FBIS4-49021 0
412 0 FT931-3052 0
412 0 FBIS3-5103 0
412 0 FBIS3-23561 0
412 0 FBIS4-27085 0
412 0 FBIS4-1843 0
412 0 FBIS3-1876 0
412 0 FBIS4-50083 0
412 0 FBIS4-2439 0
412 0 FBIS4-1796 0
412 0 FBIS4-19 0
412 0 FR941230-0-00123 0
412 0 FBIS4-68893 0
412 0 FBIS4-66185 0
412 0 FR941206-1-00134 0
412 0 FBIS3-37947 0
412 0 FBIS4-46469 0
412 0 FBIS4-46730 0
412 0 FBIS3-3190 0
412 0 FBIS3-43160 0
412 0 FR940902-1-00048 0
412 0 FBIS3-67 0
412 0 FR940817-2-00213 0
412 0 FBIS3-43214 0
412 0 FBIS3-29 0
412 0 FBIS3-20796 0
412 0 FR940216-2-00036 0
412 0 FBIS3-43132 0
412 0 FBIS4-47613 0
412 0 FBIS4-46766 0
412 0 FBIS4-67533 0
413 0 FBIS4-53871 1
413 0 FT923-9006 1
413 0 FT933-1180 0
413 0 FBIS3-27105 0
413 0 FT944-10933 0
413 0 FBIS4-42 1
413 0 FT931-8749 0
413 0 FBIS4-21505 0
413 0 FBIS4-1564 0
413 0 FBIS3-1675 0
413 0 FBIS3-1964 0
413 0 FBIS3-43085 0
413 0 FBIS3-2638 0
413 0 FBIS4-20302 0
413 0 FBIS3-10450 0
413 0 FR940304-2-00093 0
413 0 FBIS3-22263 0
413 0 FBIS3-22335 0
413 0 FBIS3-59308 0
413 0 FT942-11698 0
413 0 FBIS3-22699 0
413 0 FBIS4-46681 0
413 0 FBIS3-22924 0
413 0 FBIS4-32266 0
413 0 FBIS3-27020 0
413 0 FBIS3-27583 0
413 0 FT941-17530 0
413 0 FBIS3-59357 0
413 0 FBIS3-29448 0
413 0 FBIS3-60343 0
413 0 FBIS3-29824 0
413 0 FT934-4388 0
413 0 FBIS3-31719 0
413 0 FT944-11666 0
413 0 FBIS3-33912 0
413 0 FBIS4-1664 0
413 0 FBIS3-41126 0
413 0 FBIS3-41725 0
413 0 FR940705-2-00074 0
413 0 FBIS4-66298 0
413 0 FBIS3-44973 0
413 0 FBIS4-60253 0
413 0 FBIS3-54961 0
413 0 FBIS4-28315 0
413 0 FBIS3-56710 0
413 0 FBIS3-42971 0
413 0 FBIS3-56773 0
413 0 FBIS3-1850 0
413 0 FBIS3-60427 0
413 0 FBIS3-44990 0
414 0 FT944-12369 1
414 0 FT921-9644 1
414 0 FT943-1006 0
414 0 FR941117-2-00158 0
414 0 FBIS3-1790 0
414 0 FBIS3-27933 0
414 0 FR941019-0-00079 0
414 0 FBIS4-68893 0
414 0 FR940616-1-00017 0
414 0 FBIS3-26849 0
414 0 FR941206-1-00134 0
414 0 FBIS4-25602 0
414 0 FBIS4-68784 0
414 0 FBIS3-67 0
414 0 FBIS3-207 0
414 0 FBIS4-23114 0
414 0 FBIS4-12734 0
414 0 FBIS4-11284 0
414 0 FBIS3-23778 0
414 0 LA050690-0129 1
414 0 FBIS3-59279 0
414 0 FR940811-0-00009 0
414 0 FBIS4-67765 0
414 0 FR941102-2-00044 0
414 0 FT911-4670 0
414 0 FBIS3-3526 0
414 0 FT932-9441 0
414 0 FBIS4-68776 0
414 0 FT932-9444 0
414 0 FT932-10147 0
414 0 LA071989-0127 0
414 0 FT942-498 0
414 0 FBIS4-10797 1
414 0 FBIS3-11898 0
414 0 FBIS4-20342 0
414 0 FBIS3-24604 0
414 0 FT932-14164 0
414 0 FBIS3-60053 0
414 0 LA071290-0161 0
414 0 FBIS4-65123 0
414 0 FT923-8088 0
414 0 FR940325-0-00004 0
414 0 FT943-32 0
414 0 FBIS4-29783 0
414 0 FR940524-1-00002 0
414 0 FT923-9446 0
414 0 FBIS4-66661 0
414 0 FT932-4135 0
414 0 FR940921-2-00028 0
414 0 FT943-9357 0
415 0 FBIS3-60025 1
415 0 FBIS3-28711 1
415 0 FBIS3-41250 1
415 0 FBIS4-26800 1
415 0 FBIS3-41211 1
415 0 FBIS3-6783 0
415 0 FR941107-2-00100 0
415 0 FT923-11217 0
415 0 FT932-5872 0
415 0 FT941-15749 0
415 0 LA042790-0115 0
415 0 LA061790-0061 0
415 0 LA062189-0031 0
415 0 LA111589-0079 0
415 0 FBIS3-1004 0
415 0 FBIS3-1190 0
415 0 FBIS3-3617 0
415 0 FBIS3-9903 0
415 0 FBIS3-13304 0
415 0 FBIS3-14159 0
415 0 FBIS3-17626 0
415 0 FBIS3-19211 0
415 0 FBIS3-36381 0
415 0 FBIS3-48646 0
415 0 FBIS3-54036 0
415 0 FBIS3-56744 0
415 0 FBIS3-59879 0
415 0 FBIS4-3997 0
415 0 FBIS4-10594 0
415 0 FBIS4-18252 0
415 0 FBIS4-19980 0
415 0 FBIS4-20392 0
415 0 FBIS4-20599 0
415 0 FBIS4-22277 0
415 0 FBIS4-35760 0
415 0 FBIS4-36956 0
415 0 FBIS4-38622 0
415 0 FBIS4-44251 0
415 0 FBIS4-46615 0
415 0 FBIS4-47496 0
415 0 FBIS4-47767 0
415 0 FBIS4-48086 0
415 0 FBIS4-59659 0
415 0 FBIS4-64142 0
415 0 FBIS4-64421 0
415 0 FBIS4-65852 0
415 0 FR940110-2-00062 0
415 0 FR940111-0-00047 0
415 0 FR940111-2-00063 0
415 0 FR940111-2-00065 0
416 0 FBIS4-66355 1
416 0 FBIS3-46008 0
416 0 FBIS3-44551 1
416 0 FBIS3-2047 0
416 0 FBIS4-66185 1
416 0 FBIS3-11 0
416 0 FBIS3-1580 0
416 0 FBIS3-14336 0
416 0 FBIS3-29918 0
416 0 FBIS3-41570 0
416 0 FBIS3-3555 0
416 0 FBIS3-2345 0
416 0 FBIS3-2735 0
416 0 FBIS3-3497 0
416 0 FBIS3-8050 0
416 0 FBIS4-26603 0
416 0 FBIS3-5296 0
416 0 FBIS3-6788 0
416 0 FBIS4-51169 0
416 0 FBIS3-18443 0
416 0 FBIS3-20300 0
416 0 FBIS3-20614 0
416 0 FBIS3-3047 0
416 0 LA101490-0082 0
416 0 FBIS3-20973 0
416 0 FBIS3-21185 0
416 0 FBIS3-22400 0
416 0 FBIS3-27614 0
416 0 FBIS3-27894 0
416 0 FBIS3-3711 0
416 0 FR940413-2-00078 0
416 0 FBIS3-29339 0
416 0 FBIS3-40231 0
416 0 FBIS4-1843 0
416 0 FBIS3-3722 0
416 0 LA112590-0107 0
416 0 FBIS3-43457 0
416 0 FBIS3-30 0
416 0 FBIS4-1561 1
416 0 FBIS3-76 0
416 0 FBIS3-8352 0
416 0 FBIS3-48741 0
416 0 FBIS3-48844 0
416 0 FBIS3-2092 0
416 0 FBIS3-9874 0
416 0 FBIS3-12771 0
416 0 FBIS3-2102 0
416 0 FBIS3-2324 0
416 0 FBIS3-21351 0
416 0 FBIS3-181 0
417 0 LA092989-0098 1
417 0 LA093089-0065 1
417 0 FBIS4-10836 0
417 0 FR940407-2-00155 0
417 0 FBIS4-22232 0
417 0 FBIS3-20330 0
417 0 FBIS4-57538 0
417 0 FBIS4-30972 0
417 0 FBIS4-31787 0
417 0 FBIS3-32874 0
417 0 FBIS3-11245 0
417 0 FBIS3-20707 0
417 0 FBIS4-67581 0
417 0 FBIS3-24125 0
417 0 FBIS3-46614 0
417 0 FBIS3-32536 0
417 0 FBIS3-24679 0
417 0 FBIS3-48422 0
417 0 FBIS4-68753 0
417 0 FBIS4-47233 0
417 0 FBIS4-57640 0
417 0 FBIS3-18155 0
417 0 FBIS4-68582 0
417 0 FBIS3-42845 0
417 0 FBIS3-26060 0
417 0 FT942-4868 0
417 0 FBIS3-10875 0
417 0 FBIS4-33740 0
417 0 FBIS4-53433 0
417 0 FBIS4-44517 0
417 0 FBIS4-22537 0
417 0 FBIS4-42729 0
417 0 FBIS3-47129 0
417 0 FBIS4-47147 0
417 0 FBIS4-35086 0
417 0 FBIS3-50135 0
417 0 FBIS3-44527 0
417 0 FBIS3-40827 0
417 0 FBIS4-44 0
417 0 FBIS3-29180 0
417 0 FBIS3-33220 0
417 0 FBIS4-2042 0
417 0 FBIS3-39751 0
417 0 FBIS4-46687 0
417 0 FBIS3-10362 0
417 0 FBIS3-42816 0
417 0 FBIS4-57311 0
417 0 FBIS3-1246 0
417 0 FBIS4-31932 0
417 0 FBIS4-68494 0
418 0 LA102189-0167 1
418 0 LA051889-0088 1
418 0 LA081189-0137 1
418 0 FR941230-0-00123 0
418 0 FR940325-0-00017 0
418 0 FR941230-0-00120 0
418 0 FR941230-0-00119 0
418 0 FBIS3-52893 0
418 0 FBIS3-265 0
418 0 FT924-5023 0
418 0 FBIS3-2269 0
418 0 FBIS3-2955 0
418 0 FBIS3-3778 0
418 0 FBIS3-4139 0
418 0 FT923-8009 0
418 0 FR940610-1-00037 0
418 0 FBIS3-6967 0
418 0 FBIS3-10385 0
418 0 FBIS3-10661 0
418 0 FBIS3-11378 0
418 0 FBIS3-20605 0
418 0 FBIS3-2859 0
418 0 FBIS3-4123 0
418 0 FT921-2544 0
418 0 LA102290-0047 0
418 0 FBIS4-47134 0
418 0 FBIS3-26829 0
418 0 FBIS3-28344 0
418 0 LA110289-0130 0
418 0 FBIS3-77 0
418 0 FT932-13263 0
418 0 LA090789-0010 0
418 0 FBIS3-28684 0
418 0 FBIS3-34684 0
418 0 FBIS4-49245 0
418 0 FBIS3-31919 0
418 0 FBIS3-32693 0
418 0 FBIS3-26036 0
418 0 FBIS3-34344 0
418 0 FBIS3-35704 0
418 0 FBIS3-35771 0
418 0 FBIS4-66161 0
418 0 FT943-16724 0
418 0 FBIS3-44568 0
418 0 FBIS3-43214 0
418 0 FBIS3-45512 0
418 0 LA110189-0084 0
418 0 FBIS3-4116 0
418 0 FBIS4-46697 0
418 0 FBIS4-67675 0
419 0 LA040190-0174 1
419 0 FBIS3-41645 0
419 0 FBIS4-67400 0
419 0 FR940705-1-00025 0
419 0 FR940526-2-00113 0
419 0 FR940323-0-00103 0
419 0 FBIS4-20472 0
419 0 FR940831-2-00165 0
419 0 FBIS3-43040 1
419 0 LA040889-0058 0
419 0 FR941202-2-00139 0
419 0 FBIS3-24665 0
419 0 FT942-16263 0
419 0 FR941230-0-00119 0
419 0 FBIS3-42606 0
419 0 FBIS4-66617 0
419 0 LA013189-0144 0
419 0 FR941230-0-00120 0
419 0 FR940406-0-00158 0
419 0 LA040689-0135 0
419 0 FR941219-2-00042 0
419 0 FR940613-0-00105 0
419 0 FR940527-2-00135 0
419 0 LA042490-0094 0
419 0 FT911-3443 0
419 0 FR940224-2-00034 0
419 0 LA061790-0237 0
419 0 FR940223-0-00054 0
419 0 FT923-14648 0
419 0 LA080389-0090 0
419 0 FT931-4811 0
419 0 FBIS3-42810 0
419 0 FR941230-0-00123 0
419 0 FT932-9278 0
419 0 FR941130-0-00122 0
419 0 FBIS4-8497 0
419 0 FBIS4-47213 0
419 0 FT932-13212 0
419 0 FR940527-1-00162 0
419 0 FR941206-1-00134 0
419 0 FT933-6452 0
419 0 FR940527-1-00172 0
419 0 FT942-14889 0
419 0 LA010490-0040 0
419 0 FR940126-2-00049 0
419 0 LA011690-0111 0
419 0 LA012790-0056 0
419 0 FR941006-0-00082 0
419 0 FR940112-1-00044 0
419 0 LA011990-0135 0
420 0 LA121590-0108 1
420 0 LA012489-0059 1
420 0 LA112789-0026 0
420 0 LA120789-0075 0
420 0 FR940111-1-00036 0
420 0 FR940620-0-00064 0
420 0 FR941019-2-00024 0
420 0 FR940913-0-00044 0
420 0 FR940920-1-00073 0
420 0 FR940802-0-00052 0
420 0 FT922-10105 0
420 0 FR941110-1-00025 0
420 0 FR940505-1-00071 0
420 0 FR940920-1-00024 0
420 0 FR940602-1-00015 0
420 0 FR940920-1-00066 0
420 0 FR941125-1-00015 0
420 0 FR941110-1-00024 0
420 0 FR940630-1-00030 0
420 0 FR940505-1-00111 0
420 0 FR941006-0-00063 0
420 0 FR940802-0-00021 0
420 0 FBIS3-40190 0
420 0 FR940617-2-00089 0
420 0 FR940505-1-00049 0
420 0 FT921-12758 0
420 0 FR940817-1-00024 0
420 0 FR940112-1-00036 0
420 0 FR940711-2-00084 0
420 0 FR940705-1-00016 0
420 0 FR940928-1-00020 0
420 0 FR941216-1-00125 0
420 0 FR940505-1-00024 0
420 0 FR940610-0-00030 0
420 0 FR940812-0-00051 0
420 0 FBIS3-52462 0
420 0 FR940516-1-00083 0
420 0 FR940525-1-00004 0
420 0 FR940406-0-00121 0
420 0 FR940516-1-00082 0
420 0 FR940919-0-00033 0
420 0 FBIS3-41478 0
420 0 FR940406-0-00179 0
420 0 FR940617-0-00112 0
420 0 FR940928-1-00007 0
420 0 LA032389-0050 0
420 0 FR940817-2-00226 0
420 0 FBIS3-41635 0
420 0 FBIS3-18638 0
420 0 FR940414-0-00039 0
421 0 FBIS3-27134 0
421 0 FBIS3-22152 0
421 0 FT933-4383 0
421 0 FR941013-1-00064 0
421 0 FR941222-1-00024 0
421 0 FR940511-1-00080 1
421 0 FT941-6348 0
421 0 FT934-17408 1
421 0 FT943-9990 0
421 0 FT924-8553 0
421 0 FT942-8483 0
421 0 FR940406-2-00181 0
421 0 FR940406-2-00182 0
421 0 FT934-8135 0
421 0 FT923-11328 0
421 0 FT924-14671 1
421 0 FR940620-0-00062 0
421 0 FBIS3-7106 0
421 0 FBIS3-18696 0
421 0 FT943-11425 0
421 0 FBIS3-19575 0
421 0 FBIS3-22577 0
421 0 FBIS3-27512 0
421 0 FT944-9354 0
421 0 FBIS3-30733 0
421 0 FT923-288 0
421 0 FBIS3-31267 0
421 0 FT931-16060 0
421 0 FBIS3-50156 0
421 0 FT943-9258 0
421 0 FBIS3-56841 0
421 0 FBIS3-22451 0
421 0 FBIS3-19124 0
421 0 FBIS3-22887 0
421 0 FBIS4-8983 0
421 0 FBIS3-22816 0
421 0 FT924-12163 0
421 0 FBIS4-10851 0
421 0 FT944-3041 0
421 0 FBIS4-17374 0
421 0 FT944-3042 0
421 0 FBIS4-21295 0
421 0 FBIS3-36577 0
421 0 FBIS4-27723 0
421 0 LA091989-0044 0
421 0 FBIS4-29392 0
421 0 FT942-1929 0
421 0 FBIS4-45355 0
421 0 FT924-13435 0
421 0 FBIS4-57742 0
422 0 LA032090-0091 1
422 0 FT923-1946 1
422 0 LA062890-0110 0
422 0 LA073089-0145 1
422 0 FT934-9676 1
422 0 FBIS3-943 0
422 0 FBIS3-133 0
422 0 FBIS3-171 0
422 0 FBIS3-339 0
422 0 FBIS3-547 0
422 0 FBIS3-5431 0
422 0 FBIS3-9485 0
422 0 FBIS3-9611 0
422 0 FBIS4-1488 0
422 0 FBIS3-11071 0
422 0 FBIS3-15991 0
422 0 FBIS4-19404 0
422 0 FBIS3-16567 0
422 0 FBIS3-17394 0
422 0 FBIS4-49746 0
422 0 FBIS4-51238 0
422 0 FBIS3-24092 0
422 0 FBIS4-57370 0
422 0 FBIS3-32327 0
422 0 FBIS4-64669 0
422 0 FBIS3-766 0
422 0 FBIS3-34819 0
422 0 FBIS3-35671 0
422 0 FBIS4-68626 0
422 0 FBIS3-36462 0
422 0 FR940607-0-00033 0
422 0 FT911-3498 0
422 0 FBIS3-43067 0
422 0 FBIS3-43543 0
422 0 FBIS3-49073 0
422 0 FT922-3119 0
422 0 FBIS3-51894 0
422 0 FBIS3-53661 0
422 0 FBIS3-55297 0
422 0 LA032489-0167 0
422 0 FBIS3-55716 0
422 0 FBIS3-60224 0
422 0 FBIS3-60590 0
422 0 FBIS3-4938 0
422 0 FT931-5343 0
422 0 FBIS3-60631 0
422 0 FT931-12458 0
422 0 FBIS3-60940 0
422 0 FBIS3-61171 0
422 0 FT932-11561 0
423 0 FT942-11666 1
423 0 FT944-12689 1
423 0 FBIS4-30975 1
423 0 FBIS3-2 0
423 0 FBIS3-8840 0
423 0 FBIS3-30648 0
423 0 LA051289-0148 0
423 0 LA122989-0106 0
423 0 LA050690-0001 0
423 0 LA050489-0021 0
423 0 FBIS3-8843 0
423 0 LA080389-0191 0
423 0 FT933-9025 0
423 0 FBIS4-53029 0
423 0 LA051290-0146 0
423 0 LA080189-0116 0
423 0 FT933-15904 0
423 0 FT933-15033 0
423 0 LA051490-0058 0
423 0 LA050990-0146 0
423 0 FBIS4-784 0
423 0 LA051190-0189 0
423 0 FBIS3-5184 0
423 0 LA050689-0125 0
423 0 FT942-12315 0
423 0 FBIS3-2787 0
423 0 FBIS4-53109 0
423 0 FBIS3-5604 0
423 0 FBIS3-1881 0
423 0 FBIS4-2698 0
423 0 FT924-14235 0
423 0 FBIS3-27096 0
423 0 FBIS3-27127 0
423 0 LA051490-0073 0
423 0 FT933-12828 0
423 0 FT933-13836 0
423 0 FT933-16466 0
423 0 FBIS4-52785 0
423 0 FT943-4837 0
423 0 FT933-2398 0
423 0 FBIS3-26095 0
423 0 FBIS3-2742 0
423 0 FBIS4-54142 0
423 0 FT933-13487 0
423 0 FT942-14238 0
423 0 FT943-3673 0
423 0 FBIS3-955 0
423 0 FT942-15094 0
423 0 FBIS3-26449 0
423 0 LA050789-0056 0
424 0 LA121390-0235 1
424 0 FBIS3-24330 0
424 0 LA090890-0037 1
424 0 LA072689-0058 0
424 0 LA061490-0082 0
424 0 LA011190-0148 0
424 0 FR940620-0-00120 0
424 0 LA011890-0134 0
424 0 FR940620-0-00104 0
424 0 LA050390-0110 0
424 0 LA020189-0108 0
424 0 FBIS3-26006 0
424 0 LA041689-0140 0
424 0 LA072389-0081 0
424 0 LA032189-0001 0
424 0 FT924-7468 0
424 0 FR940805-1-00121 0
424 0 LA012889-0122 1
424 0 LA081189-0065 0
424 0 FBIS3-35192 0
424 0 LA020490-0003 1
424 0 FBIS4-11738 0
424 0 FT942-9051 0
424 0 FT943-10860 0
424 0 FT944-16269 0
424 0 LA031589-0040 0
424 0 LA042490-0153 0
424 0 LA050390-0023 0
424 0 LA050589-0079 0
424 0 LA060390-0032 0
424 0 LA062190-0010 0
424 0 LA062390-0113 0
424 0 LA071790-0155 0
424 0 LA071990-0158 0
424 0 LA080290-0185 0
424 0 LA092189-0123 0
424 0 LA092990-0140 0
424 0 LA100889-0198 0
424 0 LA101489-0167 0
424 0 LA110989-0017 0
424 0 FBIS3-1343 0
424 0 FBIS3-4545 0
424 0 FBIS3-7692 0
424 0 FBIS3-7899 0
424 0 FBIS3-8290 0
424 0 FBIS3-9044 0
424 0 FBIS3-11171 0
424 0 FBIS3-11418 0
424 0 FBIS3-12192 0
424 0 FBIS3-12622 0
425 0 FBIS3-54773 1
425 0 FBIS4-46741 1
425 0 FBIS4-53139 0
425 0 FBIS4-52929 0
425 0 FR941230-0-00123 0
425 0 FBIS4-30282 0
425 0 FR941230-0-00120 0
425 0 FBIS4-67291 0
425 0 FBIS4-45574 0
425 0 FBIS3-67 1
425 0 FBIS3-17071 0
425 0 LA052490-0034 0
425 0 FBIS3-612 0
425 0 FT922-3024 0
425 0 FR940303-2-00091 0
425 0 FT932-6996 0
425 0 FBIS3-21837 0
425 0 LA012789-0011 0
425 0 FBIS3-2198 0
425 0 FBIS3-1410 0
425 0 FBIS4-68893 0
425 0 FBIS4-52928 0
425 0 FBIS4-53138 0
425 0 FBIS3-2323 0
425 0 FBIS3-10392 0
425 0 FT933-13657 0
425 0 FBIS3-8762 0
425 0 FBIS3-9212 0
425 0 FBIS4-3463 0
425 0 FBIS3-61335 0
425 0 FBIS3-61336 0
425 0 FBIS4-52930 0
425 0 FBIS4-53140 0
425 0 FBIS3-1998 0
425 0 FBIS3-38564 0
425 0 FBIS3-54974 0
425 0 FBIS4-58610 0
425 0 FBIS3-2934 0
425 0 FBIS3-1780 0
425 0 FBIS3-5569 0
425 0 FBIS3-1207 0
425 0 FBIS3-3912 0
425 0 FBIS4-10357 0
425 0 FBIS4-21672 0
425 0 FBIS3-1007 0
425 0 FBIS3-1171 0
425 0 FBIS3-4086 0
425 0 FBIS3-1781 0
425 0 FBIS3-5149 0
425 0 FBIS4-56568 0
426 0 LA030390-0076 1
426 0 LA112589-0119 1
426 0 FR940314-0-00003 0
426 0 FR940314-0-00002 0
426 0 FR940214-0-00093 0
426 0 FR941107-0-00034 0
426 0 FR940602-1-00023 0
426 0 FR940902-1-00048 0
426 0 FBIS3-20796 0
426 0 FR940728-1-00059 0
426 0 FR940203-0-00084 0
426 0 FR941206-1-00134 0
426 0 FR940112-1-00044 0
426 0 FBIS3-46142 0
426 0 FR940207-2-00083 0
426 0 FR940104-0-00034 0
426 0 FBIS4-68471 0
426 0 FR940406-0-00190 0
426 0 FBIS3-20801 0
426 0 FBIS3-4316 0
426 0 FBIS4-50083 0
426 0 FR940728-1-00021 0
426 0 FBIS4-68893 0
426 0 FR941021-0-00072 0
426 0 FR940525-2-00215 0
426 0 FBIS3-67 0
426 0 FBIS4-1628 0
426 0 FBIS4-26002 0
426 0 FBIS3-37947 0
426 0 FR941102-1-00119 0
426 0 FR941130-0-00123 0
426 0 FBIS4-23114 0
426 0 FBIS3-43142 0
426 0 FBIS3-43196 0
426 0 FR940318-2-00058 0
426 0 FBIS3-14832 0
426 0 FT941-16080 0
426 0 FBIS3-27407 0
426 0 FBIS4-1141 0
426 0 FR940630-0-00071 0
426 0 FBIS4-50706 0
426 0 FBIS4-49289 0
426 0 FT932-15115 0
426 0 FBIS3-58 0
426 0 FBIS3-43160 0
426 0 FBIS3-43214 0
426 0 FR940104-0-00032 0
426 0 FR940706-2-00046 0
426 0 FBIS3-43132 0
426 0 FBIS3-43186 0
427 0 LA082089-0008 1
427 0 FR940405-1-00137 0
427 0 FR940112-1-00044 1
427 0 FR940405-1-00139 0
427 0 FR940721-1-00098 0
427 0 FT931-17108 0
427 0 LA100590-0006 0
427 0 FBIS4-5987 0
427 0 FR940602-1-00076 0
427 0 FT933-15107 0
427 0 FT943-13614 0
427 0 LA022590-0145 0
427 0 LA022890-0174 0
427 0 LA032289-0150 0
427 0 FT921-16554 0
427 0 LA073190-0015 0
427 0 LA120790-0179 0
427 0 FR940602-1-00075 0
427 0 FT943-13127 0
427 0 LA011290-0202 0
427 0 LA020189-0071 0
427 0 LA031289-0187 0
427 0 FBIS3-16452 0
427 0 LA121490-0104 0
427 0 FT934-12484 0
427 0 FT941-9686 0
427 0 LA040190-0192 0
427 0 FT943-13583 0
427 0 LA101390-0004 0
427 0 FBIS3-41868 0
427 0 FT944-10387 0
427 0 LA082589-0002 0
427 0 LA012989-0155 0
427 0 LA111189-0053 0
427 0 LA071189-0112 0
427 0 LA032689-0173 0
427 0 LA032889-0039 0
427 0 LA022889-0111 0
427 0 LA082989-0079 0
427 0 LA072290-0189 0
427 0 LA122990-0033 0
427 0 LA112090-0157 0
427 0 LA112190-0166 0
427 0 LA113090-0111 0
427 0 LA122790-0217 0
427 0 FR940405-1-00146 0
427 0 FR940405-1-00136 0
427 0 FT924-14454 0
427 0 LA040689-0058 0
427 0 FBIS3-61471 0
428 0 FBIS4-66212 0
428 0 FBIS4-47098 1
428 0 FBIS3-3671 0
428 0 FBIS3-25790 0
428 0 FBIS3-3812 0
428 0 FBIS3-4196 0
428 0 LA101389-0149 0
428 0 FBIS3-2019 0
428 0 FBIS3-27258 0
428 0 FBIS4-68893 0
428 0 FBIS4-1861 0
428 0 FBIS3-29180 0
428 0 FBIS4-1843 0
428 0 FBIS3-37947 0
428 0 FR940405-0-00056 0
428 0 LA012190-0130 0
428 0 FBIS3-67 0
428 0 FT931-3052 0
428 0 LA121089-0245 0
428 0 FBIS4-29 0
428 0 FT943-3206 0
428 0 FR941206-0-00215 0
428 0 LA040390-0124 0
428 0 FT933-13206 0
428 0 LA051890-0017 0
428 0 FBIS3-29328 0
428 0 FBIS3-44992 0
428 0 FBIS4-25719 0
428 0 FBIS3-42726 0
428 0 FT921-6355 0
428 0 FBIS4-54622 0
428 0 FBIS3-2862 0
428 0 FBIS4-50911 0
428 0 FT933-14995 0
428 0 FBIS3-4427 0
428 0 LA033190-0130 0
428 0 FR940816-1-00065 0
428 0 FBIS4-2047 0
428 0 FBIS4-1860 0
428 0 FBIS3-2157 0
428 0 FBIS3-6884 0
428 0 FBIS3-23 0
428 0 FBIS3-2816 0
428 0 FBIS4-1844 0
428 0 FR941122-0-00089 0
428 0 LA101389-0176 0
428 0 LA051090-0213 0
428 0 FT943-3422 0
428 0 FT942-10370 0
428 0 FBIS3-2285 0
429 0 FR940202-2-00139 0
429 0 FR940202-2-00107 0
429 0 FR940202-2-00140 0
429 0 FR940920-2-00083 1
429 0 LA110389-0072 1
429 0 FR940202-2-00108 0
429 0 FR940202-2-00110 0
429 0 FR940628-1-00003 0
429 0 FR940302-1-00009 0
429 0 FBIS4-51384 0
429 0 FBIS3-60454 0
429 0 FR940317-0-00020 0
429 0 FR940906-0-00041 0
429 0 FR940516-2-00154 0
429 0 FT933-14628 0
429 0 FR940425-0-00002 0
429 0 FR940513-2-00003 0
429 0 FBIS3-60444 0
429 0 FR940425-2-00079 0
429 0 FR940628-1-00015 0
429 0 FR940425-2-00080 0
429 0 FBIS3-60484 0
429 0 FR940922-1-00002 0
429 0 FBIS3-61562 0
429 0 FR940302-1-00005 0
429 0 LA071989-0117 0
429 0 FR940630-0-00086 0
429 0 FBIS3-60427 0
429 0 FBIS3-60469 0
429 0 FR940817-0-00002 0
429 0 FBIS3-60565 0
429 0 FBIS3-60559 0
429 0 FBIS3-60562 0
429 0 FR940318-0-00003 0
429 0 FR940405-1-00046 0
429 0 FR940318-0-00007 0
429 0 FR940119-2-00049 0
429 0 FBIS3-60553 0
429 0 FBIS3-60564 0
429 0 FBIS3-60508 0
429 0 LA101690-0040 0
429 0 FBIS3-60433 0
429 0 FR940328-0-00047 0
429 0 FR940405-1-00042 0
429 0 FR940720-0-00131 0
429 0 FBIS3-60561 0
429 0 FR941017-0-00007 0
429 0 FBIS3-60402 0
429 0 FR940202-2-00141 0
429 0 FR940804-1-00057 0
430 0 LA080389-0111 1
430 0 LA051089-0041 0
430 0 LA121690-0053 1
430 0 LA051089-0024 0
430 0 FBIS3-22135 0
430 0 LA010289-0056 0
430 0 FT921-16219 0
430 0 LA060290-0152 0
430 0 LA091290-0048 0
430 0 LA111190-0237 0
430 0 LA090289-0024 0
430 0 LA122690-0069 0
430 0 LA111290-0086 0
430 0 LA021890-0173 0
430 0 FT934-5825 0
430 0 LA081590-0138 0
430 0 LA122290-0001 0
430 0 LA030289-0120 0
430 0 FT934-689 0
430 0 FBIS3-57903 0
430 0 FT922-5994 0
430 0 FT922-9948 0
430 0 FT922-2515 0
430 0 FT924-6174 0
430 0 FT924-756 0
430 0 FT924-1124 0
430 0 FT931-1666 0
430 0 FT932-6864 0
430 0 FT941-14379 0
430 0 FT941-15999 0
430 0 FT942-13450 0
430 0 FT943-2599 0
430 0 LA010790-0057 0
430 0 LA011089-0144 0
430 0 LA013089-0040 0
430 0 LA020190-0124 0
430 0 LA030489-0128 0
430 0 LA031089-0069 0
430 0 LA042589-0085 0
430 0 LA061990-0072 0
430 0 LA080389-0127 0
430 0 LA080490-0142 0
430 0 LA083090-0013 0
430 0 LA100189-0113 0
430 0 LA102490-0064 0
430 0 LA111890-0160 0
430 0 LA112389-0094 0
430 0 LA112990-0096 0
430 0 LA123189-0097 0
430 0 FBIS3-24416 0
431 0 FBIS3-46247 1
431 0 FT911-129 1
431 0 FT922-9444 1
431 0 FBIS4-44913 0
431 0 FBIS4-44733 1
431 0 FBIS4-44915 0
431 0 FR941230-0-00119 0
431 0 FBIS3-40450 0
431 0 FBIS3-20913 0
431 0 FT911-140 0
431 0 FT922-15400 0
431 0 FBIS3-59755 0
431 0 FBIS4-44919 0
431 0 FBIS3-3002 0
431 0 FBIS3-3099 0
431 0 FBIS3-40527 0
431 0 FBIS3-21181 0
431 0 FBIS3-4184 0
431 0 FBIS3-4363 0
431 0 FBIS3-59757 0
431 0 FBIS3-40520 1
431 0 FBIS3-4773 0
431 0 FBIS3-5914 0
431 0 FBIS3-6002 0
431 0 FBIS3-10493 0
431 0 FBIS3-11477 0
431 0 FBIS3-11858 0
431 0 FBIS3-15756 0
431 0 FBIS3-20610 0
431 0 FBIS3-20613 0
431 0 FBIS3-20906 0
431 0 FBIS3-21069 0
431 0 FBIS3-21078 0
431 0 FBIS3-21089 0
431 0 FBIS3-21180 0
431 0 FBIS3-22416 0
431 0 FBIS3-23702 0
431 0 FBIS3-24484 0
431 0 FBIS3-24515 0
431 0 FBIS3-24525 0
431 0 FBIS3-24527 0
431 0 FBIS3-24550 0
431 0 FBIS3-24562 0
431 0 FBIS3-24586 0
431 0 FBIS3-24606 0
431 0 FBIS3-26695 0
431 0 FBIS3-26768 0
431 0 FBIS3-27056 0
431 0 FBIS3-27453 0
431 0 FBIS3-27546 0
432 0 LA071189-0069 0
432 0 LA052089-0097 0
432 0 FT942-6174 0
432 0 LA122989-0120 0
432 0 LA010189-0098 0
432 0 LA010290-0086 0
432 0 LA111289-0114 0
432 0 LA091090-0043 0
432 0 FBIS4-47675 0
432 0 FT922-4190 0
432 0 LA052490-0077 0
432 0 LA110190-0154 0
432 0 FR940930-0-00212 0
432 0 LA122489-0116 0
432 0 LA122489-0211 0
432 0 LA071089-0079 0
432 0 LA012289-0085 0
432 0 FBIS4-21406 0
432 0 LA103090-0154 0
432 0 LA052689-0086 1
432 0 LA051289-0114 0
432 0 LA080790-0111 0
432 0 LA081190-0049 0
432 0 LA101689-0077 0
432 0 FT933-16656 0
432 0 FT921-11633 0
432 0 FT922-10200 0
432 0 FR940314-2-00099 0
432 0 FR940314-2-00100 0
432 0 FR940902-2-00101 0
432 0 FR940314-2-00108 0
432 0 FR940722-2-00130 0
432 0 FBIS4-51119 0
432 0 FT933-15846 0
432 0 FR940628-2-00128 0
432 0 LA052790-0204 0
432 0 FR940223-0-00060 0
432 0 FBIS4-20472 0
432 0 FR940831-1-00024 0
432 0 FR940628-2-00129 0
432 0 FR940114-1-00028 0
432 0 FR940902-2-00103 0
432 0 FT941-11093 0
432 0 FR940926-1-00010 0
432 0 FR941011-0-00052 0
432 0 FT944-635 0
432 0 FR940706-0-00065 0
432 0 FT944-1065 0
432 0 FT933-15023 0
432 0 LA070890-0197 0
433 0 LA080690-0141 0
433 0 FT944-9935 0
433 0 FBIS4-8802 0
433 0 FT932-2172 0
433 0 FT941-4064 0
433 0 FBIS4-19277 0
433 0 FT923-4572 0
433 0 FT944-17288 0
433 0 LA062589-0049 0
433 0 LA111190-0086 0
433 0 FBIS3-13963 1
433 0 FBIS4-65581 0
433 0 FBIS4-43852 0
433 0 FBIS3-57884 0
433 0 FT942-15475 0
433 0 FBIS4-8584 0
433 0 FBIS3-50033 0
433 0 FBIS4-9579 0
433 0 FBIS4-19180 0
433 0 FBIS4-42575 0
433 0 FBIS4-19681 0
433 0 FT921-9743 0
433 0 FBIS4-44035 0
433 0 FBIS4-8025 0
433 0 FBIS4-54701 0
433 0 FT943-8944 0
433 0 FBIS4-19685 0
433 0 FBIS4-8684 0
433 0 FT911-3399 0
433 0 FBIS4-19677 0
433 0 FBIS4-8466 0
433 0 FT943-4652 0
433 0 FBIS4-42572 0
433 0 FBIS4-22049 0
433 0 FBIS4-31382 0
433 0 FBIS4-66077 0
433 0 FT942-14038 0
433 0 FBIS4-42256 0
433 0 FT943-6572 0
433 0 FBIS4-5175 0
433 0 FBIS4-42259 0
433 0 FBIS4-8236 0
433 0 FBIS4-19679 0
433 0 FT933-8136 0
433 0 FBIS4-42262 0
433 0 FBIS3-39770 0
433 0 FBIS4-19680 0
433 0 FBIS4-65749 0
433 0 FBIS4-64375 0
433 0 FT934-5755 0
434 0 FT943-14253 1
434 0 FBIS4-63677 1
434 0 FBIS3-42632 1
434 0 FBIS3-61393 1
434 0 FBIS4-61785 1
434 0 FBIS3-37947 0
434 0 FBIS3-3918 0
434 0 FBIS3-9726 0
434 0 FBIS3-6005 0
434 0 FBIS3-11075 0
434 0 FBIS3-18961 0
434 0 FBIS3-28340 0
434 0 FBIS3-26752 0
434 0 FBIS3-28380 0
434 0 FBIS3-28689 0
434 0 FBIS3-29163 0
434 0 FBIS3-31163 0
434 0 FBIS3-32506 0
434 0 FBIS3-38210 0
434 0 FBIS3-45797 0
434 0 FBIS3-51195 0
434 0 FBIS3-52648 0
434 0 FBIS3-54917 0
434 0 FBIS3-58475 0
434 0 FBIS3-59318 0
434 0 FBIS4-742 0
434 0 FBIS4-6655 0
434 0 FBIS4-9645 1
434 0 FBIS4-9766 0
434 0 FBIS4-10797 0
434 0 FBIS4-18697 0
434 0 FBIS4-26578 0
434 0 FBIS4-28346 0
434 0 FBIS4-29653 0
434 0 FBIS4-30213 0
434 0 FBIS4-32015 0
434 0 FBIS4-42666 0
434 0 FBIS4-44188 0
434 0 FBIS4-51075 0
434 0 FBIS4-57306 0
434 0 FBIS4-62478 0
434 0 FR941011-2-00082 0
434 0 FT924-161 0
434 0 FT924-194 0
434 0 FT931-10634 0
434 0 FT921-2271 0
434 0 FT944-15871 0
434 0 FT934-15011 0
434 0 FT944-14383 0
434 0 FT921-9940 0
435 0 FT941-12411 1
435 0 FT931-892 1
435 0 FBIS4-66172 1
435 0 LA051590-0008 0
435 0 FBIS4-2468 1
435 0 FBIS3-1655 1
435 0 FBIS3-27258 1
435 0 FT943-5797 1
435 0 FT944-12671 0
435 0 FT941-10607 0
435 0 FBIS4-1860 0
435 0 FBIS4-68594 0
435 0 FBIS4-1843 0
435 0 FBIS4-56568 0
435 0 FBIS4-68349 0
435 0 FBIS4-68781 0
435 0 FBIS4-1866 1
435 0 LA052290-0096 0
435 0 FBIS4-68419 0
435 0 FBIS4-1861 1
435 0 FBIS4-49715 0
435 0 FBIS3-22602 0
435 0 FT922-11218 0
435 0 FT944-6375 0
435 0 FT922-11143 0
435 0 FT932-12037 0
435 0 FBIS4-67656 0
435 0 FBIS3-22596 0
435 0 FBIS3-22699 0
435 0 FT924-852 0
435 0 FR941007-2-00138 0
435 0 FR941007-2-00139 0
435 0 FBIS3-4074 0
435 0 LA091489-0223 0
435 0 FT944-13738 0
435 0 FT924-11641 0
435 0 FT921-1561 0
435 0 FBIS3-58898 0
435 0 FBIS3-46348 0
435 0 FBIS3-60077 0
435 0 FBIS3-45084 0
435 0 FBIS4-67630 0
435 0 FT933-16469 0
435 0 LA021889-0051 0
435 0 FBIS3-60457 0
435 0 FT933-12906 0
435 0 FBIS3-4054 0
435 0 FBIS3-41820 0
435 0 FBIS4-65777 0
435 0 FBIS3-189 0
436 0 FT941-7101 1
436 0 FT941-7105 1
436 0 FBIS4-68446 1
436 0 FR940819-1-00035 0
436 0 FR940819-1-00049 0
436 0 FR940819-1-00047 0
436 0 FBIS4-31693 0
436 0 FR940104-1-00038 0
436 0 FBIS3-4209 0
436 0 FR940405-2-00174 0
436 0 FBIS3-9353 0
436 0 FBIS3-1948 0
436 0 FBIS3-4714 0
436 0 FR941227-1-00024 0
436 0 FR940202-2-00072 0
436 0 FR940302-2-00082 0
436 0 FBIS3-463 1
436 0 FR940819-1-00045 0
436 0 FR940819-1-00048 0
436 0 LA100590-0074 1
436 0 FBIS4-46751 0
436 0 FBIS3-1876 0
436 0 LA022689-0238 0
436 0 LA022789-0017 0
436 0 FBIS3-6936 0
436 0 LA022689-0067 0
436 0 LA022790-0073 0
436 0 FT921-5398 0
436 0 FBIS3-14832 0
436 0 LA022590-0202 0
436 0 LA022689-0007 0
436 0 LA030189-0115 0
436 0 LA022889-0158 0
436 0 FBIS3-6216 0
436 0 FT921-520 0
436 0 FT911-1958 0
436 0 FBIS3-14750 0
436 0 FT921-11638 0
436 0 FBIS3-1746 0
436 0 FT921-6041 0
436 0 FT921-8847 0
436 0 FT911-1663 0
436 0 LA030190-0012 0
436 0 LA022590-0186 0
436 0 FBIS3-10756 0
436 0 FBIS3-17056 0
436 0 FBIS3-9639 0
436 0 FR940819-1-00038 0
436 0 FBIS3-4497 0
436 0 LA022890-0151 0
437 0 FT942-3871 0
437 0 LA122090-0114 0
437 0 LA020890-0174 0
437 0 FT942-10006 0
437 0 FT942-2256 0
437 0 FT943-13555 1
437 0 FT942-2267 0
437 0 LA083090-0077 0
437 0 FR940304-1-00100 0
437 0 FT944-6736 1
437 0 FR940304-1-00101 0
437 0 FR940105-0-00043 0
437 0 FT911-2332 0
437 0 FBIS4-53683 0
437 0 FT942-17640 0
437 0 FT933-3647 1
437 0 FBIS3-30922 0
437 0 FBIS3-60343 0
437 0 FT942-10697 1
437 0 FBIS3-21153 0
437 0 FBIS4-60734 0
437 0 FR940106-0-00172 0
437 0 FR940128-1-00045 0
437 0 FR940817-2-00103 0
437 0 FT932-2066 0
437 0 FT933-9310 0
437 0 FT934-8503 0
437 0 FT934-10029 0
437 0 FT934-10485 0
437 0 FT934-2819 0
437 0 FT942-12430 0
437 0 LA011089-0011 0
437 0 LA030190-0142 0
437 0 LA032790-0053 0
437 0 LA040190-0240 0
437 0 LA040289-0226 0
437 0 LA042690-0136 0
437 0 LA052589-0122 0
437 0 LA053190-0092 0
437 0 FBIS3-3776 0
437 0 FBIS3-8007 0
437 0 FBIS3-8208 0
437 0 FBIS3-11408 0
437 0 FBIS3-12154 0
437 0 FBIS3-12636 0
437 0 FBIS3-13993 0
437 0 FBIS3-16180 0
437 0 FBIS3-16246 0
437 0 FBIS3-18892 0
437 0 FBIS3-19169 0
438 0 FBIS3-50740 1
438 0 FBIS4-51074 1
438 0 FT943-44 1
438 0 FBIS4-66770 0
438 0 FR940407-2-00024 0
438 0 FBIS4-26685 0
438 0 FBIS4-26684 0
438 0 FBIS4-26683 0
438 0 FBIS4-2320 0
438 0 FBIS4-2321 0
438 0 FBIS4-2323 0
438 0 FBIS4-2324 0
438 0 FBIS4-1861 0
438 0 FBIS4-66312 0
438 0 FBIS4-2880 0
438 0 FBIS4-66274 0
438 0 FBIS3-2892 0
438 0 FBIS4-57237 0
438 0 FBIS4-68275 0
438 0 FBIS4-67533 0
438 0 FBIS4-68639 0
438 0 FR940503-2-00056 0
438 0 FBIS3-43186 0
438 0 FBIS4-47629 0
438 0 FBIS4-27085 0
438 0 FBIS4-26676 0
438 0 FBIS3-41203 0
438 0 LA123089-0138 0
438 0 FBIS4-49021 0
438 0 FBIS4-49245 0
438 0 FBIS4-66162 0
438 0 FBIS4-54626 0
438 0 FBIS4-26678 0
438 0 FBIS3-43160 0
438 0 FBIS4-49832 0
438 0 FBIS4-26966 0
438 0 FBIS4-46469 0
438 0 FT932-5587 1
438 0 FBIS3-2297 0
438 0 FBIS3-1423 0
438 0 FBIS3-1737 0
438 0 FBIS3-2481 0
438 0 FBIS3-3502 0
438 0 FBIS3-3723 0
438 0 FBIS3-2330 0
438 0 FBIS3-3945 0
438 0 FBIS3-18572 0
438 0 FBIS3-10731 0
438 0 FBIS3-20977 0
438 0 FBIS3-12996 0
439 0 FR940627-2-00078 0
439 0 FT942-14635 1
439 0 FBIS4-49929 0
439 0 FT923-7988 0
439 0 FR940627-2-00080 0
439 0 FBIS4-28316 1
439 0 FR941006-0-00056 0
439 0 FR940104-0-00034 0
439 0 FBIS3-23 0
439 0 FBIS3-58 0
439 0 FBIS3-37947 0
439 0 FBIS3-1780 0
439 0 FBIS4-2322 0
439 0 FBIS4-38 1
439 0 FBIS3-1580 0
439 0 FR941003-1-00039 0
439 0 FR940527-2-00053 0
439 0 FR941003-1-00040 0
439 0 FR941202-2-00139 0
439 0 FT941-12563 0
439 0 FR940930-1-00020 0
439 0 FBIS3-2737 0
439 0 FR941003-1-00035 0
439 0 FT942-11282 1
439 0 FBIS3-2359 0
439 0 FR941230-0-00119 0
439 0 FBIS3-17021 0
439 0 FBIS3-2847 0
439 0 FBIS3-3235 0
439 0 FR940324-2-00042 0
439 0 FR941230-0-00120 0
439 0 FBIS3-22315 0
439 0 FBIS3-2452 0
439 0 FBIS3-26782 0
439 0 LA010990-0070 0
439 0 FR941219-2-00042 0
439 0 FBIS3-3248 0
439 0 FBIS3-27248 0
439 0 LA011589-0005 0
439 0 FR940527-2-00135 0
439 0 FR940224-2-00034 0
439 0 FBIS3-27972 0
439 0 LA012389-0075 0
439 0 FR940223-0-00054 0
439 0 FBIS3-36337 0
439 0 FBIS4-46469 0
439 0 FR941230-0-00123 0
439 0 FBIS3-2363 0
439 0 FBIS3-41079 0
439 0 FR941130-0-00122 0
440 0 LA040590-0063 1
440 0 LA031690-0183 1
440 0 FR940513-1-00101 0
440 0 LA062190-0015 0
440 0 LA031590-0117 0
440 0 FBIS3-24679 0
440 0 FBIS3-61335 0
440 0 FBIS4-20331 0
440 0 FBIS4-44414 0
440 0 FBIS3-26460 0
440 0 FBIS4-6233 0
440 0 FR940602-1-00023 0
440 0 FBIS3-61336 0
440 0 FBIS4-58613 0
440 0 FBIS3-27600 0
440 0 FBIS4-64476 0
440 0 FBIS3-45825 0
440 0 FBIS3-23978 0
440 0 FBIS4-50133 0
440 0 FBIS4-44420 0
440 0 FBIS4-44407 0
440 0 FBIS4-31787 0
440 0 FBIS3-42811 0
440 0 FBIS3-1946 0
440 0 FBIS3-1991 0
440 0 FBIS3-1548 0
440 0 FBIS3-1553 0
440 0 FBIS4-25085 0
440 0 FBIS3-27108 0
440 0 FBIS3-20539 0
440 0 FBIS4-24810 0
440 0 FBIS3-27407 0
440 0 FBIS4-57468 0
440 0 FBIS4-58121 0
440 0 FBIS3-59334 0
440 0 FBIS4-68562 0
440 0 FBIS3-2696 0
440 0 FBIS3-3815 0
440 0 FBIS4-44526 0
440 0 FBIS3-1836 0
440 0 FBIS3-4931 0
440 0 FBIS3-20570 0
440 0 FBIS3-5834 0
440 0 FBIS3-46147 0
440 0 FBIS3-46490 0
440 0 FBIS3-26718 0
440 0 FBIS3-7194 0
440 0 FBIS3-7211 0
440 0 FBIS4-2537 0
440 0 FBIS3-26 0
441 0 LA092090-0248 1
441 0 LA071989-0117 1
441 0 LA061389-0087 1
441 0 FBIS3-5039 0
441 0 FBIS3-14051 0
441 0 FBIS3-12720 0
441 0 FBIS3-5392 0
441 0 LA010190-0023 0
441 0 FBIS3-1411 0
441 0 LA010190-0081 0
441 0 FBIS3-61570 0
441 0 FBIS3-8 0
441 0 FR941202-2-00139 0
441 0 FBIS3-41747 0
441 0 LA010189-0087 0
441 0 FBIS3-1674 0
441 0 FBIS3-9919 0
441 0 FBIS3-60487 1
441 0 FBIS4-20472 0
441 0 LA010190-0022 0
441 0 LA010390-0133 0
441 0 LA010189-0044 0
441 0 LA010189-0003 0
441 0 LA010189-0071 0
441 0 LA010189-0001 0
441 0 LA010189-0002 0
441 0 LA010189-0058 0
441 0 LA010189-0009 0
441 0 LA010189-0032 0
441 0 LA010189-0048 0
441 0 LA010189-0052 0
441 0 LA010189-0040 0
441 0 LA010189-0046 0
441 0 LA010189-0079 0
441 0 LA010189-0004 0
441 0 LA010189-0038 0
441 0 LA010189-0064 0
441 0 LA010189-0047 0
441 0 LA010189-0097 0
441 0 LA010189-0029 0
441 0 LA010189-0067 0
441 0 LA010189-0010 0
441 0 LA010189-0023 0
441 0 LA010189-0039 0
441 0 LA010189-0051 0
441 0 LA010189-0059 0
441 0 LA010189-0065 0
441 0 LA010189-0073 0
441 0 LA010189-0080 0
441 0 LA010189-0088 0
442 0 LA071090-0093 1
442 0 FBIS3-1987 0
442 0 FBIS4-26760 0
442 0 FBIS3-60950 0
442 0 FBIS3-37947 0
442 0 FR940112-0-00031 0
442 0 FR941107-0-00034 0
442 0 FBIS3-42400 0
442 0 FBIS4-46469 0
442 0 FBIS3-54460 0
442 0 FR940112-0-00027 0
442 0 FR940602-1-00023 0
442 0 FR940112-0-00028 0
442 0 FR940112-0-00025 0
442 0 FBIS3-67 0
442 0 FR940831-0-00039 0
442 0 FR940406-0-00190 0
442 0 FBIS3-23 0
442 0 FR940112-0-00026 0
442 0 FBIS4-68275 0
442 0 FBIS3-43220 0
442 0 FBIS4-46649 0
442 0 FBIS4-27085 0
442 0 FR941206-1-00134 0
442 0 FR940112-0-00030 0
442 0 FBIS3-24678 0
442 0 FBIS3-24469 0
442 0 FR940622-2-00075 0
442 0 FBIS4-25261 0
442 0 FBIS4-49245 0
442 0 FBIS4-66185 0
442 0 FBIS3-42399 0
442 0 FBIS3-40450 0
442 0 FBIS3-58 0
442 0 FBIS3-29 0
442 0 FBIS4-22629 0
442 0 FBIS3-43166 0
442 0 FR941021-0-00072 0
442 0 FR940902-1-00048 0
442 0 FBIS3-14832 0
442 0 FR940728-1-00021 0
442 0 FBIS4-29 0
442 0 FBIS4-23084 0
442 0 FBIS3-54461 0
442 0 FR941130-0-00122 0
442 0 FBIS4-20504 0
442 0 FBIS3-61562 0
442 0 FBIS4-47629 0
442 0 FR940831-0-00040 0
442 0 FR940104-0-00034 0
443 0 FT921-14694 0
443 0 FT933-858 0
443 0 FT944-17976 1
443 0 FT933-1184 1
443 0 FT933-11867 1
443 0 FT941-4190 1
443 0 FBIS4-3998 1
443 0 FT933-1164 1
443 0 FR941230-0-00123 0
443 0 FBIS3-45053 0
443 0 FBIS3-58 0
443 0 FBIS3-774 0
443 0 FBIS4-22775 0
443 0 FBIS3-783 0
443 0 FBIS3-789 0
443 0 FR941230-0-00120 0
443 0 FBIS3-1200 0
443 0 FBIS3-1369 0
443 0 FBIS3-24653 0
443 0 FBIS3-1404 0
443 0 FBIS4-19 0
443 0 FBIS3-3612 0
443 0 FBIS4-42 0
443 0 FBIS3-25109 0
443 0 FBIS3-40450 0
443 0 FBIS3-25606 0
443 0 FBIS4-23131 0
443 0 FBIS3-43559 0
443 0 FBIS3-24678 0
443 0 FBIS4-179 0
443 0 FBIS3-43132 0
443 0 FBIS4-442 0
443 0 FBIS3-43186 0
443 0 FBIS4-508 0
443 0 FBIS4-29 0
443 0 FBIS4-663 0
443 0 FBIS3-29 0
443 0 FBIS4-1221 0
443 0 FBIS3-43166 0
443 0 FBIS4-23631 0
443 0 FBIS3-43220 0
443 0 FBIS4-24322 0
443 0 FBIS3-43142 0
443 0 FBIS4-25417 0
443 0 FBIS3-43196 0
443 0 FBIS4-47715 0
443 0 FBIS3-43160 0
443 0 FBIS4-58902 0
443 0 FBIS3-43214 0
443 0 FT931-13352 0
444 0 FBIS4-45803 1
444 0 FR940318-0-00173 1
444 0 FR940419-2-00036 0
444 0 FT934-1094 0
444 0 FT933-16679 0
444 0 FBIS3-24515 0
444 0 LA030789-0104 0
444 0 FT931-14947 0
444 0 FT944-14102 0
444 0 FR941103-1-00015 0
444 0 FT942-158 0
444 0 FR940118-2-00064 0
444 0 FT941-1986 0
444 0 FBIS3-40450 0
444 0 FT944-16397 0
444 0 FR940118-2-00052 0
444 0 FR941206-2-00133 0
444 0 FT934-1085 0
444 0 FR940802-2-00115 0
444 0 FT923-3535 0
444 0 FT944-16735 0
444 0 LA033089-0119 0
444 0 FR940112-0-00118 0
444 0 FBIS4-66416 0
444 0 FR940505-1-00331 0
444 0 FR941103-1-00014 0
444 0 FBIS3-22251 0
444 0 FT934-1880 0
444 0 FR941206-1-00134 0
444 0 FBIS3-24514 0
444 0 FBIS3-43018 0
444 0 FR940118-2-00056 0
444 0 LA121489-0056 0
444 0 FR940407-2-00141 0
444 0 FBIS3-40549 0
444 0 FBIS3-24516 0
444 0 FR940630-2-00032 0
444 0 FR940407-2-00142 0
444 0 FT944-5939 0
444 0 FR940617-2-00041 0
444 0 FT943-7443 0
444 0 FBIS3-59774 0
444 0 FR940112-0-00132 0
444 0 FR941206-2-00134 0
444 0 FR941107-2-00226 0
444 0 FR940405-1-00080 0
444 0 LA100690-0131 0
444 0 FR940223-1-00010 0
444 0 FT941-15764 0
444 0 FBIS4-23061 0
445 0 FT924-8156 1
445 0 FT934-408 1
445 0 FT931-11616 1
445 0 FBIS4-25261 0
445 0 FBIS3-24295 0
445 0 LA121189-0062 0
445 0 FBIS4-66185 0
445 0 FBIS3-24653 0
445 0 FBIS3-67 0
445 0 FBIS3-54460 0
445 0 FBIS4-19 0
445 0 FBIS4-45041 0
445 0 FBIS4-68275 0
445 0 FBIS3-24678 0
445 0 FBIS3-54461 0
445 0 FBIS3-23 0
445 0 FBIS4-23131 0
445 0 FBIS3-58 0
445 0 FR941206-1-00134 0
445 0 FR941230-0-00120 0
445 0 FBIS4-23084 0
445 0 FBIS3-23561 0
445 0 FBIS3-41666 0
445 0 FBIS3-20796 0
445 0 FBIS4-66256 0
445 0 FBIS4-20504 0
445 0 FBIS4-66382 0
445 0 FR941230-0-00119 0
445 0 FR940406-0-00190 0
445 0 FT931-472 0
445 0 FBIS3-43132 0
445 0 FBIS3-43186 0
445 0 FBIS3-24618 0
445 0 LA112389-0161 0
445 0 LA041290-0087 0
445 0 FBIS3-29 0
445 0 LA071589-0060 0
445 0 FR941130-0-00122 0
445 0 FBIS4-47629 0
445 0 FBIS3-43166 0
445 0 FBIS3-43220 0
445 0 LA011689-0071 0
445 0 FBIS4-46649 0
445 0 LA030189-0034 0
445 0 LA031090-0108 0
445 0 FBIS4-23114 0
445 0 FR941117-2-00158 0
445 0 FR940803-2-00061 0
445 0 LA042290-0094 0
445 0 FR941219-2-00180 0
446 0 FT943-11047 1
446 0 FT931-887 1
446 0 FBIS4-56591 1
446 0 FBIS3-34820 1
446 0 FBIS3-21279 0
446 0 FBIS3-13468 0
446 0 FBIS3-19884 0
446 0 FBIS3-19969 0
446 0 FBIS4-65342 0
446 0 FBIS3-32842 0
446 0 FBIS3-40706 0
446 0 FBIS3-43746 0
446 0 FBIS3-44100 0
446 0 FT933-6051 0
446 0 FBIS3-9908 0
446 0 FT944-7354 0
446 0 FT944-8118 0
446 0 FBIS4-18523 0
446 0 FBIS3-42223 1
446 0 FBIS3-18104 0
446 0 FBIS3-19570 0
446 0 FBIS3-23018 0
446 0 FBIS3-25126 0
446 0 FBIS3-35523 0
446 0 FBIS3-39085 0
446 0 FBIS3-39665 0
446 0 FBIS3-43580 0
446 0 FBIS3-43902 0
446 0 FBIS3-51865 0
446 0 FBIS3-53443 0
446 0 FBIS3-55762 0
446 0 FBIS4-8433 0
446 0 FBIS4-9172 0
446 0 FBIS4-9507 0
446 0 FBIS4-12913 0
446 0 FBIS4-17886 0
446 0 FBIS4-19724 0
446 0 FBIS4-20772 0
446 0 FBIS4-21049 0
446 0 FBIS4-23356 0
446 0 FBIS4-36682 0
446 0 FBIS4-45015 0
446 0 FBIS4-46231 0
446 0 FBIS4-46394 0
446 0 FBIS4-48339 0
446 0 FBIS4-48415 0
446 0 FBIS4-53137 0
446 0 FBIS4-53594 0
446 0 FBIS4-54552 0
446 0 FBIS4-65615 0
447 0 FT923-9701 1
447 0 FT922-578 0
447 0 FT934-172 0
447 0 FT943-11592 0
447 0 FT941-14135 0
447 0 FR940617-0-00119 0
447 0 LA010389-0106 0
447 0 FR940617-0-00121 0
447 0 FR940516-1-00103 0
447 0 FR940505-1-00123 0
447 0 LA010189-0092 0
447 0 FR940720-0-00120 0
447 0 FR940516-1-00091 0
447 0 LA081389-0102 0
447 0 FR940516-1-00106 0
447 0 FR940505-1-00237 0
447 0 FR940516-1-00092 0
447 0 FBIS3-3705 0
447 0 FR940617-0-00115 0
447 0 FR940617-0-00117 0
447 0 FBIS4-46649 0
447 0 FR940617-0-00237 0
447 0 FR940617-0-00224 0
447 0 FR940516-1-00101 0
447 0 FR940617-0-00158 0
447 0 FR940505-1-00105 0
447 0 FR940516-1-00089 0
447 0 FR940516-1-00108 0
447 0 FT934-12273 0
447 0 FBIS3-40450 1
447 0 FR940617-0-00226 0
447 0 LA011390-0117 0
447 0 FT941-10288 0
447 0 FR940617-0-00116 0
447 0 FR940617-0-00225 0
447 0 FR940617-0-00154 0
447 0 FR940617-0-00125 0
447 0 FR940516-1-00086 0
447 0 FBIS3-21165 0
447 0 FT931-8774 0
447 0 FT931-8871 0
447 0 FBIS3-59713 0
447 0 FR940725-1-00077 0
447 0 FT922-7076 0
447 0 FT944-2908 0
447 0 FBIS3-21491 0
447 0 FR940503-1-00014 0
447 0 FR940617-0-00231 0
447 0 FR940505-1-00457 0
447 0 FR940505-1-00127 0
448 0 FT921-11935 1
448 0 FT934-1954 1
448 0 FT943-178 0
448 0 FT931-16636 1
448 0 FBIS3-24469 0
448 0 FBIS4-66382 0
448 0 FBIS4-66185 0
448 0 FBIS4-46649 0
448 0 FBIS4-20472 0
448 0 FBIS4-44913 0
448 0 FR941202-2-00139 0
448 0 FBIS3-41666 0
448 0 FBIS4-20504 0
448 0 FR941230-0-00120 0
448 0 FBIS3-42400 0
448 0 FR940602-1-00023 0
448 0 FR940927-0-00113 0
448 0 FBIS3-42459 0
448 0 FBIS3-60342 0
448 0 FR941117-2-00158 0
448 0 FBIS4-46469 0
448 0 FBIS4-19 0
448 0 FBIS4-47629 0
448 0 FBIS3-42399 0
448 0 FR941230-0-00119 0
448 0 FBIS4-23084 0
448 0 FBIS3-24653 0
448 0 FBIS3-29 0
448 0 FBIS3-58 0
448 0 FBIS3-24678 0
448 0 FBIS3-67 0
448 0 FBIS4-67533 0
448 0 FBIS3-37947 0
448 0 FBIS4-68275 0
448 0 FBIS3-23 0
448 0 FBIS3-43166 0
448 0 FBIS3-43220 0
448 0 FR940314-1-00041 0
448 0 FBIS3-43132 0
448 0 FBIS3-43186 0
448 0 FBIS4-23131 0
448 0 FBIS4-42 0
448 0 FR940413-2-00130 0
448 0 FBIS4-29 0
448 0 FR940803-2-00061 0
448 0 FBIS3-60336 0
448 0 FBIS3-23561 0
448 0 FBIS4-22152 0
448 0 FBIS3-36078 0
448 0 FBIS3-23995 0
449 0 FT924-5307 1
449 0 FT922-12251 1
449 0 LA122890-0089 0
449 0 FR940106-2-00052 0
449 0 FBIS3-4466 0
449 0 FR940927-0-00113 0
449 0 FBIS3-40 0
449 0 FBIS3-1844 0
449 0 FBIS3-1752 0
449 0 FBIS4-44 0
449 0 FBIS3-6197 0
449 0 FBIS3-7211 0
449 0 FR940810-0-00281 0
449 0 FBIS3-2317 0
449 0 FBIS3-3672 0
449 0 FBIS3-4235 0
449 0 FBIS3-5695 0
449 0 FBIS3-9044 0
449 0 FBIS3-9511 0
449 0 FR940429-0-00291 0
449 0 FBIS3-33985 0
449 0 FBIS3-3767 0
449 0 FR940217-1-00061 0
449 0 FR941128-0-00038 0
449 0 FBIS4-7 0
449 0 FBIS3-61564 0
449 0 FBIS3-25307 0
449 0 FBIS3-27520 0
449 0 FBIS3-28908 0
449 0 FBIS3-35102 0
449 0 FR940826-1-00080 0
449 0 LA100589-0104 0
449 0 LA100490-0114 0
449 0 FBIS3-20514 0
449 0 FBIS3-3464 0
449 0 FR941128-0-00036 0
449 0 LA050489-0167 0
449 0 FR940627-0-00002 0
449 0 FT933-12182 0
449 0 FT933-16128 0
449 0 LA122889-0142 0
449 0 FBIS3-3368 0
449 0 FBIS3-6970 0
449 0 FBIS3-7668 0
449 0 FBIS4-52587 0
449 0 FBIS3-4685 0
449 0 FBIS3-25271 0
449 0 FR940216-0-00079 0
449 0 FR940216-0-00109 0
449 0 FR940324-0-00022 0
450 0 FT941-12873 1
450 0 FT943-14084 1
450 0 FT933-748 1
450 0 FT944-10340 1
450 0 FBIS4-23130 1
450 0 LA052189-0027 0
450 0 LA072589-0092 0
450 0 FBIS3-2017 0
450 0 FBIS3-2663 0
450 0 FBIS4-38899 0
450 0 FBIS3-80 0
450 0 FBIS3-81 0
450 0 FBIS3-85 0
450 0 FBIS3-104 0
450 0 FBIS3-110 0
450 0 FBIS3-124 0
450 0 FBIS3-155 0
450 0 FBIS3-163 0
450 0 FBIS3-166 0
450 0 FBIS3-169 0
450 0 FBIS3-177 0
450 0 FBIS3-186 0
450 0 FBIS3-197 0
450 0 FBIS3-203 0
450 0 FBIS3-204 0
450 0 FBIS3-216 0
450 0 FBIS3-221 0
450 0 FBIS3-237 0
450 0 FBIS3-238 0
450 0 FBIS3-240 0
450 0 FBIS3-261 0
450 0 FBIS3-267 0
450 0 FBIS3-269 0
450 0 FBIS3-296 0
450 0 FBIS3-317 0
450 0 FBIS3-323 0
450 0 FBIS3-326 0
450 0 FBIS3-342 0
450 0 FBIS3-352 0
450 0 FBIS3-356 0
450 0 FBIS3-359 0
450 0 FBIS3-361 0
450 0 FBIS3-363 0
450 0 FBIS3-367 0
450 0 FBIS3-369 0
450 0 FBIS3-370 0
450 0 FBIS3-373 0
450 0 FBIS3-375 0
450 0 FBIS3-377 0
450 0 FBIS3-382 0
