401 0 FBIS4-18182 0
401 0 FT924-5091 1
401 0 FBIS3-39117 0
401 0 FT932-10861 0
401 0 FBIS4-65434 1
401 0 FBIS3-18833 0
401 0 FBIS3-18916 0
401 0 FBIS3-17077 0
401 0 FBIS3-59042 1
401 0 FBIS3-18684 0
401 0 FBIS3-59436 0
401 0 FBIS4-55036 0
401 0 FBIS3-19645 0
401 0 FT911-1796 0
401 0 FT924-4470 1
401 0 FBIS3-19290 0
401 0 FT941-4506 0
401 0 FBIS3-9104 0
401 0 FT933-3792 0
401 0 FBIS3-19459 0
401 0 FBIS4-66148 0
401 0 FBIS4-54799 0
401 0 FBIS3-19881 0
401 0 LA032590-0082 0
401 0 FBIS3-15535 0
401 0 FBIS3-19403 0
401 0 FT941-230 0
401 0 FBIS4-65928 0
401 0 FBIS3-35592 0
401 0 FBIS3-58829 0
401 0 FBIS3-19893 0
401 0 FBIS3-31659 0
401 0 FBIS4-18223 0
401 0 LA110690-0075 0
401 0 FBIS3-19702 0
401 0 FBIS3-55125 0
401 0 FBIS3-27159 0
401 0 FBIS4-68649 0
401 0 FBIS4-18372 0
401 0 FBIS4-15890 0
401 0 FBIS3-18361 0
401 0 FBIS4-65998 0
401 0 FBIS3-19302 0
401 0 FBIS3-19103 0
401 0 FT941-15167 0
401 0 FBIS3-59212 0
401 0 FT941-3268 0
401 0 FBIS3-58776 1
401 0 FBIS3-8502 0
401 0 FBIS3-59415 0
402 0 LA101290-0115 1
402 0 LA062590-0042 1
402 0 LA101690-0121 1
402 0 FT923-7735 1
402 0 LA020789-0112 0
402 0 LA100889-0040 1
402 0 FT921-11140 1
402 0 FT933-5693 1
402 0 LA080190-0099 0
402 0 FT933-16361 0
402 0 LA042990-0032 1
402 0 LA050789-0122 1
402 0 LA032290-0148 1
402 0 LA111689-0162 1
402 0 FR940705-2-00218 0
402 0 FBIS3-43034 0
402 0 FBIS3-59718 0
402 0 LA100790-0251 1
402 0 FR941116-2-00127 0
402 0 LA061190-0015 0
402 0 FR940812-2-00253 1
402 0 FT944-12908 1
402 0 FBIS3-42996 0
402 0 LA091089-0104 0
402 0 LA093089-0065 1
402 0 FT933-13787 1
402 0 FT934-1290 1
402 0 LA042690-0126 0
402 0 FR940817-2-00271 0
402 0 FT942-17527 0
402 0 LA060589-0049 1
402 0 FBIS3-20885 0
402 0 LA100589-0130 0
402 0 FT942-10938 0
402 0 FR940104-2-00083 0
402 0 LA121989-0030 0
402 0 LA021290-0061 0
402 0 FT934-6386 0
402 0 LA062589-0077 0
402 0 FT944-637 0
402 0 LA091789-0146 0
402 0 LA121790-0086 0
402 0 LA032390-0055 0
402 0 LA111289-0077 0
402 0 FR940804-1-00034 0
402 0 FR940127-2-00200 0
402 0 FT924-15660 0
402 0 LA110290-0127 0
402 0 FT923-3820 0
402 0 LA113090-0156 0
403 0 FR940525-1-00062 1
403 0 FR940525-1-00078 1
403 0 LA020490-0136 1
403 0 FR940525-1-00079 1
403 0 FR940603-2-00065 1
403 0 LA092890-0067 1
403 0 LA033089-0013 1
403 0 LA051889-0006 1
403 0 LA071290-0133 1
403 0 LA011389-0029 1
403 0 FR940525-1-00063 1
403 0 FT924-979 1
403 0 FR940525-1-00050 1
403 0 FT932-1044 1
403 0 LA010790-0103 1
403 0 LA041990-0072 1
403 0 LA072289-0144 1
403 0 FR940525-1-00054 0
403 0 LA030689-0082 0
403 0 LA111589-0004 0
403 0 LA011289-0149 0
403 0 LA082890-0074 0
403 0 LA051490-0120 0
403 0 LA042589-0052 0
403 0 LA010390-0067 1
403 0 FR940912-2-00090 0
403 0 LA082390-0094 0
403 0 FR940912-2-00088 0
403 0 LA111689-0032 0
403 0 LA080289-0067 0
403 0 LA061490-0026 0
403 0 LA091489-0031 0
403 0 LA100790-0252 0
403 0 FR940525-1-00051 0
403 0 LA041290-0081 0
403 0 FR940104-0-00035 0
403 0 LA021590-0062 0
403 0 FR940525-1-00046 0
403 0 LA062690-0083 0
403 0 LA031590-0018 0
403 0 FR940104-0-00034 0
403 0 LA031689-0009 0
403 0 LA020190-0031 0
403 0 FR940525-1-00088 0
403 0 LA070590-0006 0
403 0 LA011890-0124 0
403 0 FR940525-1-00087 0
403 0 LA092889-0071 0
403 0 FR940525-1-00049 0
403 0 LA080290-0231 0
404 0 FT934-11680 1
404 0 FBIS4-66076 1
404 0 FT934-9649 0
404 0 FT934-2053 0
404 0 FT942-16203 0
404 0 FT934-8237 0
404 0 FT944-15581 0
404 0 FT934-11487 1
404 0 FT934-9911 1
404 0 FT943-6585 0
404 0 FT944-14470 0
404 0 FT943-6251 1
404 0 FT943-6067 1
404 0 FT934-8472 0
404 0 FT934-11331 1
404 0 FBIS3-38425 0
404 0 FT934-11473 1
404 0 FT943-6195 0
404 0 FT934-8230 0
404 0 FT934-11322 0
404 0 FT941-17583 0
404 0 FBIS3-18343 1
404 0 FT934-1366 1
404 0 FBIS4-66022 1
404 0 FBIS3-39745 0
404 0 FT944-18148 1
404 0 FT943-4667 0
404 0 FBIS3-38740 1
404 0 FT941-11647 1
404 0 FT941-9654 0
404 0 FT943-6264 0
404 0 FT934-7271 1
404 0 FT943-4614 0
404 0 FT934-7109 0
404 0 FT934-10400 0
404 0 FT943-12276 0
404 0 FBIS3-38116 0
404 0 FT934-13848 1
404 0 FT941-12200 0
404 0 FT943-5512 1
404 0 FT943-6368 0
404 0 FT934-1931 0
404 0 FT943-3644 1
404 0 FT934-10406 0
404 0 FT943-5955 0
404 0 FT941-6623 0
404 0 FT934-11416 0
404 0 FT943-3207 0
404 0 FT943-6019 0
404 0 FT941-12197 0
405 0 FT922-11472 1
405 0 FT943-10128 1
405 0 FT941-17652 1
405 0 LA010889-0109 0
405 0 FT944-864 0
405 0 FT924-14355 0
405 0 FT931-13386 0
405 0 FT942-5468 0
405 0 FBIS3-42549 0
405 0 FBIS3-42550 0
405 0 LA092489-0134 0
405 0 LA080289-0090 0
405 0 FT924-286 0
405 0 FBIS3-59742 0
405 0 LA060290-0131 0
405 0 FT922-11525 1
405 0 LA020190-0053 1
405 0 FBIS3-40213 0
405 0 LA022689-0112 1
405 0 FT943-3693 1
405 0 FBIS3-42517 0
405 0 FBIS3-42515 0
405 0 FBIS4-44906 0
405 0 FBIS3-59752 0
405 0 FT922-13455 1
405 0 FBIS3-40554 0
405 0 LA112690-0067 1
405 0 LA063089-0071 0
405 0 FT932-5036 0
405 0 LA060889-0110 0
405 0 LA040590-0149 0
405 0 FBIS3-40521 0
405 0 LA021690-0057 0
405 0 FR941021-0-00165 0
405 0 LA052890-0021 1
405 0 LA011590-0098 1
405 0 FBIS3-40352 0
405 0 FBIS3-42382 0
405 0 LA120990-0163 0
405 0 LA012289-0002 0
405 0 FT942-10936 0
405 0 LA041689-0021 0
405 0 LA081190-0080 0
405 0 LA040490-0014 0
405 0 FT944-3522 0
405 0 FBIS3-21235 0
405 0 LA050190-0030 0
405 0 FT921-830 1
405 0 LA102489-0146 0
405 0 LA082089-0061 0
406 0 LA080489-0045 1
406 0 LA051790-0095 1
406 0 LA101090-0147 0
406 0 LA121189-0042 0
406 0 LA111589-0149 0
406 0 LA011590-0099 1
406 0 FT933-5690 1
406 0 LA111689-0161 0
406 0 FT932-7262 1
406 0 LA091990-0010 1
406 0 LA121789-0114 1
406 0 LA021890-0038 0
406 0 LA061889-0114 0
406 0 LA060589-0049 0
406 0 LA112690-0079 0
406 0 LA091489-0042 0
406 0 LA082889-0040 0
406 0 LA081089-0055 0
406 0 FR940817-2-00221 0
406 0 LA110689-0008 0
406 0 LA040190-0221 0
406 0 LA101289-0111 0
406 0 LA080990-0148 0
406 0 FR940719-2-00089 0
406 0 LA081990-0064 0
406 0 LA041889-0082 0
406 0 FT922-715 0
406 0 LA101090-0146 0
406 0 LA111590-0227 0
406 0 LA081889-0061 0
406 0 FT922-7420 0
406 0 LA090789-0051 0
406 0 FBIS4-2251 0
406 0 FBIS4-67660 1
406 0 LA081389-0044 0
406 0 FBIS3-61574 0
406 0 LA030390-0089 0
406 0 LA102890-0062 1
406 0 LA052790-0101 0
406 0 LA121990-0118 0
406 0 LA090389-0060 0
406 0 FT942-12479 0
406 0 LA112090-0153 0
406 0 FT933-4868 0
406 0 FT944-10002 0
406 0 LA052690-0134 0
406 0 FR940817-2-00251 0
406 0 LA112690-0027 0
406 0 LA110189-0139 0
406 0 LA030890-0166 0
407 0 LA050889-0063 1
407 0 FT941-15416 1
407 0 FT921-6003 1
407 0 FT941-5453 1
407 0 FT933-7330 1
407 0 FT933-9176 1
407 0 FBIS3-4463 0
407 0 FT942-17238 1
407 0 LA022689-0070 1
407 0 FT942-10464 1
407 0 LA100789-0152 1
407 0 LA021190-0107 0
407 0 FT941-15415 1
407 0 FT933-13637 0
407 0 FT921-9502 0
407 0 FBIS3-41533 0
407 0 FT934-12959 1
407 0 FT921-6098 0
407 0 FT933-5757 1
407 0 LA082889-0023 1
407 0 LA102090-0048 0
407 0 LA100989-0033 0
407 0 LA051389-0024 0
407 0 LA011589-0122 0
407 0 FBIS3-41666 1
407 0 LA112890-0007 1
407 0 LA100189-0051 1
407 0 FT941-1511 0
407 0 FBIS4-67534 0
407 0 FT932-12511 1
407 0 FR941104-1-00055 0
407 0 FT921-6846 0
407 0 LA030189-0109 1
407 0 FBIS3-26515 0
407 0 FBIS3-22269 1
407 0 LA012589-0100 1
407 0 FR940224-2-00100 0
407 0 LA111190-0042 1
407 0 FR941104-1-00054 1
407 0 FT923-3386 0
407 0 FBIS3-60235 1
407 0 FBIS3-2719 0
407 0 FBIS3-22399 0
407 0 LA030190-0146 0
407 0 LA122790-0033 0
407 0 FR941103-0-00151 0
407 0 LA061790-0082 0
407 0 FR940404-1-00045 0
407 0 LA021890-0065 1
407 0 LA112689-0095 0
408 0 LA101490-0142 1
408 0 LA101390-0102 1
408 0 LA080189-0042 0
408 0 LA120389-0130 1
408 0 LA082189-0033 0
408 0 LA101489-0074 0
408 0 LA082990-0118 0
408 0 LA080790-0025 0
408 0 FT923-6038 1
408 0 LA102090-0035 0
408 0 LA080289-0005 0
408 0 LA061989-0095 0
408 0 LA100590-0178 1
408 0 LA100890-0072 1
408 0 LA062290-0070 0
408 0 LA101589-0180 0
408 0 LA060689-0099 0
408 0 LA103190-0052 0
408 0 LA101190-0007 0
408 0 LA120389-0240 0
408 0 FT923-6110 1
408 0 LA092190-0055 1
408 0 LA082389-0064 0
408 0 LA092089-0027 0
408 0 LA091189-0051 1
408 0 FT923-4394 0
408 0 LA062590-0054 1
408 0 LA082889-0052 0
408 0 LA062889-0066 1
408 0 LA082690-0108 1
408 0 LA120489-0058 1
408 0 LA092089-0139 1
408 0 FT943-2749 0
408 0 LA101290-0181 0
408 0 LA080389-0065 0
408 0 FT943-15195 0
408 0 FT933-1483 0
408 0 LA071790-0136 0
408 0 LA071490-0129 0
408 0 FT943-1514 0
408 0 FT933-9488 1
408 0 LA100189-0062 0
408 0 LA101289-0148 1
408 0 FT943-2257 0
408 0 LA112790-0073 0
408 0 FT931-7520 0
408 0 LA100790-0144 0
408 0 LA092789-0093 1
408 0 FT944-16873 0
408 0 LA070589-0011 1
409 0 FT923-13692 1
409 0 LA092189-0137 0
409 0 LA031789-0067 0
409 0 FT923-13817 1
409 0 FT941-758 1
409 0 LA120589-0083 1
409 0 FT923-11688 1
409 0 LA122289-0117 0
409 0 LA050989-0113 0
409 0 LA122189-0212 0
409 0 LA103190-0165 0
409 0 LA010289-0027 0
409 0 LA110489-0092 0
409 0 LA042089-0111 0
409 0 LA121589-0082 0
409 0 LA041689-0098 0
409 0 LA010589-0105 0
409 0 LA051690-0101 0
409 0 LA091290-0053 0
409 0 LA080589-0053 0
409 0 LA031989-0099 0
409 0 FT941-11932 1
409 0 FT921-714 1
409 0 LA030589-0192 0
409 0 LA093090-0090 0
409 0 LA110189-0013 0
409 0 LA042190-0024 0
409 0 FBIS4-43432 0
409 0 LA011789-0136 0
409 0 LA032790-0138 0
409 0 FBIS4-19450 0
409 0 FBIS4-22027 0
409 0 FBIS4-43146 0
409 0 FT942-3706 0
409 0 FBIS4-46418 0
409 0 FBIS4-43306 0
409 0 LA110289-0126 0
409 0 LA010389-0034 0
409 0 LA110989-0119 0
409 0 LA112190-0152 0
409 0 LA070789-0017 0
409 0 LA092789-0088 0
409 0 LA031190-0197 0
409 0 FBIS4-36734 0
409 0 LA123089-0085 0
409 0 LA112190-0042 0
409 0 FT933-8501 0
409 0 LA031089-0062 0
409 0 LA031689-0212 0
409 0 FBIS4-36945 0
410 0 FBIS3-59001 1
410 0 FBIS4-64577 1
410 0 FT934-14347 1
410 0 FT933-16910 1
410 0 FBIS3-39341 1
410 0 FT931-14276 1
410 0 FT932-16523 1
410 0 FT924-1015 1
410 0 FT932-17156 1
410 0 FT934-6237 1
410 0 FT932-12074 1
410 0 FT941-13450 1
410 0 FT924-4549 1
410 0 FT922-751 1
410 0 FBIS4-44277 1
410 0 FT941-16995 1
410 0 LA062090-0079 1
410 0 FT924-5835 1
410 0 FT924-6931 1
410 0 FBIS4-44278 1
410 0 FT934-14160 1
410 0 FT931-13771 0
410 0 FT932-11119 1
410 0 FT922-8566 1
410 0 FT924-3822 1
410 0 FBIS3-18733 1
410 0 LA121589-0087 1
410 0 LA070190-0033 1
410 0 FT923-3617 1
410 0 FT944-4056 1
410 0 FBIS3-19523 1
410 0 FT943-14597 0
410 0 FT922-9239 1
410 0 FT921-7727 1
410 0 FT944-9461 1
410 0 FT923-15717 0
410 0 FBIS3-57961 1
410 0 FT911-1963 1
410 0 FBIS3-59008 1
410 0 FT924-1888 1
410 0 FT942-13390 1
410 0 FT941-12257 1
410 0 FT941-12878 1
410 0 FT944-1628 1
410 0 FT924-13737 0
410 0 FT934-16124 1
410 0 FT931-16236 0
410 0 FT933-14918 1
410 0 FBIS3-19680 0
410 0 FT921-9511 1
411 0 FT922-4205 1
411 0 LA111289-0106 1
411 0 LA101289-0146 1
411 0 LA120789-0097 0
411 0 LA110789-0044 0
411 0 FT932-4727 1
411 0 LA053190-0084 1
411 0 LA070189-0070 0
411 0 LA102890-0046 0
411 0 FT944-6915 1
411 0 FT933-8545 1
411 0 FT931-16470 0
411 0 LA030589-0073 1
411 0 FT931-15873 0
411 0 LA052490-0022 0
411 0 LA050490-0070 0
411 0 LA061889-0115 1
411 0 LA081090-0071 1
411 0 LA111190-0047 0
411 0 LA060489-0055 0
411 0 LA100189-0095 1
411 0 LA092289-0001 0
411 0 LA071190-0115 0
411 0 FR940511-0-00043 0
411 0 FT934-6249 0
411 0 LA090390-0077 0
411 0 LA051090-0143 1
411 0 FT941-2544 0
411 0 LA072790-0075 0
411 0 LA072489-0054 0
411 0 LA082690-0212 0
411 0 FR940511-0-00076 0
411 0 LA050490-0107 0
411 0 LA062290-0052 0
411 0 LA050390-0050 0
411 0 FR940511-0-00070 0
411 0 LA101990-0163 0
411 0 FBIS3-61057 0
411 0 LA072089-0006 0
411 0 FT921-9363 0
411 0 FT941-4422 0
411 0 LA040989-0122 0
411 0 FT931-15361 0
411 0 LA072189-0038 0
411 0 LA103190-0152 0
411 0 FT942-8279 0
411 0 FT932-16698 0
411 0 LA101589-0073 0
411 0 FT944-1751 0
411 0 FBIS4-66382 0
412 0 FT931-6812 1
412 0 FBIS4-21704 1
412 0 FR941206-1-00137 0
412 0 LA031289-0199 1
412 0 FT943-5597 0
412 0 FT943-5328 1
412 0 FT941-4175 1
412 0 FR941206-1-00136 0
412 0 FT922-7222 1
412 0 FR941206-1-00140 0
412 0 FBIS4-19994 1
412 0 FBIS3-60767 1
412 0 FBIS4-22140 1
412 0 FBIS3-23332 1
412 0 LA021489-0026 1
412 0 FBIS3-23020 1
412 0 LA051690-0101 1
412 0 FR941205-2-00107 0
412 0 FR941206-1-00142 0
412 0 FBIS3-45385 1
412 0 LA123089-0060 1
412 0 FR941206-1-00138 0
412 0 FR940816-2-00133 0
412 0 LA100589-0098 1
412 0 LA100189-0090 1
412 0 FBIS4-4224 0
412 0 FT922-10112 1
412 0 FR940204-2-00143 0
412 0 FR940523-2-00127 0
412 0 FR940711-2-00149 0
412 0 FBIS4-46680 0
412 0 FR940429-2-00116 0
412 0 LA122989-0055 1
412 0 FR940505-1-00149 0
412 0 FR940620-2-00084 0
412 0 FR940523-2-00128 0
412 0 FR940419-2-00135 0
412 0 FR940725-2-00128 0
412 0 FBIS3-2067 1
412 0 FR940826-0-00115 0
412 0 LA091689-0057 1
412 0 FR940610-2-00182 0
412 0 FR940222-2-00091 0
412 0 FR940119-2-00092 0
412 0 FR941206-1-00144 0
412 0 FBIS3-52981 1
412 0 FR940707-2-00202 0
412 0 FR941017-2-00121 0
412 0 LA080590-0062 0
412 0 FR940214-0-00102 0
413 0 FBIS4-53871 1
413 0 FT933-19 0
413 0 FT923-9006 1
413 0 FT933-15473 1
413 0 FBIS4-20648 1
413 0 FT932-13891 1
413 0 FBIS4-27797 1
413 0 FT922-11827 1
413 0 FT944-17588 1
413 0 FT923-10837 1
413 0 FT923-9281 1
413 0 FT933-1180 0
413 0 FT934-11976 1
413 0 FBIS4-49420 0
413 0 FT922-11333 1
413 0 FT922-11476 1
413 0 FBIS3-46901 1
413 0 FBIS3-47269 0
413 0 FT943-11020 0
413 0 FBIS4-51135 0
413 0 FT932-13620 1
413 0 FBIS3-42972 1
413 0 FBIS3-24678 1
413 0 FBIS4-20472 1
413 0 FBIS3-43013 0
413 0 FBIS3-42975 0
413 0 FT921-9880 1
413 0 FBIS3-58 0
413 0 FT931-7352 1
413 0 FBIS3-40450 0
413 0 FT944-10933 0
413 0 FBIS4-3101 0
413 0 FBIS3-43014 0
413 0 FBIS3-42976 0
413 0 FBIS3-23 0
413 0 FBIS4-42 1
413 0 FBIS3-43010 0
413 0 FT944-1455 1
413 0 FBIS4-66431 0
413 0 FT923-961 0
413 0 FT941-16213 0
413 0 FBIS3-5369 0
413 0 FT924-1650 1
413 0 FT931-8500 0
413 0 FBIS3-47511 0
413 0 FBIS3-27105 0
413 0 FT944-4626 1
413 0 FT922-1844 0
413 0 FT931-16798 0
413 0 FBIS3-44652 0
414 0 FT944-12369 1
414 0 FT921-9644 1
414 0 FT944-11926 1
414 0 FT943-1006 0
414 0 FT943-11487 0
414 0 FT923-3729 0
414 0 FT944-12680 0
414 0 FT922-12873 0
414 0 FT932-6585 0
414 0 FT921-3603 0
414 0 LA040590-0222 0
414 0 FT934-4579 0
414 0 FBIS4-56417 0
414 0 FBIS4-10373 1
414 0 FT941-16799 0
414 0 FT934-5978 0
414 0 FT922-8462 1
414 0 FT921-8261 0
414 0 FBIS4-10797 1
414 0 FBIS3-36211 1
414 0 FT923-1106 0
414 0 FT943-3008 0
414 0 FT924-5210 1
414 0 FT934-11077 0
414 0 FT932-13478 1
414 0 LA050690-0129 1
414 0 FT921-6637 0
414 0 FBIS3-10477 0
414 0 FBIS3-10446 0
414 0 FBIS3-10878 0
414 0 FBIS4-11156 0
414 0 FBIS3-32878 0
414 0 FBIS4-9866 1
414 0 FBIS4-10034 0
414 0 FBIS4-57596 0
414 0 FBIS4-66248 0
414 0 FT934-615 0
414 0 FBIS4-11165 0
414 0 FBIS3-10248 0
414 0 FT933-1483 0
414 0 FBIS4-57814 0
414 0 FBIS3-51980 0
414 0 FBIS4-32817 0
414 0 FBIS4-56794 0
414 0 FBIS4-56778 0
414 0 FBIS3-51746 0
414 0 FBIS4-10427 0
414 0 FBIS3-50839 0
414 0 FBIS4-10837 0
414 0 FBIS4-10666 0
415 0 FBIS3-60025 1
415 0 FBIS3-60083 1
415 0 FBIS4-26800 1
415 0 FBIS3-28711 1
415 0 FBIS3-41250 1
415 0 FBIS4-67075 0
415 0 FBIS4-26653 1
415 0 FT921-3261 1
415 0 FBIS3-48525 1
415 0 FBIS3-60189 1
415 0 LA121690-0051 1
415 0 FBIS4-66983 1
415 0 FBIS3-41168 1
415 0 FBIS4-45563 1
415 0 FBIS4-45564 1
415 0 FBIS4-26397 1
415 0 FBIS3-2893 1
415 0 FBIS3-21943 1
415 0 FBIS4-30503 1
415 0 FBIS3-48057 1
415 0 FBIS3-60183 1
415 0 FBIS4-26801 1
415 0 FT921-3152 1
415 0 FBIS4-28925 1
415 0 FBIS4-45458 1
415 0 FBIS4-45305 0
415 0 FBIS4-45307 1
415 0 FBIS3-51567 0
415 0 FBIS4-27476 1
415 0 FBIS4-27658 1
415 0 FBIS4-45309 1
415 0 FBIS3-41211 1
415 0 LA010189-0079 0
415 0 FBIS4-52946 1
415 0 FBIS4-67209 1
415 0 FBIS3-41163 1
415 0 FBIS3-26005 1
415 0 FBIS3-41249 1
415 0 FBIS4-29647 1
415 0 FBIS3-21886 0
415 0 LA092490-0071 1
415 0 LA091689-0063 0
415 0 FBIS4-25105 0
415 0 FBIS3-28834 1
415 0 FBIS3-41251 1
415 0 FBIS4-2802 1
415 0 FT941-6154 0
415 0 FBIS4-21166 1
415 0 FT942-9715 0
415 0 FBIS3-41253 1
416 0 FBIS4-66355 1
416 0 FBIS3-45088 0
416 0 FBIS3-45089 0
416 0 FBIS4-44586 1
416 0 FBIS3-3551 0
416 0 FBIS3-46008 0
416 0 FBIS3-44551 1
416 0 FBIS4-66352 0
416 0 FBIS4-50715 0
416 0 FBIS4-44554 1
416 0 FBIS3-3047 0
416 0 FBIS4-49091 1
416 0 FT922-14361 1
416 0 FBIS3-45857 1
416 0 FBIS3-46009 1
416 0 FBIS3-25805 0
416 0 FBIS4-49586 0
416 0 FBIS4-2026 1
416 0 FBIS3-3711 0
416 0 FBIS3-3877 1
416 0 FBIS3-45205 0
416 0 FBIS4-25820 0
416 0 FBIS3-46276 1
416 0 FBIS3-45658 1
416 0 FBIS4-3217 1
416 0 FBIS3-20616 1
416 0 FBIS4-20472 0
416 0 FBIS3-59308 0
416 0 FT911-3436 0
416 0 FBIS4-26530 0
416 0 FT922-14835 1
416 0 FBIS3-2397 0
416 0 FBIS3-20607 0
416 0 FBIS4-66185 1
416 0 FBIS4-1561 1
416 0 FBIS4-26989 0
416 0 FBIS3-26655 1
416 0 FBIS4-26407 0
416 0 FBIS3-2814 0
416 0 FBIS3-4252 0
416 0 FBIS4-21347 0
416 0 FBIS3-27594 0
416 0 FBIS3-20606 1
416 0 FBIS3-41535 0
416 0 FBIS4-66357 0
416 0 FBIS3-44550 0
416 0 FBIS3-44834 0
416 0 FBIS3-26239 0
416 0 FBIS4-3922 0
416 0 FBIS3-2095 0
417 0 LA092989-0098 1
417 0 LA093089-0065 1
417 0 LA092989-0114 1
417 0 FT923-14198 0
417 0 LA122289-0125 0
417 0 LA101489-0015 1
417 0 LA100790-0251 1
417 0 FT934-9583 0
417 0 LA093090-0112 1
417 0 FT944-4744 1
417 0 LA061290-0132 0
417 0 FT933-2963 0
417 0 FT931-12874 1
417 0 LA112089-0015 1
417 0 FT933-15822 1
417 0 FBIS3-18155 0
417 0 FBIS3-26490 1
417 0 LA052790-0045 0
417 0 FT934-8117 1
417 0 LA080389-0148 0
417 0 LA021589-0047 0
417 0 FT934-16918 0
417 0 LA091489-0178 1
417 0 LA101390-0139 0
417 0 FT923-60 0
417 0 LA011290-0116 0
417 0 LA081989-0136 0
417 0 LA112289-0080 0
417 0 LA061090-0142 1
417 0 LA060389-0059 0
417 0 LA101589-0163 0
417 0 LA120190-0153 0
417 0 FT942-9524 0
417 0 FT924-10066 0
417 0 FT934-4181 0
417 0 LA050890-0097 0
417 0 FT944-8607 0
417 0 FT932-5 0
417 0 LA061789-0140 1
417 0 LA010689-0154 1
417 0 FT924-7973 0
417 0 FT932-2890 0
417 0 LA062290-0047 1
417 0 FT944-8130 0
417 0 LA010990-0070 1
417 0 FBIS4-29117 1
417 0 FBIS4-29097 1
417 0 FT944-3860 0
417 0 FBIS4-3894 0
417 0 FBIS3-45379 0
418 0 LA081189-0137 1
418 0 LA102189-0167 1
418 0 LA051889-0088 1
418 0 LA060890-0112 1
418 0 FT941-15243 1
418 0 LA060890-0107 1
418 0 LA102890-0220 1
418 0 LA100990-0120 0
418 0 LA072589-0049 0
418 0 LA040989-0214 0
418 0 LA091490-0057 0
418 0 LA032289-0006 1
418 0 LA062689-0078 0
418 0 LA120490-0091 0
418 0 LA021989-0211 1
418 0 LA091890-0165 0
418 0 LA080990-0204 0
418 0 FT932-11275 0
418 0 LA113090-0142 0
418 0 LA032890-0122 0
418 0 FT924-10671 0
418 0 FT923-952 1
418 0 LA110589-0059 0
418 0 LA012989-0073 1
418 0 LA020589-0188 1
418 0 FT922-1999 1
418 0 FT922-10117 1
418 0 LA111090-0175 0
418 0 FT944-8434 1
418 0 FT921-4731 1
418 0 LA012890-0056 1
418 0 LA101390-0138 0
418 0 FT911-4184 1
418 0 FT931-8082 1
418 0 FT924-7673 1
418 0 LA030890-0005 1
418 0 LA011889-0128 1
418 0 LA032490-0153 1
418 0 LA041590-0023 1
418 0 LA030790-0139 1
418 0 LA060489-0160 0
418 0 LA120690-0136 0
418 0 FT924-6277 1
418 0 LA073089-0030 1
418 0 LA110389-0120 0
418 0 LA012289-0069 0
418 0 LA090290-0153 1
418 0 LA112489-0119 0
418 0 LA051390-0093 0
418 0 FT942-8137 1
419 0 LA040190-0174 1
419 0 FBIS3-41645 0
419 0 FBIS3-41503 0
419 0 FBIS4-67400 0
419 0 FBIS3-21029 0
419 0 LA112989-0123 1
419 0 LA022190-0069 0
419 0 LA121389-0085 1
419 0 FBIS4-44724 0
419 0 FBIS4-20472 0
419 0 FR940916-1-00052 0
419 0 LA051890-0007 0
419 0 FBIS3-42464 1
419 0 LA031289-0038 0
419 0 FBIS4-21486 0
419 0 LA030190-0119 0
419 0 LA092489-0138 0
419 0 FT944-1287 0
419 0 LA111190-0211 0
419 0 LA071389-0186 0
419 0 LA011090-0115 0
419 0 FBIS3-24648 1
419 0 LA041890-0125 0
419 0 FBIS3-21348 0
419 0 LA092589-0087 0
419 0 LA102090-0162 0
419 0 FBIS3-22420 0
419 0 LA121089-0232 0
419 0 FBIS3-41666 0
419 0 FBIS4-66423 0
419 0 FBIS3-43002 1
419 0 LA083090-0178 0
419 0 FBIS3-33102 0
419 0 LA010289-0021 0
419 0 LA092890-0131 0
419 0 FR940916-1-00051 0
419 0 LA040190-0197 0
419 0 FR940916-1-00053 0
419 0 FBIS3-43040 1
419 0 LA021890-0170 0
419 0 LA112590-0148 0
419 0 FT942-4405 0
419 0 LA031590-0049 0
419 0 FR940830-2-00026 0
419 0 LA060489-0039 0
419 0 LA010690-0071 0
419 0 FBIS4-21487 0
419 0 FBIS4-67398 0
419 0 LA103190-0001 0
419 0 FBIS4-21485 0
420 0 LA121590-0108 1
420 0 LA012489-0059 1
420 0 LA010489-0041 1
420 0 LA010389-0040 1
420 0 LA121289-0035 1
420 0 LA121890-0152 1
420 0 LA030389-0055 0
420 0 LA060989-0102 0
420 0 LA090290-0177 0
420 0 LA112990-0231 1
420 0 LA011989-0129 1
420 0 LA121590-0131 1
420 0 LA121690-0122 1
420 0 FBIS3-24469 0
420 0 LA112789-0026 0
420 0 LA121990-0004 0
420 0 LA010390-0086 1
420 0 LA120789-0075 0
420 0 LA121389-0123 1
420 0 LA122189-0163 0
420 0 LA082590-0024 0
420 0 FR941110-1-00024 0
420 0 LA010589-0033 0
420 0 LA042990-0140 0
420 0 FR941110-1-00019 0
420 0 LA081690-0244 0
420 0 LA011690-0088 0
420 0 LA020689-0022 1
420 0 FR940112-1-00044 1
420 0 FT941-9725 0
420 0 LA081490-0030 1
420 0 LA072089-0139 0
420 0 LA042789-0047 0
420 0 LA121089-0235 0
420 0 FR940617-0-00203 0
420 0 FT931-7871 0
420 0 LA050490-0208 0
420 0 FR940711-2-00084 0
420 0 LA011390-0151 0
420 0 FBIS3-56360 1
420 0 FBIS4-49735 0
420 0 LA111390-0098 0
420 0 FR940602-1-00023 1
420 0 FT943-2085 0
420 0 LA082390-0189 0
420 0 FT934-5761 0
420 0 FT921-8131 0
420 0 FR940817-2-00226 0
420 0 FR940817-2-00274 0
420 0 FR940617-0-00205 0
421 0 FBIS3-27134 0
421 0 FR941206-1-00134 0
421 0 FBIS3-22152 0
421 0 LA071689-0024 0
421 0 FR940428-2-00021 0
421 0 FR941013-1-00064 0
421 0 FT933-4383 0
421 0 FR940511-1-00080 1
421 0 FR941222-1-00024 0
421 0 FT941-6867 0
421 0 FT941-6348 0
421 0 FT943-9990 0
421 0 FR941222-0-00091 0
421 0 FBIS4-25731 1
421 0 FT942-13005 0
421 0 FT942-8483 0
421 0 FT941-8541 0
421 0 FBIS4-42062 0
421 0 FBIS3-22249 1
421 0 FT943-10219 0
421 0 LA122489-0217 1
421 0 FR941222-1-00076 0
421 0 LA061889-0180 0
421 0 FT924-8553 0
421 0 FT942-12271 0
421 0 LA062989-0089 0
421 0 FBIS3-41666 0
421 0 LA031289-0073 0
421 0 FR940727-1-00047 0
421 0 FT944-8187 0
421 0 FR941222-1-00071 0
421 0 FR940727-1-00043 0
421 0 FR941222-1-00037 0
421 0 FT944-18843 0
421 0 FBIS3-60336 1
421 0 FT941-1664 0
421 0 FR941013-1-00077 0
421 0 FR940106-1-00019 0
421 0 FR941013-1-00062 0
421 0 FR940505-1-00316 0
421 0 FR940505-1-00289 0
421 0 FR940505-1-00265 0
421 0 FR940106-1-00017 0
421 0 FBIS4-45728 0
421 0 FBIS4-67546 1
421 0 FT942-8246 0
421 0 FBIS3-22150 0
421 0 FT941-1999 0
421 0 FBIS3-27014 0
421 0 FT944-7809 0
422 0 LA032090-0091 1
422 0 FT923-1946 1
422 0 LA062890-0110 0
422 0 FT921-406 1
422 0 LA031590-0166 0
422 0 FT934-9676 1
422 0 LA051889-0110 1
422 0 FT911-5359 1
422 0 LA032190-0154 1
422 0 LA091390-0023 1
422 0 LA110789-0019 1
422 0 LA081790-0069 1
422 0 LA010390-0051 1
422 0 LA062690-0167 1
422 0 LA121289-0148 1
422 0 LA053090-0014 0
422 0 FBIS4-10148 0
422 0 FT933-10293 0
422 0 LA062790-0014 0
422 0 LA062990-0029 1
422 0 LA070990-0048 1
422 0 LA070690-0089 1
422 0 LA073089-0145 1
422 0 LA051490-0088 0
422 0 LA070590-0195 1
422 0 LA122589-0059 0
422 0 FT933-2360 0
422 0 FT932-6097 0
422 0 FT924-8961 0
422 0 LA041390-0137 0
422 0 LA100389-0138 1
422 0 LA092589-0101 1
422 0 LA013089-0103 1
422 0 LA110689-0095 0
422 0 LA091990-0164 1
422 0 LA021390-0148 1
422 0 LA110690-0009 1
422 0 LA111490-0087 0
422 0 LA092489-0079 1
422 0 LA111190-0041 1
422 0 LA120189-0116 1
422 0 LA081789-0161 0
422 0 LA032990-0225 1
422 0 LA082190-0102 1
422 0 LA051690-0103 0
422 0 LA112889-0145 0
422 0 LA121389-0107 0
422 0 FT934-9905 1
422 0 LA113089-0050 1
422 0 LA040389-0033 1
423 0 FT942-11666 1
423 0 FT933-2528 1
423 0 FT944-12689 1
423 0 FT942-13554 0
423 0 FT943-7734 1
423 0 FBIS4-32072 1
423 0 FBIS4-31557 1
423 0 FT933-2532 1
423 0 FBIS4-30975 1
423 0 FT944-439 1
423 0 FBIS4-55851 1
423 0 FBIS4-7539 0
423 0 FBIS4-32111 1
423 0 FBIS4-32534 1
423 0 FT921-12219 0
423 0 FT932-5013 0
423 0 LA061290-0094 0
423 0 FBIS4-5 0
423 0 FT932-13808 0
423 0 FT932-10528 0
423 0 FBIS4-8497 1
423 0 FT911-1126 0
423 0 FT943-9109 0
423 0 FT922-5276 0
423 0 FT934-11937 0
423 0 FBIS3-30431 1
423 0 FBIS3-2 0
423 0 FBIS4-23121 0
423 0 FT934-781 0
423 0 FBIS4-31962 0
423 0 FT934-16974 0
423 0 FBIS4-8711 0
423 0 FT922-3517 0
423 0 FBIS4-31315 0
423 0 FBIS3-20830 0
423 0 FT924-102 0
423 0 LA120890-0050 0
423 0 FT933-15656 0
423 0 FT924-892 0
423 0 FT932-5860 0
423 0 FT932-9138 0
423 0 FT932-5862 0
423 0 FBIS4-31359 0
423 0 FT944-16566 0
423 0 FBIS4-31647 0
423 0 FT924-11963 0
423 0 FT921-15493 0
423 0 FT921-15670 0
423 0 FT934-1562 1
423 0 FBIS4-7846 0
424 0 LA121390-0235 1
424 0 LA121490-0059 1
424 0 LA061490-0082 0
424 0 FBIS3-24330 0
424 0 LA032989-0117 1
424 0 LA012889-0122 1
424 0 LA011889-0113 0
424 0 LA060690-0053 1
424 0 LA121590-0063 1
424 0 LA062190-0255 0
424 0 LA090890-0037 1
424 0 LA061690-0004 0
424 0 LA090990-0089 1
424 0 LA033189-0141 1
424 0 LA092290-0086 1
424 0 LA110589-0079 0
424 0 LA042790-0151 0
424 0 FT924-12871 1
424 0 LA050689-0099 1
424 0 LA061690-0003 0
424 0 LA120890-0014 1
424 0 LA090190-0008 1
424 0 LA061090-0035 0
424 0 LA061190-0030 0
424 0 LA061090-0044 0
424 0 LA032990-0042 1
424 0 LA061690-0006 1
424 0 LA031689-0099 0
424 0 LA030889-0031 0
424 0 FT923-11076 1
424 0 LA121790-0008 1
424 0 FT924-14420 1
424 0 LA080989-0007 1
424 0 LA110390-0092 0
424 0 FBIS3-10130 1
424 0 LA032290-0139 1
424 0 LA100890-0083 0
424 0 FT922-1871 1
424 0 LA090789-0050 1
424 0 LA011790-0115 0
424 0 LA032189-0001 0
424 0 LA081189-0065 0
424 0 LA071690-0092 0
424 0 FT933-7928 1
424 0 LA061690-0130 0
424 0 LA010290-0087 0
424 0 LA110590-0065 0
424 0 LA012989-0018 1
424 0 LA030890-0022 1
424 0 LA091390-0098 0
425 0 FBIS3-54773 1
425 0 FBIS4-46741 1
425 0 FBIS4-26260 1
425 0 FBIS4-47199 1
425 0 FBIS4-47045 1
425 0 FT921-12539 1
425 0 LA091590-0091 1
425 0 FBIS3-10532 1
425 0 LA102189-0077 1
425 0 LA101890-0111 1
425 0 FBIS3-58171 1
425 0 LA071389-0111 1
425 0 LA010390-0055 0
425 0 FBIS4-10558 1
425 0 LA022490-0076 1
425 0 FBIS4-42384 1
425 0 FBIS4-21186 1
425 0 FBIS3-45903 1
425 0 FBIS4-19819 1
425 0 FBIS4-36719 1
425 0 FBIS4-68371 1
425 0 LA022289-0114 1
425 0 FBIS4-66195 1
425 0 FBIS3-23846 1
425 0 FBIS3-24145 1
425 0 FBIS4-49075 1
425 0 FT943-14585 1
425 0 FBIS4-58263 1
425 0 FBIS4-59139 1
425 0 FBIS3-21770 1
425 0 LA022590-0101 0
425 0 LA010290-0087 1
425 0 LA031590-0166 1
425 0 LA022390-0067 1
425 0 FBIS4-2931 1
425 0 FBIS4-8957 1
425 0 FBIS4-21321 1
425 0 LA120489-0078 0
425 0 FBIS3-23820 0
425 0 FT923-15358 0
425 0 FBIS4-46047 1
425 0 FBIS4-2072 1
425 0 FBIS4-21094 1
425 0 FBIS4-22411 1
425 0 FBIS3-24182 1
425 0 LA122889-0074 1
425 0 LA092890-0001 0
425 0 LA052489-0031 1
425 0 FBIS3-26720 0
425 0 FBIS4-66776 0
426 0 LA030390-0076 1
426 0 LA031490-0004 1
426 0 LA012990-0011 0
426 0 LA041089-0080 0
426 0 FT931-16885 1
426 0 LA112589-0119 1
426 0 LA072989-0111 1
426 0 LA051990-0141 0
426 0 LA111889-0138 0
426 0 LA072889-0063 1
426 0 LA011889-0022 0
426 0 LA082790-0084 0
426 0 LA091490-0077 0
426 0 LA011190-0201 1
426 0 LA070389-0049 0
426 0 LA020590-0050 0
426 0 LA022689-0068 0
426 0 LA072890-0054 0
426 0 LA052589-0196 0
426 0 LA120189-0136 0
426 0 FT921-5334 0
426 0 LA100289-0057 0
426 0 LA031189-0043 1
426 0 LA031189-0002 1
426 0 LA072190-0041 0
426 0 LA061390-0051 0
426 0 LA082390-0201 0
426 0 LA061189-0051 0
426 0 LA091990-0022 0
426 0 LA062390-0121 0
426 0 LA092090-0201 0
426 0 LA102089-0114 0
426 0 LA051690-0108 0
426 0 LA053190-0211 0
426 0 LA092090-0167 0
426 0 LA112890-0090 1
426 0 LA061689-0065 0
426 0 LA040989-0066 0
426 0 LA110289-0058 0
426 0 LA120990-0137 0
426 0 LA012689-0022 0
426 0 LA112189-0099 0
426 0 LA111989-0227 0
426 0 LA061589-0177 0
426 0 FBIS3-46587 0
426 0 LA122290-0003 0
426 0 LA062789-0073 0
426 0 LA052289-0030 0
426 0 LA120290-0215 0
426 0 LA012390-0092 0
427 0 LA082089-0008 1
427 0 FT923-10771 1
427 0 FT924-7120 1
427 0 FR941028-2-00201 0
427 0 FT933-1362 1
427 0 FBIS3-43042 0
427 0 LA070389-0031 0
427 0 FR940405-1-00137 0
427 0 FT922-7705 1
427 0 FT943-13952 1
427 0 LA082589-0056 1
427 0 FR941028-2-00203 0
427 0 FR941028-2-00213 1
427 0 FR940405-1-00143 0
427 0 FR940405-1-00139 0
427 0 LA061889-0019 0
427 0 LA052590-0118 0
427 0 FBIS3-22135 1
427 0 FBIS4-46650 0
427 0 FR941028-2-00202 0
427 0 FBIS3-42547 0
427 0 LA043089-0098 0
427 0 LA041689-0006 0
427 0 LA052189-0138 0
427 0 LA040689-0058 0
427 0 LA011589-0017 0
427 0 LA052389-0072 1
427 0 LA060989-0152 0
427 0 LA032689-0066 0
427 0 LA050689-0095 1
427 0 FT941-8374 0
427 0 LA070389-0030 0
427 0 FT933-16379 1
427 0 LA010590-0158 0
427 0 FR940405-1-00140 0
427 0 LA011589-0120 1
427 0 LA021689-0113 1
427 0 FT931-5371 1
427 0 FT943-16587 0
427 0 LA060590-0146 0
427 0 LA042390-0089 0
427 0 FT931-8657 0
427 0 LA070989-0017 0
427 0 FT943-5736 1
427 0 FBIS4-67639 0
427 0 FR940405-1-00138 0
427 0 FT924-1885 1
427 0 LA051190-0177 1
427 0 FBIS3-60385 1
427 0 LA121590-0066 0
428 0 FBIS4-66212 0
428 0 FBIS3-61443 1
428 0 FBIS4-47098 1
428 0 FBIS4-38757 0
428 0 FBIS3-20434 0
428 0 FBIS3-3671 0
428 0 FBIS3-25790 0
428 0 FT943-9226 1
428 0 FBIS4-46813 0
428 0 LA030190-0110 0
428 0 FT943-5357 1
428 0 FBIS3-45925 0
428 0 FT943-11076 1
428 0 FBIS3-3812 0
428 0 FBIS3-59343 0
428 0 FBIS3-4196 0
428 0 FBIS3-44378 0
428 0 FT941-12411 1
428 0 FBIS4-44477 0
428 0 LA030990-0060 0
428 0 FBIS3-40801 0
428 0 FBIS3-47040 1
428 0 FBIS3-12001 1
428 0 FBIS3-24191 1
428 0 FBIS4-66511 1
428 0 LA100790-0049 0
428 0 FBIS4-47143 1
428 0 FBIS3-11397 1
428 0 FBIS4-47142 0
428 0 LA110689-0045 0
428 0 FBIS3-42726 0
428 0 FBIS4-46831 1
428 0 FT943-5793 0
428 0 FT943-6050 1
428 0 FT943-808 0
428 0 FT934-12742 1
428 0 FBIS4-22429 1
428 0 LA120190-0116 0
428 0 FBIS3-46906 1
428 0 LA070390-0073 0
428 0 FT941-13122 0
428 0 FT941-9688 1
428 0 LA083090-0246 0
428 0 FBIS4-46915 1
428 0 FBIS4-22416 1
428 0 FBIS4-3960 1
428 0 FBIS4-46737 0
428 0 FBIS4-50117 0
428 0 FBIS4-16198 1
428 0 FBIS3-24133 1
429 0 FR940202-2-00139 0
429 0 FT932-10547 1
429 0 FR940202-2-00140 0
429 0 FR940202-2-00107 0
429 0 LA110389-0072 1
429 0 FR940202-2-00119 0
429 0 FR940202-2-00130 0
429 0 FR940202-2-00108 0
429 0 FR940202-2-00109 1
429 0 FR940920-2-00083 1
429 0 LA010590-0062 1
429 0 LA052190-0047 0
429 0 LA052190-0106 1
429 0 FR940202-2-00099 0
429 0 FR940202-2-00098 0
429 0 FR940405-1-00041 0
429 0 FR940202-2-00110 0
429 0 FR940202-2-00136 0
429 0 FR940202-2-00146 0
429 0 FR940202-2-00118 0
429 0 FT911-4484 0
429 0 FR940405-1-00084 0
429 0 FR940202-2-00128 0
429 0 LA062090-0050 1
429 0 FBIS3-41744 1
429 0 FR940405-1-00040 0
429 0 FR940405-1-00042 0
429 0 FR940405-1-00085 0
429 0 FR941107-2-00231 0
429 0 FR940202-2-00137 0
429 0 FR940202-2-00138 0
429 0 LA012490-0120 0
429 0 FT942-6645 0
429 0 FT943-1146 1
429 0 FT924-15322 0
429 0 FR940405-1-00129 0
429 0 FR940405-1-00054 0
429 0 LA082489-0115 0
429 0 FR940202-2-00097 0
429 0 FR940405-1-00055 1
429 0 FR940202-2-00115 0
429 0 FR940405-1-00037 0
429 0 FR940202-2-00101 0
429 0 LA032190-0081 0
429 0 FR940405-1-00114 0
429 0 FR941107-2-00226 0
429 0 LA062389-0128 0
429 0 FBIS3-60562 0
429 0 LA042990-0020 0
429 0 FR940405-1-00097 1
430 0 LA080389-0111 1
430 0 LA061589-0055 1
430 0 LA031389-0095 0
430 0 LA082889-0051 1
430 0 LA012890-0030 0
430 0 LA051089-0041 0
430 0 LA051089-0024 0
430 0 LA061689-0067 0
430 0 FT911-3300 0
430 0 LA060890-0001 0
430 0 LA060190-0066 0
430 0 LA020590-0004 0
430 0 LA073089-0143 1
430 0 LA121690-0053 1
430 0 LA041590-0095 0
430 0 LA061789-0067 0
430 0 LA051190-0051 0
430 0 LA091289-0127 0
430 0 LA081690-0149 0
430 0 LA051589-0090 0
430 0 LA111090-0121 0
430 0 FT911-4886 1
430 0 LA121590-0129 0
430 0 FT941-13574 0
430 0 FT944-3412 0
430 0 LA083090-0217 0
430 0 LA081890-0061 0
430 0 LA062490-0050 0
430 0 LA051790-0194 0
430 0 FBIS3-58984 0
430 0 LA060989-0167 0
430 0 FT931-792 0
430 0 FT942-15112 0
430 0 LA060889-0082 0
430 0 LA073089-0110 0
430 0 LA031389-0096 0
430 0 LA030990-0162 0
430 0 LA092489-0065 0
430 0 FBIS3-60378 0
430 0 LA070189-0121 0
430 0 FT944-15919 0
430 0 FR941116-2-00048 0
430 0 FT942-5336 0
430 0 FT942-6631 0
430 0 LA011589-0005 0
430 0 FBIS3-22135 0
430 0 LA081090-0174 0
430 0 LA073189-0072 0
430 0 LA010890-0005 0
430 0 LA070190-0080 0
431 0 FBIS3-46247 1
431 0 FT922-4414 1
431 0 FT911-129 1
431 0 FT922-9444 1
431 0 LA030589-0277 1
431 0 FT941-1242 1
431 0 FBIS3-40520 1
431 0 FBIS4-44815 1
431 0 FT932-769 1
431 0 FT911-135 1
431 0 FBIS4-20472 0
431 0 FT922-4578 0
431 0 FT943-11018 0
431 0 FT923-4774 1
431 0 FBIS4-44733 1
431 0 FT931-2017 1
431 0 LA103190-0122 0
431 0 FBIS4-44738 1
431 0 FBIS3-40223 1
431 0 FBIS3-1764 1
431 0 FBIS3-20965 1
431 0 FBIS4-44855 1
431 0 FT922-4461 0
431 0 FBIS3-40516 1
431 0 FBIS3-40552 1
431 0 FT911-133 0
431 0 FBIS3-21244 1
431 0 FR940428-2-00021 0
431 0 LA092290-0183 0
431 0 FBIS3-35 1
431 0 FBIS3-43220 1
431 0 FBIS3-43166 1
431 0 FT934-4378 1
431 0 FBIS3-59512 1
431 0 FBIS4-68220 1
431 0 FT932-9653 0
431 0 FBIS3-40527 0
431 0 LA050689-0106 0
431 0 FT923-12990 0
431 0 FT941-8694 0
431 0 FBIS3-46125 0
431 0 FBIS4-47609 1
431 0 FBIS4-44650 1
431 0 FT933-2950 0
431 0 FT923-11658 1
431 0 FBIS3-20888 1
431 0 LA071789-0059 1
431 0 FT922-11806 1
431 0 FBIS4-44913 0
431 0 FBIS3-58 0
432 0 LA071189-0069 0
432 0 LA101090-0099 0
432 0 LA122989-0120 0
432 0 LA081190-0049 0
432 0 FBIS3-60213 0
432 0 LA010189-0098 0
432 0 LA122489-0116 0
432 0 LA080790-0111 0
432 0 LA041689-0062 1
432 0 LA111289-0114 0
432 0 LA052089-0097 0
432 0 LA110190-0154 0
432 0 LA091090-0043 0
432 0 LA122489-0211 0
432 0 LA071089-0079 0
432 0 LA090290-0172 0
432 0 FT934-6025 0
432 0 LA040389-0099 0
432 0 LA040489-0044 0
432 0 LA100389-0067 0
432 0 LA012289-0085 0
432 0 LA021289-0138 0
432 0 LA061390-0037 0
432 0 LA011889-0067 1
432 0 LA052790-0204 0
432 0 LA070190-0126 0
432 0 LA102290-0086 0
432 0 LA061589-0137 0
432 0 LA021289-0144 0
432 0 LA052690-0004 0
432 0 LA011490-0047 0
432 0 LA011190-0049 0
432 0 LA080589-0121 0
432 0 FBIS4-21406 0
432 0 FR940114-1-00032 0
432 0 LA012089-0090 1
432 0 LA010290-0086 0
432 0 LA072189-0093 0
432 0 LA062890-0142 0
432 0 LA060989-0133 0
432 0 LA122190-0129 0
432 0 LA113089-0146 0
432 0 LA060589-0091 0
432 0 LA022690-0089 0
432 0 LA031490-0064 0
432 0 LA030489-0068 1
432 0 LA051889-0160 0
432 0 LA022789-0077 0
432 0 LA012989-0092 0
432 0 LA080689-0142 0
433 0 LA080690-0141 0
433 0 FBIS3-141 0
433 0 FT944-9935 0
433 0 LA031989-0196 0
433 0 FT931-15365 1
433 0 FT932-2172 0
433 0 FBIS4-19277 0
433 0 LA062589-0049 0
433 0 FT923-13727 0
433 0 FBIS4-8802 0
433 0 FT941-4064 0
433 0 FT923-4572 0
433 0 FT924-14023 1
433 0 LA021490-0060 0
433 0 FT924-9527 0
433 0 FT921-13871 0
433 0 FT922-8739 0
433 0 FBIS3-13963 1
433 0 FT924-11547 0
433 0 FT943-2522 0
433 0 LA102190-0029 0
433 0 FT924-6302 0
433 0 FT931-3821 0
433 0 LA092989-0098 0
433 0 FT934-2200 0
433 0 FT944-17288 0
433 0 LA080389-0191 0
433 0 FT932-3635 0
433 0 FT921-7363 0
433 0 FT921-5991 0
433 0 FBIS3-20227 0
433 0 LA100990-0018 0
433 0 LA111190-0086 0
433 0 FBIS4-11710 0
433 0 LA013189-0027 0
433 0 LA050390-0169 0
433 0 LA040190-0005 0
433 0 LA090290-0220 0
433 0 LA082990-0005 1
433 0 LA010689-0154 0
433 0 FT944-11434 0
433 0 FT942-17503 0
433 0 LA101589-0100 0
433 0 LA070689-0046 0
433 0 FT944-15045 0
433 0 LA070189-0011 0
433 0 FBIS4-43852 0
433 0 LA011089-0011 0
433 0 FT922-11381 0
433 0 LA022389-0090 0
434 0 FBIS4-22418 1
434 0 FT943-14253 1
434 0 FBIS4-17272 1
434 0 FBIS4-38646 1
434 0 FT942-14647 1
434 0 FBIS4-61838 1
434 0 FBIS4-63677 1
434 0 FBIS4-22567 0
434 0 FBIS3-42852 1
434 0 FBIS4-47093 1
434 0 FBIS3-36117 0
434 0 FBIS4-38666 1
434 0 FBIS3-54829 1
434 0 FBIS3-15427 1
434 0 FBIS3-42632 1
434 0 FT933-934 1
434 0 FT943-539 1
434 0 FBIS3-17671 1
434 0 FBIS4-17424 0
434 0 FBIS4-16867 1
434 0 FBIS3-24320 1
434 0 FBIS3-23777 1
434 0 FT922-5369 1
434 0 FBIS3-61392 1
434 0 FT924-1909 1
434 0 FT942-14638 1
434 0 FBIS3-56519 0
434 0 FT942-12004 1
434 0 FT942-2218 1
434 0 FBIS4-65007 1
434 0 FT944-18719 1
434 0 FBIS4-68650 1
434 0 FBIS3-18825 1
434 0 FBIS3-17476 1
434 0 FBIS3-35767 1
434 0 FBIS3-42854 1
434 0 FBIS3-61393 1
434 0 FBIS4-17273 1
434 0 FT942-14645 1
434 0 FBIS4-15821 1
434 0 FBIS3-55801 1
434 0 FT921-12784 1
434 0 FT932-1653 1
434 0 FBIS4-17252 1
434 0 FBIS3-15696 1
434 0 FBIS4-61998 1
434 0 FBIS4-22236 0
434 0 FBIS4-40530 1
434 0 FBIS4-47090 1
434 0 FBIS3-17837 1
435 0 FT941-12411 1
435 0 FT931-892 1
435 0 FT943-5505 0
435 0 FBIS4-21529 0
435 0 FBIS3-44992 0
435 0 FT943-8138 0
435 0 FBIS3-27959 0
435 0 FT943-3422 0
435 0 FBIS3-22387 0
435 0 FT922-10566 0
435 0 FT943-8239 1
435 0 FT933-15872 0
435 0 FT931-1806 0
435 0 FT943-36 0
435 0 FT922-7511 0
435 0 FT943-6050 1
435 0 FT943-5797 1
435 0 FBIS4-3651 0
435 0 LA010790-0036 0
435 0 FT943-8324 1
435 0 FT944-14148 0
435 0 LA041590-0153 1
435 0 FT943-8321 0
435 0 FBIS4-45741 0
435 0 FT922-10401 0
435 0 FBIS4-38279 0
435 0 FT922-5103 0
435 0 FT931-7277 0
435 0 FT943-5357 1
435 0 FBIS3-59343 1
435 0 FBIS3-1933 1
435 0 FT934-7698 1
435 0 FT944-6725 0
435 0 FT943-5793 0
435 0 FT943-70 0
435 0 FBIS4-66698 1
435 0 FBIS4-16673 0
435 0 FT941-2916 0
435 0 FBIS3-40801 0
435 0 FT934-12800 0
435 0 FBIS3-61392 0
435 0 FBIS4-66172 1
435 0 FT943-9327 0
435 0 LA022189-0053 0
435 0 FT934-5517 0
435 0 FT932-12037 0
435 0 FT934-7695 0
435 0 FT932-3369 0
435 0 FBIS3-3812 1
435 0 FBIS3-25790 1
436 0 FT941-7101 1
436 0 FT941-7105 1
436 0 FT931-15371 0
436 0 FBIS4-44525 0
436 0 FBIS4-22801 0
436 0 FBIS3-27285 0
436 0 FT931-12899 1
436 0 FR940819-1-00053 0
436 0 FR940819-1-00035 0
436 0 FR940819-1-00049 0
436 0 FT944-5690 0
436 0 FT923-5087 1
436 0 FBIS3-11568 1
436 0 LA030589-0194 1
436 0 LA092790-0192 1
436 0 FR940819-1-00042 0
436 0 FT922-12193 1
436 0 FT931-12906 0
436 0 FBIS3-27214 0
436 0 FBIS3-49564 0
436 0 FR940819-1-00045 0
436 0 FR941227-1-00028 0
436 0 FR940819-1-00054 0
436 0 FR940819-1-00047 0
436 0 FR940819-1-00055 0
436 0 FR941227-1-00030 0
436 0 FR941227-1-00029 0
436 0 LA051389-0046 1
436 0 FR940819-1-00041 0
436 0 FR940819-1-00050 0
436 0 FR941230-0-00075 0
436 0 FR940819-1-00037 0
436 0 FR940819-1-00038 0
436 0 FR940819-1-00046 0
436 0 FR940819-1-00040 0
436 0 FBIS4-68446 1
436 0 FR940819-1-00034 0
436 0 FR940819-1-00039 0
436 0 LA101090-0010 1
436 0 FBIS4-20742 0
436 0 FR940916-1-00119 0
436 0 FR940819-1-00051 0
436 0 FR940819-1-00036 0
436 0 FR941230-0-00074 0
436 0 LA062090-0061 1
436 0 FR940819-1-00056 0
436 0 LA091190-0090 1
436 0 FR940922-2-00113 0
436 0 FR940819-1-00048 0
436 0 FR940916-1-00072 0
437 0 FT942-3871 0
437 0 FBIS3-40450 1
437 0 FT942-10006 0
437 0 FT944-6824 0
437 0 LA011090-0070 0
437 0 LA122090-0114 0
437 0 LA020890-0174 0
437 0 FT942-2256 0
437 0 FT944-8180 0
437 0 FT942-2267 0
437 0 LA083090-0077 0
437 0 FT943-13555 1
437 0 FT944-14915 0
437 0 FT944-14916 0
437 0 LA020190-0176 0
437 0 FT943-7173 0
437 0 FT944-17442 0
437 0 FT943-9462 0
437 0 FT924-12136 0
437 0 FT922-7319 0
437 0 FT941-14335 0
437 0 FT944-6736 1
437 0 FT942-9917 0
437 0 FBIS3-56188 0
437 0 FT922-5602 0
437 0 FT944-6740 0
437 0 FT943-14871 0
437 0 FR941110-2-00067 0
437 0 FT924-9872 0
437 0 FT924-8904 0
437 0 FT934-6334 0
437 0 FR940725-2-00023 0
437 0 FT944-1045 0
437 0 FT941-13037 0
437 0 FT941-5812 0
437 0 FT941-873 0
437 0 FT933-8017 0
437 0 FT933-2955 0
437 0 LA100189-0039 0
437 0 FR940725-2-00021 0
437 0 FR940304-1-00100 0
437 0 FT922-7077 0
437 0 FR940304-1-00115 0
437 0 FT922-5114 0
437 0 FR940802-2-00022 0
437 0 FT943-8706 0
437 0 LA042390-0003 0
437 0 FR941007-1-00012 0
437 0 FT942-1348 0
437 0 LA102289-0115 0
438 0 FBIS3-50740 1
438 0 FBIS4-56177 1
438 0 FT943-44 1
438 0 FR941013-1-00014 0
438 0 LA073190-0122 0
438 0 FBIS4-51074 1
438 0 FT942-10654 1
438 0 FT911-2446 1
438 0 FT922-769 0
438 0 FBIS4-66770 0
438 0 FBIS3-21296 0
438 0 FBIS4-2294 1
438 0 FT944-12438 1
438 0 FT924-11275 0
438 0 FT944-7133 0
438 0 LA031590-0065 0
438 0 FT921-15886 1
438 0 FBIS4-25414 0
438 0 FT944-1609 1
438 0 FR941130-0-00134 0
438 0 FR941013-1-00016 0
438 0 FT942-4681 1
438 0 FT941-6761 0
438 0 FT924-2554 0
438 0 FBIS3-21405 0
438 0 FT944-16479 0
438 0 FT932-2961 1
438 0 FT943-4834 0
438 0 FBIS4-30463 0
438 0 LA032489-0175 1
438 0 FT941-4185 1
438 0 FT934-12204 1
438 0 FT934-3970 0
438 0 FT923-14708 0
438 0 FT934-4579 1
438 0 FT932-3827 1
438 0 FT943-12284 0
438 0 FT923-5711 0
438 0 LA010190-0071 0
438 0 FT934-6252 0
438 0 LA050790-0093 0
438 0 FT921-6633 1
438 0 FT942-1249 1
438 0 FT934-5306 0
438 0 FT921-13642 1
438 0 FT941-8564 0
438 0 FT922-12716 0
438 0 FT934-9708 1
438 0 FT922-2908 1
438 0 FT922-4424 1
439 0 FR940627-2-00078 0
439 0 FBIS3-35 1
439 0 FBIS4-49929 0
439 0 FBIS3-23562 0
439 0 FT943-14973 0
439 0 FT942-14635 1
439 0 FT923-7988 0
439 0 LA100589-0058 0
439 0 FBIS4-68445 0
439 0 FT932-6180 0
439 0 FBIS4-28316 1
439 0 FT931-1310 1
439 0 FBIS4-49855 0
439 0 FR940627-2-00080 0
439 0 LA010990-0070 0
439 0 FBIS4-49835 0
439 0 FBIS3-6487 0
439 0 FT921-8725 0
439 0 LA090290-0118 0
439 0 FBIS3-2362 0
439 0 FT932-15955 0
439 0 LA010689-0131 0
439 0 LA022389-0081 0
439 0 FT934-7996 0
439 0 FT934-7162 0
439 0 FR941006-0-00056 0
439 0 FR941006-0-00042 0
439 0 FBIS3-37997 0
439 0 LA112990-0139 0
439 0 LA061090-0142 0
439 0 FBIS4-47570 0
439 0 LA101489-0078 0
439 0 LA120690-0200 0
439 0 FT934-7124 0
439 0 LA021390-0018 0
439 0 LA092989-0114 0
439 0 LA051089-0021 0
439 0 LA031389-0094 0
439 0 FT944-636 0
439 0 LA090990-0224 0
439 0 LA102089-0100 0
439 0 FR940822-2-00146 0
439 0 FR941006-2-00208 0
439 0 FBIS3-1780 0
439 0 FT924-3711 0
439 0 FBIS4-47597 0
439 0 FBIS3-5825 0
439 0 FBIS3-43085 0
439 0 FBIS3-60662 0
439 0 FBIS4-22932 0
440 0 LA040590-0063 1
440 0 LA031690-0183 1
440 0 FR940513-1-00101 0
440 0 LA072190-0072 0
440 0 FBIS4-5198 1
440 0 LA061290-0034 0
440 0 LA061290-0137 1
440 0 FT932-5791 1
440 0 FT942-3471 1
440 0 LA121889-0008 0
440 0 FBIS4-50830 1
440 0 LA062190-0015 0
440 0 FR940513-1-00110 0
440 0 FR940513-1-00105 0
440 0 FT942-8040 1
440 0 LA022890-0075 0
440 0 FT942-6206 1
440 0 FT933-5438 0
440 0 FT942-4368 0
440 0 FT921-16055 0
440 0 LA112689-0194 1
440 0 LA081190-0123 0
440 0 LA112689-0137 1
440 0 FBIS4-28035 1
440 0 LA112989-0008 0
440 0 FT942-17406 0
440 0 FT924-1107 1
440 0 FT944-12284 0
440 0 FT943-16503 0
440 0 LA042790-0115 0
440 0 FT932-10481 0
440 0 LA022890-0105 0
440 0 FT931-5001 0
440 0 FT934-9422 1
440 0 LA021090-0137 1
440 0 LA123189-0192 0
440 0 FT941-14479 0
440 0 FBIS3-7251 0
440 0 FT941-2512 0
440 0 FBIS3-20336 1
440 0 LA091490-0061 0
440 0 FBIS4-45041 0
440 0 FBIS3-44835 0
440 0 FR940513-1-00113 0
440 0 FBIS4-3354 0
440 0 FT941-516 1
440 0 FT921-14239 0
440 0 FBIS3-20402 1
440 0 FBIS4-48707 0
440 0 FBIS4-25578 0
441 0 LA092090-0248 1
441 0 LA071989-0117 1
441 0 LA112690-0027 1
441 0 LA061389-0087 1
441 0 LA092690-0153 0
441 0 LA073090-0058 0
441 0 FBIS4-67664 1
441 0 LA081989-0064 1
441 0 FT933-7438 0
441 0 FBIS3-41801 0
441 0 FBIS4-45839 1
441 0 FR940802-1-00015 1
441 0 LA112789-0001 0
441 0 FR940802-1-00013 1
441 0 FT923-453 0
441 0 LA111390-0102 1
441 0 FBIS3-60487 1
441 0 LA082189-0067 0
441 0 LA091890-0087 0
441 0 LA081989-0134 0
441 0 LA121590-0028 0
441 0 LA042489-0065 0
441 0 LA082689-0127 0
441 0 LA052190-0106 0
441 0 LA101289-0111 0
441 0 LA021890-0038 0
441 0 FR941107-2-00231 0
441 0 FT921-2018 1
441 0 LA092689-0080 0
441 0 LA101289-0068 0
441 0 LA111590-0227 0
441 0 LA092490-0069 0
441 0 LA031089-0169 0
441 0 FBIS4-33295 0
441 0 LA092689-0119 0
441 0 FR940523-2-00059 1
441 0 LA041889-0082 0
441 0 LA081990-0064 0
441 0 FT944-18645 0
441 0 LA112089-0054 0
441 0 LA051190-0179 0
441 0 LA113090-0156 0
441 0 FR940126-2-00104 0
441 0 LA092089-0117 0
441 0 FT933-11998 0
441 0 LA081990-0088 0
441 0 LA061889-0112 0
441 0 FBIS4-22994 0
441 0 FT933-9041 0
441 0 LA101090-0147 0
442 0 LA071090-0093 1
442 0 LA121090-0007 0
442 0 FBIS3-1987 0
442 0 FBIS4-21974 0
442 0 FBIS4-49851 0
442 0 FBIS3-45043 0
442 0 FBIS4-13202 0
442 0 FBIS4-17137 0
442 0 FBIS4-21970 0
442 0 FBIS4-26760 0
442 0 FBIS3-32664 0
442 0 FBIS4-53021 0
442 0 FBIS4-12755 0
442 0 FBIS4-13239 0
442 0 FBIS3-1953 1
442 0 FBIS3-54471 0
442 0 FBIS3-42400 0
442 0 FBIS4-11672 0
442 0 LA042389-0096 1
442 0 FBIS3-14070 0
442 0 FBIS4-60125 0
442 0 FBIS4-36655 0
442 0 FBIS4-16217 0
442 0 FBIS3-52276 0
442 0 FBIS4-60578 0
442 0 FBIS4-36664 0
442 0 FBIS4-3370 0
442 0 FBIS3-60950 0
442 0 FBIS3-53582 0
442 0 FBIS3-13234 0
442 0 FBIS4-30194 0
442 0 FBIS3-34322 0
442 0 LA021389-0077 1
442 0 FBIS4-46469 0
442 0 FBIS4-58674 0
442 0 LA111490-0053 0
442 0 FBIS4-10826 0
442 0 FBIS4-10896 0
442 0 LA121789-0069 0
442 0 FBIS3-27579 1
442 0 FBIS4-6790 0
442 0 FBIS4-36282 0
442 0 FBIS4-61615 0
442 0 FBIS3-13113 0
442 0 FBIS3-12410 0
442 0 FBIS4-59518 0
442 0 FBIS4-12753 0
442 0 FBIS4-58970 0
442 0 LA020290-0044 0
442 0 FBIS3-12518 0
443 0 FT921-14694 0
443 0 FBIS3-24678 0
443 0 FT933-858 0
443 0 FT933-5770 0
443 0 FT943-10426 0
443 0 FT933-1184 1
443 0 FT923-1945 0
443 0 FT941-4190 1
443 0 FT933-11867 1
443 0 FT944-17976 1
443 0 FT933-5769 0
443 0 FT933-1187 1
443 0 FT923-10905 0
443 0 FT933-673 0
443 0 FT943-15483 0
443 0 FT933-5763 1
443 0 FBIS3-14573 0
443 0 FT933-16046 0
443 0 FT933-5761 1
443 0 FT933-5766 0
443 0 FT943-12701 1
443 0 FT933-5759 0
443 0 FT933-11876 1
443 0 FT944-12720 0
443 0 FT924-10040 0
443 0 FT934-7734 0
443 0 FT941-10902 1
443 0 FT933-5762 0
443 0 FT943-13 0
443 0 FT932-12217 0
443 0 FT941-3811 0
443 0 FT932-14432 0
443 0 FT921-15897 0
443 0 FT932-12865 0
443 0 LA071790-0125 0
443 0 FT921-15895 0
443 0 FT934-16727 0
443 0 FT933-3022 0
443 0 FT911-2650 0
443 0 FT943-2143 1
443 0 FT932-14502 0
443 0 FT931-9693 0
443 0 FT933-5771 0
443 0 FT932-3841 0
443 0 FT944-17899 1
443 0 FT933-5765 0
443 0 FT941-1464 0
443 0 FT933-5760 0
443 0 FT941-15081 0
443 0 FT922-5893 0
444 0 FBIS4-45803 1
444 0 FR940318-0-00170 1
444 0 FR940318-0-00173 1
444 0 FR940318-0-00213 1
444 0 FR940318-0-00171 0
444 0 FBIS4-44747 1
444 0 FT943-4354 1
444 0 FBIS4-44913 1
444 0 FBIS3-40501 0
444 0 FR940419-2-00036 0
444 0 FR940318-0-00172 1
444 0 FBIS4-66450 1
444 0 FT932-7115 1
444 0 FBIS4-44741 1
444 0 FR940128-2-00102 1
444 0 LA100990-0024 0
444 0 FBIS3-42384 0
444 0 FBIS4-44730 1
444 0 FBIS4-66416 0
444 0 FBIS4-68220 0
444 0 FBIS4-20603 0
444 0 FBIS3-40352 0
444 0 LA042489-0048 0
444 0 FBIS4-68219 0
444 0 FBIS3-59774 0
444 0 FR941206-1-00134 0
444 0 FR940920-2-00059 0
444 0 FR940405-1-00079 0
444 0 FR940318-0-00174 0
444 0 FBIS4-20673 0
444 0 FR940405-1-00080 0
444 0 LA101090-0083 0
444 0 FBIS4-23061 0
444 0 FBIS4-20472 1
444 0 FR941206-2-00134 0
444 0 FR940505-1-00331 0
444 0 FR940407-2-00142 0
444 0 FBIS3-43040 0
444 0 FBIS3-43002 0
444 0 FBIS4-20638 0
444 0 FR940505-1-00374 0
444 0 FBIS3-40550 0
444 0 LA100690-0115 0
444 0 FR940628-0-00016 0
444 0 FR940607-0-00046 0
444 0 FR940607-0-00051 1
444 0 FR940712-2-00007 0
444 0 FR940112-0-00130 0
444 0 FR940318-0-00142 0
444 0 FBIS3-21081 0
445 0 FT924-8156 1
445 0 FT924-9001 1
445 0 FT934-408 1
445 0 FT944-2077 1
445 0 LA121489-0104 0
445 0 LA110789-0149 1
445 0 FT944-1870 1
445 0 LA080390-0117 0
445 0 FT941-7858 1
445 0 FT942-2917 1
445 0 FT921-7364 1
445 0 LA032589-0088 0
445 0 LA102790-0157 0
445 0 LA062489-0099 0
445 0 FT931-11616 1
445 0 FT944-2101 0
445 0 FT944-1894 0
445 0 LA033190-0122 0
445 0 FT943-15291 1
445 0 FT943-5763 0
445 0 FT942-13049 0
445 0 FT933-14773 0
445 0 FT943-9241 1
445 0 LA011589-0007 0
445 0 LA033190-0123 0
445 0 LA122290-0074 0
445 0 LA030189-0034 0
445 0 LA091990-0112 0
445 0 LA051389-0002 0
445 0 LA012490-0018 0
445 0 LA122290-0076 0
445 0 LA100289-0105 1
445 0 LA072989-0003 0
445 0 LA042090-0102 0
445 0 LA021289-0101 0
445 0 FT934-3058 1
445 0 LA102890-0167 0
445 0 LA041490-0122 0
445 0 LA120890-0111 0
445 0 FT942-17503 1
445 0 LA110989-0121 0
445 0 LA021790-0058 0
445 0 LA121790-0116 0
445 0 LA102289-0097 0
445 0 LA072989-0052 0
445 0 LA082490-0008 0
445 0 LA041490-0123 0
445 0 LA021589-0127 0
445 0 FT931-9901 1
445 0 LA050590-0078 0
446 0 FT943-11047 1
446 0 FT931-887 1
446 0 FBIS3-12936 0
446 0 FT931-4450 1
446 0 FT931-5364 1
446 0 FBIS4-25625 0
446 0 FT932-4527 1
446 0 FT931-1884 0
446 0 FT943-6049 1
446 0 FBIS3-42218 1
446 0 FT924-11275 1
446 0 FBIS3-13076 1
446 0 FBIS3-23248 0
446 0 FBIS4-10911 1
446 0 FT932-2101 1
446 0 FT933-15385 1
446 0 FBIS4-59260 1
446 0 FBIS4-56591 1
446 0 FBIS3-34563 1
446 0 FT932-7061 0
446 0 FT942-13802 1
446 0 FT933-15380 1
446 0 FT933-2803 0
446 0 FBIS3-22960 1
446 0 FBIS3-34820 1
446 0 FT931-4997 1
446 0 FT932-13545 1
446 0 FT934-12416 1
446 0 FT941-5407 1
446 0 FT924-8062 1
446 0 FT942-13789 1
446 0 LA052290-0102 0
446 0 FBIS3-42223 1
446 0 FBIS3-34175 1
446 0 FT933-1145 0
446 0 LA080890-0069 0
446 0 FT933-3290 1
446 0 FT924-12197 1
446 0 FBIS3-52822 1
446 0 LA052290-0101 0
446 0 FT934-12157 1
446 0 FBIS4-9716 1
446 0 FBIS4-12363 0
446 0 FT934-6154 0
446 0 FBIS4-25622 0
446 0 LA052390-0062 1
446 0 FT932-16493 1
446 0 FBIS4-44950 1
446 0 FT931-10137 0
446 0 FT923-13748 0
447 0 FT923-9701 1
447 0 FBIS3-40450 1
447 0 FT922-578 0
447 0 FR940318-0-00154 1
447 0 LA060990-0066 0
447 0 FR940318-0-00152 1
447 0 FT922-334 0
447 0 FR940505-1-00225 1
447 0 LA092289-0054 0
447 0 FBIS3-24505 1
447 0 FBIS3-21198 1
447 0 LA110990-0020 0
447 0 LA122990-0083 0
447 0 FR940318-0-00157 1
447 0 LA012489-0022 0
447 0 LA051389-0049 0
447 0 FT934-172 0
447 0 FBIS4-44663 0
447 0 FT941-2958 0
447 0 LA042389-0216 0
447 0 FT933-7856 0
447 0 FBIS4-68220 0
447 0 FBIS4-68219 0
447 0 FR940617-2-00029 0
447 0 FT943-14296 0
447 0 FT921-13537 0
447 0 FR940318-0-00151 1
447 0 FT924-14493 0
447 0 FT943-947 0
447 0 FR940318-0-00156 1
447 0 FR940318-0-00153 1
447 0 FR940318-0-00147 1
447 0 FR940318-0-00208 1
447 0 FT941-9620 0
447 0 FT921-7321 0
447 0 FT931-2261 0
447 0 FR940318-0-00149 1
447 0 FT933-6707 0
447 0 FBIS4-44896 0
447 0 FR940318-0-00146 1
447 0 FT934-83 0
447 0 FT944-2711 0
447 0 FT944-2270 0
447 0 FT922-12862 0
447 0 FT942-6031 0
447 0 FT943-13220 0
447 0 FBIS3-59722 0
447 0 FT924-3606 0
447 0 FT944-2115 0
447 0 FT944-1907 0
448 0 FT921-11935 1
448 0 FT943-5644 0
448 0 FT934-1954 1
448 0 FT943-316 0
448 0 FT932-1366 0
448 0 FT943-178 0
448 0 FT931-16636 1
448 0 FT943-536 0
448 0 FT943-543 0
448 0 FT943-8674 0
448 0 FBIS4-13392 0
448 0 FT943-1964 0
448 0 FT934-1966 0
448 0 FT924-12996 0
448 0 FT943-5931 0
448 0 FBIS4-17109 0
448 0 FT933-10360 0
448 0 FT944-18722 1
448 0 FT944-18938 1
448 0 LA040889-0031 0
448 0 LA040890-0146 0
448 0 FT943-312 0
448 0 FT944-18875 0
448 0 FT944-15143 0
448 0 FT942-4810 1
448 0 FT944-18499 1
448 0 FT931-12892 0
448 0 FT944-18592 1
448 0 LA122390-0159 0
448 0 LA040989-0122 0
448 0 FT944-1600 1
448 0 LA062189-0045 0
448 0 FT944-5248 0
448 0 FT934-13657 0
448 0 LA010289-0020 0
448 0 LA040990-0072 0
448 0 LA050490-0107 0
448 0 LA062290-0052 0
448 0 LA072790-0075 0
448 0 FR941216-1-00095 0
448 0 FT922-10032 0
448 0 FT933-9178 0
448 0 FT944-11048 0
448 0 FBIS4-39795 0
448 0 LA030890-0031 0
448 0 FBIS4-66382 0
448 0 FT944-6974 0
448 0 FT921-12434 0
448 0 FBIS3-24469 0
448 0 LA032490-0127 0
449 0 FT924-5307 1
449 0 LA052190-0106 0
449 0 FT922-12251 1
449 0 FT943-677 0
449 0 FT933-7438 1
449 0 FBIS4-23026 1
449 0 LA111090-0106 0
449 0 FT944-18645 1
449 0 FT931-10954 0
449 0 LA062490-0039 0
449 0 FBIS4-23032 1
449 0 FT942-8985 1
449 0 FT922-7537 1
449 0 LA010790-0029 0
449 0 FT942-6645 0
449 0 FT944-3523 0
449 0 LA092490-0069 0
449 0 FT933-5254 0
449 0 FT932-16160 0
449 0 FT923-14971 0
449 0 LA040990-0066 0
449 0 FT934-6703 0
449 0 FR940202-2-00101 0
449 0 FBIS4-23031 0
449 0 FBIS4-23029 0
449 0 FBIS4-23025 0
449 0 FBIS4-23028 0
449 0 FBIS4-33295 0
449 0 FBIS4-23030 0
449 0 FT942-7603 0
449 0 FBIS3-41801 0
449 0 LA022690-0121 0
449 0 FR941107-2-00231 0
449 0 FT943-7095 1
449 0 FT921-2018 1
449 0 LA112690-0028 0
449 0 LA070489-0051 0
449 0 FR940202-2-00138 0
449 0 LA062590-0046 0
449 0 LA061390-0002 1
449 0 LA012489-0078 0
449 0 LA030690-0009 0
449 0 FR940202-2-00103 0
449 0 LA032190-0081 0
449 0 FBIS4-23024 1
449 0 FBIS4-23027 0
449 0 LA112690-0027 0
449 0 LA061389-0023 0
449 0 LA081390-0052 0
449 0 LA052390-0176 0
450 0 FT941-12873 1
450 0 FT943-14084 1
450 0 FT933-5957 1
450 0 FT943-10634 1
450 0 FT943-12560 1
450 0 FT933-748 1
450 0 FT944-15512 1
450 0 FT944-10340 1
450 0 FT943-13871 1
450 0 FT941-13153 1
450 0 FT944-15625 1
450 0 FT924-8277 0
450 0 FT941-10100 1
450 0 FT933-5611 1
450 0 FT933-3882 1
450 0 FT942-4289 1
450 0 FT944-13606 1
450 0 FT943-12406 1
450 0 FT933-5518 1
450 0 FT943-15923 1
450 0 FT944-13630 1
450 0 FT943-15934 1
450 0 FT921-3964 1
450 0 FT943-13669 0
450 0 FT943-12145 1
450 0 FT943-13098 1
450 0 FT943-11046 1
450 0 FT924-8272 0
450 0 FT924-7491 0
450 0 FT933-6171 0
450 0 FT943-15066 1
450 0 FT923-13341 0
450 0 FT942-11628 1
450 0 FT923-13456 1
450 0 LA121589-0028 0
450 0 LA091890-0045 1
450 0 FT943-12960 1
450 0 LA053190-0100 1
450 0 FT921-7455 0
450 0 FT941-17555 1
450 0 LA100590-0052 0
450 0 FT911-609 0
450 0 FT943-12140 0
450 0 FT943-14806 1
450 0 FT923-13361 0
450 0 FT933-2304 1
450 0 FT943-12422 1
450 0 FT923-12577 1
450 0 FT944-12268 1
450 0 FT943-12373 0
