351 0 FT932-16710 1
351 0 FT922-15099 1
351 0 FT921-6603 1
351 0 FT944-15849 1
351 0 FT934-4848 1
351 0 FT934-4856 1
351 0 FT942-12805 1
351 0 FT941-13429 1
351 0 FT932-6577 1
351 0 FBIS3-59016 1
351 0 FBIS3-33035 1
351 0 FT923-11890 1
351 0 FT934-13954 1
351 0 FT934-4629 1
351 0 FT923-1456 1
351 0 FT922-14936 1
351 0 FT931-932 1
351 0 FT931-16104 0
351 0 FT931-10913 1
351 0 FT921-2097 1
351 0 FT932-9729 0
351 0 FT934-13429 1
351 0 FBIS4-34579 1
351 0 FBIS3-19947 1
351 0 FBIS3-33505 1
351 0 FBIS3-10697 1
351 0 FBIS3-10551 1
351 0 FBIS3-11107 1
351 0 FT931-16617 1
351 0 FT943-15117 1
351 0 FT921-8458 1
351 0 FT921-8241 0
351 0 FBIS3-50570 1
351 0 FBIS4-57354 1
351 0 FBIS4-56741 1
351 0 FBIS3-10646 1
351 0 LA111290-0139 1
351 0 FBIS4-10762 1
351 0 FBIS4-33819 0
351 0 FT921-1950 0
351 0 FT922-8324 1
351 0 FT943-14758 1
351 0 FBIS4-34996 1
351 0 FBIS4-35048 1
351 0 FT922-3165 1
351 0 FBIS4-11114 1
351 0 FBIS4-11409 0
351 0 FBIS4-34995 0
351 0 FBIS4-35047 0
351 0 FBIS4-64976 1
352 0 FT934-11803 1
352 0 LA120290-0163 1
352 0 FT934-10925 0
352 0 FT942-8510 1
352 0 FT944-9034 1
352 0 FT922-15165 0
352 0 FT934-2741 1
352 0 FT911-3106 0
352 0 FT934-10658 0
352 0 LA120290-0091 0
352 0 FT944-4064 1
352 0 FT942-11114 0
352 0 FT932-5866 0
352 0 FT944-4743 1
352 0 FBIS3-47065 0
352 0 FT941-10270 1
352 0 FT941-16299 1
352 0 FT942-11412 1
352 0 FT941-15354 0
352 0 FBIS4-64850 1
352 0 FT942-11141 1
352 0 FT944-9847 0
352 0 FT934-3136 0
352 0 FT924-10994 1
352 0 FT934-9695 1
352 0 FT942-6839 1
352 0 FT942-6533 1
352 0 FT944-8314 1
352 0 FT943-3911 1
352 0 FT942-116 0
352 0 FT943-1971 1
352 0 FT942-11130 1
352 0 FT922-7220 1
352 0 FT942-265 0
352 0 FT942-11058 1
352 0 FT941-3836 1
352 0 FT934-16621 1
352 0 FT942-11119 0
352 0 FT923-7994 1
352 0 FT941-5434 1
352 0 FT942-11116 0
352 0 FT932-16862 0
352 0 FT942-11138 1
352 0 FT942-15713 1
352 0 FT933-6920 1
352 0 FT934-4104 0
352 0 FT942-3907 1
352 0 FT942-11120 1
352 0 FT931-1800 1
352 0 FT942-11109 1
353 0 LA111690-0059 1
353 0 FT911-558 1
353 0 FT911-4349 1
353 0 FT911-4348 1
353 0 LA120389-0149 1
353 0 LA040590-0149 1
353 0 LA102189-0067 1
353 0 LA031989-0166 1
353 0 FT911-1769 1
353 0 FBIS4-67409 0
353 0 LA100990-0079 1
353 0 FBIS3-61405 1
353 0 FT911-4261 1
353 0 FBIS4-26294 1
353 0 FBIS4-5466 0
353 0 LA100389-0123 0
353 0 FT934-13553 1
353 0 FT942-7081 1
353 0 FBIS4-67402 0
353 0 FBIS4-20472 1
353 0 FBIS3-59517 0
353 0 FT911-122 1
353 0 FT944-18764 0
353 0 LA052889-0108 0
353 0 FBIS3-41958 0
353 0 FBIS3-21452 0
353 0 FT944-3902 0
353 0 FBIS3-11379 1
353 0 LA011589-0120 1
353 0 FT931-11204 0
353 0 LA100190-0054 1
353 0 LA030490-0202 0
353 0 FBIS3-21000 1
353 0 FT934-16572 1
353 0 LA091789-0064 0
353 0 LA121590-0066 1
353 0 FT924-7120 1
353 0 FT931-8655 0
353 0 FR940105-2-00091 1
353 0 FR940314-0-00047 1
353 0 LA071789-0043 1
353 0 LA102890-0027 1
353 0 LA122189-0007 0
353 0 LA122189-0125 0
353 0 FBIS3-41666 1
353 0 FBIS3-59747 0
353 0 FBIS3-61088 0
353 0 FBIS4-67533 0
353 0 FR941012-2-00098 0
353 0 LA021689-0113 1
354 0 LA032690-0018 1
354 0 LA082489-0005 0
354 0 FBIS3-31130 1
354 0 FBIS4-9240 1
354 0 LA070790-0061 1
354 0 LA061189-0147 1
354 0 FBIS3-58280 1
354 0 LA070789-0003 1
354 0 FBIS4-66693 1
354 0 LA032890-0088 1
354 0 LA050390-0027 1
354 0 LA041789-0009 1
354 0 FBIS4-68881 1
354 0 FBIS3-31047 1
354 0 LA071689-0004 0
354 0 FBIS3-30283 1
354 0 FBIS4-46747 0
354 0 LA061589-0042 1
354 0 FBIS3-26513 0
354 0 FBIS4-68440 0
354 0 FBIS4-13059 1
354 0 LA050390-0168 1
354 0 FBIS4-51988 0
354 0 LA080190-0003 0
354 0 FBIS4-12639 0
354 0 FBIS4-30974 0
354 0 FBIS4-46383 1
354 0 FBIS3-31302 1
354 0 LA031190-0003 0
354 0 LA071889-0152 1
354 0 FBIS3-10737 1
354 0 FBIS4-3633 1
354 0 FBIS4-10851 1
354 0 FBIS4-26931 1
354 0 FBIS3-30281 1
354 0 FBIS4-26560 1
354 0 FBIS4-36332 1
354 0 FBIS4-56252 1
354 0 FBIS3-2789 1
354 0 FBIS4-36779 1
354 0 FBIS3-30199 1
354 0 FBIS4-38271 1
354 0 FBIS4-2331 0
354 0 LA032089-0042 1
354 0 LA120990-0175 1
354 0 FBIS3-602 1
354 0 FBIS4-49485 1
354 0 FBIS4-24276 0
354 0 FBIS3-23222 1
354 0 FBIS4-36104 1
355 0 FBIS4-20436 1
355 0 FBIS3-21238 1
355 0 FBIS4-20602 1
355 0 FBIS3-23683 0
355 0 FBIS3-23689 1
355 0 FBIS3-40210 1
355 0 FBIS4-22145 0
355 0 FBIS3-21019 1
355 0 FBIS4-67760 1
355 0 FBIS4-44913 0
355 0 FBIS4-44904 1
355 0 FBIS3-21242 1
355 0 FBIS4-20917 1
355 0 FBIS4-29162 1
355 0 FBIS4-68330 1
355 0 LA032589-0046 0
355 0 LA101690-0086 0
355 0 LA022790-0002 0
355 0 FBIS4-2523 0
355 0 FBIS4-47382 0
355 0 FBIS4-66494 0
355 0 FBIS3-40357 1
355 0 FT933-678 1
355 0 FBIS3-23517 0
355 0 LA030389-0115 0
355 0 FBIS3-40552 0
355 0 FBIS4-44693 1
355 0 FBIS4-22151 0
355 0 FBIS4-20472 1
355 0 FBIS3-23691 1
355 0 FT931-16470 0
355 0 FBIS3-40388 1
355 0 LA040990-0043 0
355 0 FBIS4-44915 1
355 0 FBIS3-59750 1
355 0 FBIS3-40224 0
355 0 FBIS4-49691 1
355 0 FBIS3-59550 0
355 0 FBIS4-44901 1
355 0 FBIS4-49080 0
355 0 LA013090-0112 1
355 0 LA021290-0037 1
355 0 LA030889-0008 0
355 0 LA051290-0078 0
355 0 LA052189-0006 0
355 0 FR941021-0-00056 0
355 0 FBIS3-22119 0
355 0 FBIS3-59757 0
355 0 FBIS4-42216 0
355 0 FBIS4-66467 0
356 0 LA082890-0074 0
356 0 LA080289-0067 0
356 0 FT932-1044 1
356 0 FT934-4626 1
356 0 FT934-10438 1
356 0 FT933-8376 1
356 0 FT934-14693 0
356 0 FT924-10901 0
356 0 FT934-15392 0
356 0 LA010790-0103 0
356 0 FT943-1503 0
356 0 FR940513-2-00108 1
356 0 FT921-537 1
356 0 FT924-979 1
356 0 FT931-15358 1
356 0 FR940525-1-00062 0
356 0 FT944-12240 0
356 0 LA020490-0136 0
356 0 LA011389-0029 0
356 0 FT933-650 0
356 0 FT933-2354 1
356 0 LA030290-0067 0
356 0 FT932-7262 0
356 0 FR940913-2-00059 0
356 0 FT933-2692 0
356 0 FT943-969 0
356 0 LA071290-0133 0
356 0 FBIS3-19947 0
356 0 FBIS3-24678 0
356 0 FBIS3-32239 0
356 0 FBIS3-36078 0
356 0 FBIS3-41666 0
356 0 FBIS3-58 0
356 0 FBIS3-59016 0
356 0 FBIS3-6105 0
356 0 FBIS3-61335 0
356 0 FBIS3-61336 0
356 0 FBIS3-9918 0
356 0 FBIS4-11409 0
356 0 FBIS4-20472 0
356 0 FBIS4-20504 0
356 0 FBIS4-29 0
356 0 FBIS4-34579 0
356 0 FBIS4-34995 0
356 0 FBIS4-35047 0
356 0 FBIS4-42 0
356 0 FBIS4-66185 0
356 0 FBIS4-66382 0
356 0 FBIS4-67533 0
356 0 FR940602-1-00023 0
357 0 FT944-9398 1
357 0 FT943-8618 0
357 0 FBIS3-6514 1
357 0 FBIS4-53445 1
357 0 FBIS4-51793 0
357 0 FBIS4-43745 1
357 0 FT944-2053 0
357 0 FBIS3-10764 1
357 0 FT944-9095 1
357 0 FBIS4-65392 1
357 0 LA040289-0091 0
357 0 FBIS4-30369 1
357 0 FBIS4-28401 0
357 0 FBIS4-30212 1
357 0 FBIS4-29373 1
357 0 FBIS3-41620 0
357 0 FBIS4-36520 0
357 0 FT943-11663 0
357 0 FBIS4-49663 1
357 0 FT944-7864 1
357 0 FT923-4500 1
357 0 FBIS4-50657 1
357 0 FT941-2301 1
357 0 FT923-10880 1
357 0 FBIS4-3639 1
357 0 FBIS3-36488 1
357 0 FBIS4-29494 1
357 0 FBIS4-50547 1
357 0 FBIS4-53380 1
357 0 FT942-9957 1
357 0 FT944-11244 1
357 0 FBIS4-29333 1
357 0 FBIS4-51597 1
357 0 FBIS4-3980 1
357 0 FBIS4-28695 1
357 0 FBIS4-52943 1
357 0 FBIS4-3788 1
357 0 FT923-3881 1
357 0 FBIS4-50656 1
357 0 FBIS3-36489 1
357 0 FBIS4-28898 1
357 0 FBIS4-52957 1
357 0 FT923-11995 1
357 0 FBIS4-25661 1
357 0 FBIS4-52400 1
357 0 FBIS4-53469 1
357 0 FT923-14233 1
357 0 FBIS4-50658 1
357 0 FBIS4-6549 1
357 0 FBIS4-49987 1
358 0 LA040689-0027 1
358 0 LA040789-0022 1
358 0 LA101090-0043 1
358 0 LA101290-0077 1
358 0 LA092789-0026 1
358 0 LA091389-0008 1
358 0 LA030889-0034 1
358 0 LA011289-0070 1
358 0 LA061490-0039 1
358 0 LA122389-0007 1
358 0 LA122789-0131 0
358 0 LA050990-0062 1
358 0 LA110890-0049 1
358 0 LA042889-0069 1
358 0 LA060890-0065 0
358 0 LA042090-0099 0
358 0 LA041190-0137 0
358 0 LA123189-0111 0
358 0 LA091689-0078 1
358 0 LA091390-0260 1
358 0 LA081189-0092 1
358 0 LA101989-0014 1
358 0 LA122389-0013 1
358 0 LA042590-0030 1
358 0 LA051889-0059 1
358 0 LA091689-0056 0
358 0 LA041990-0194 1
358 0 LA090490-0127 0
358 0 LA060690-0029 1
358 0 LA020289-0091 1
358 0 FR940114-1-00032 0
358 0 LA031889-0124 1
358 0 LA041890-0071 1
358 0 LA050389-0106 1
358 0 LA011290-0111 1
358 0 LA081789-0031 1
358 0 LA100389-0044 0
358 0 LA041290-0114 1
358 0 LA050390-0077 1
358 0 LA050389-0065 1
358 0 LA102690-0164 0
358 0 LA012690-0061 1
358 0 LA011890-0114 1
358 0 LA100490-0132 1
358 0 LA011890-0129 1
358 0 LA013089-0044 1
358 0 LA013089-0100 1
358 0 LA013189-0058 1
358 0 LA103090-0194 1
358 0 LA103190-0064 1
359 0 LA021990-0086 0
359 0 LA032690-0072 1
359 0 LA020489-0104 0
359 0 LA100790-0239 0
359 0 FT921-1265 0
359 0 LA070789-0092 0
359 0 LA040990-0062 0
359 0 FR940830-2-00083 0
359 0 LA122390-0143 0
359 0 FT924-11383 0
359 0 FR940513-2-00094 0
359 0 LA051490-0102 0
359 0 LA033190-0115 0
359 0 FR941006-1-00063 0
359 0 FR940407-2-00093 0
359 0 FT934-4679 0
359 0 FR940526-2-00185 0
359 0 LA060289-0037 0
359 0 LA091790-0019 0
359 0 LA100589-0171 0
359 0 FR940511-2-00142 0
359 0 LA011489-0115 1
359 0 LA061089-0080 0
359 0 LA041590-0151 0
359 0 LA093090-0236 0
359 0 FT924-6142 0
359 0 FR940504-0-00051 0
359 0 LA091690-0208 0
359 0 FR940324-2-00129 0
359 0 FR941103-0-00036 0
359 0 LA072189-0080 0
359 0 LA040890-0216 0
359 0 LA040590-0215 0
359 0 LA122390-0142 0
359 0 FR940524-2-00080 0
359 0 LA040189-0110 0
359 0 FT931-726 0
359 0 LA070190-0163 1
359 0 LA122490-0082 0
359 0 FT934-3875 0
359 0 LA010689-0123 0
359 0 LA022690-0063 0
359 0 FT943-737 0
359 0 LA091689-0105 0
359 0 FT941-11862 0
359 0 FT934-3827 0
359 0 FR941103-2-00070 0
359 0 FT922-1028 0
359 0 LA060989-0088 0
359 0 LA102990-0023 0
360 0 LA112089-0024 1
360 0 LA050789-0008 1
360 0 LA121289-0102 1
360 0 LA072990-0058 1
360 0 LA031990-0020 1
360 0 FBIS4-45178 1
360 0 FBIS4-57533 1
360 0 FBIS4-67250 1
360 0 FBIS4-21335 1
360 0 FBIS4-20016 0
360 0 FBIS4-67034 1
360 0 FBIS4-56744 1
360 0 LA011090-0127 1
360 0 FBIS4-32904 1
360 0 FBIS4-67159 1
360 0 FBIS3-60059 1
360 0 FBIS3-57998 1
360 0 FBIS4-21016 1
360 0 FBIS4-57131 1
360 0 LA031990-0019 1
360 0 FBIS3-10398 1
360 0 FBIS3-10289 1
360 0 FBIS3-21717 1
360 0 FBIS4-56869 0
360 0 FBIS4-67074 0
360 0 FBIS3-41389 1
360 0 FT942-17001 1
360 0 FBIS4-57854 0
360 0 FBIS4-45163 0
360 0 LA081890-0006 1
360 0 LA032590-0030 1
360 0 LA032590-0031 1
360 0 FT942-4346 1
360 0 LA040389-0018 1
360 0 FBIS4-56689 0
360 0 FT942-4338 1
360 0 FBIS4-42809 0
360 0 LA032590-0137 1
360 0 FBIS3-22088 0
360 0 FBIS4-67258 1
360 0 FBIS4-57468 1
360 0 LA041290-0037 1
360 0 LA031289-0044 1
360 0 FBIS4-21064 1
360 0 FBIS4-10295 1
360 0 FBIS4-57798 0
360 0 LA112689-0070 1
360 0 FBIS4-67038 1
360 0 FBIS4-56522 1
360 0 FBIS4-67047 1
361 0 LA022890-0075 0
361 0 FR940617-2-00165 0
361 0 FBIS4-50830 0
361 0 FR940503-2-00105 0
361 0 LA112689-0137 1
361 0 LA112689-0194 1
361 0 LA112989-0008 0
361 0 LA121889-0008 0
361 0 LA021090-0137 1
361 0 LA061290-0034 0
361 0 FR940513-1-00101 0
361 0 FR941206-1-00134 0
361 0 LA081190-0123 1
361 0 LA032290-0007 0
361 0 LA122289-0116 0
361 0 LA061290-0137 0
361 0 FR940513-1-00100 0
361 0 LA022890-0105 1
361 0 LA042790-0115 0
361 0 LA123189-0192 1
361 0 LA120689-0012 0
361 0 LA120689-0008 0
361 0 LA112889-0108 1
361 0 LA031890-0125 0
361 0 FBIS3-1945 0
361 0 LA082390-0031 0
361 0 FBIS4-25578 0
361 0 FR941025-1-00027 0
361 0 FR940617-2-00161 0
361 0 FR940203-0-00084 0
361 0 FT932-10481 0
361 0 FT924-1107 0
361 0 FT942-12536 0
361 0 FT921-4538 0
361 0 FR940513-2-00094 0
361 0 FT931-5001 0
361 0 FT941-2002 0
361 0 FT942-3471 0
361 0 FR940223-2-00074 0
361 0 FR940602-1-00023 0
361 0 FT943-12929 0
361 0 FT942-14617 0
361 0 LA091690-0062 0
361 0 LA070989-0113 0
361 0 FR941025-1-00030 0
361 0 FBIS4-42634 0
361 0 FR940406-0-00190 0
361 0 FT942-8040 0
361 0 FT924-10405 0
361 0 LA062890-0126 0
362 0 FT932-4965 1
362 0 FBIS3-26112 1
362 0 FT932-5376 1
362 0 FBIS3-3189 1
362 0 FBIS4-49075 1
362 0 FBIS3-24325 0
362 0 FBIS4-2353 1
362 0 LA111989-0088 1
362 0 LA030189-0037 1
362 0 LA110190-0023 0
362 0 FBIS4-31707 1
362 0 LA083189-0209 1
362 0 LA030989-0111 1
362 0 LA030189-0036 1
362 0 LA080590-0106 1
362 0 FT933-11804 0
362 0 LA082390-0171 1
362 0 LA030589-0158 1
362 0 LA072090-0019 1
362 0 LA030289-0080 1
362 0 LA062989-0189 1
362 0 LA062290-0050 0
362 0 FBIS3-48263 0
362 0 FT932-4966 1
362 0 FBIS3-19646 0
362 0 LA031690-0171 1
362 0 FBIS3-41244 0
362 0 LA031890-0196 0
362 0 LA062389-0131 0
362 0 LA093090-0095 0
362 0 LA012989-0114 1
362 0 FBIS4-45239 0
362 0 LA081790-0122 1
362 0 FBIS3-2234 1
362 0 FBIS4-1795 0
362 0 LA081790-0156 1
362 0 FT931-9196 0
362 0 LA072790-0156 1
362 0 FBIS3-26071 0
362 0 FBIS3-21961 0
362 0 FBIS3-47775 0
362 0 FBIS3-26415 0
362 0 LA020190-0059 0
362 0 LA090190-0032 0
362 0 FBIS3-26913 0
362 0 LA061290-0067 0
362 0 LA022889-0154 1
362 0 LA121290-0049 0
362 0 LA030289-0204 0
362 0 FBIS3-39240 0
363 0 FT944-11817 0
363 0 FT941-7101 1
363 0 FT941-7105 1
363 0 FT924-13997 1
363 0 FT924-11139 0
363 0 FT942-3862 0
363 0 FT943-11650 0
363 0 FT934-5912 0
363 0 LA071490-0104 1
363 0 FT911-4885 1
363 0 LA080590-0001 0
363 0 FT944-4001 1
363 0 LA020690-0142 1
363 0 LA071490-0079 1
363 0 LA071490-0016 0
363 0 LA021790-0136 1
363 0 FT921-8916 0
363 0 LA071490-0102 1
363 0 LA072490-0030 0
363 0 LA071490-0103 0
363 0 LA070890-0174 1
363 0 LA011190-0186 1
363 0 FT924-15077 1
363 0 FT922-12816 0
363 0 FT922-13065 0
363 0 FT934-3136 0
363 0 LA120290-0163 0
363 0 LA042589-0104 0
363 0 FT934-7067 0
363 0 LA020289-0045 0
363 0 LA050289-0109 0
363 0 LA092290-0102 0
363 0 FT934-3952 0
363 0 FT922-1316 0
363 0 FT934-10137 0
363 0 LA071590-0099 1
363 0 LA082690-0119 0
363 0 LA021989-0212 0
363 0 FT911-566 0
363 0 FT923-10334 0
363 0 FT923-6165 0
363 0 LA020790-0101 1
363 0 LA083190-0013 0
363 0 LA071490-0077 0
363 0 FT932-17457 0
363 0 FT923-7994 0
363 0 FBIS4-20472 0
363 0 FBIS3-24653 0
363 0 FBIS3-36078 0
363 0 FBIS3-40497 0
364 0 FR941006-1-00006 1
364 0 FR941006-1-00007 1
364 0 FR941006-1-00005 0
364 0 FBIS3-22643 1
364 0 FBIS3-22547 1
364 0 FBIS4-33007 1
364 0 LA122790-0077 1
364 0 FBIS3-22622 1
364 0 FT923-5564 1
364 0 FT944-7827 1
364 0 FR941006-1-00008 0
364 0 LA052790-0209 1
364 0 FBIS3-4916 1
364 0 FBIS3-22604 1
364 0 LA082390-0001 0
364 0 LA100590-0099 1
364 0 LA070590-0145 0
364 0 LA010889-0041 1
364 0 LA091890-0152 1
364 0 LA041289-0027 0
364 0 FT931-16883 0
364 0 FBIS3-22514 1
364 0 LA090189-0061 1
364 0 FBIS4-45868 1
364 0 FBIS3-22674 1
364 0 FBIS3-60503 1
364 0 FBIS3-60504 1
364 0 FBIS3-60505 1
364 0 FBIS4-67692 1
364 0 LA010289-0060 1
364 0 LA021189-0113 1
364 0 LA060190-0138 1
364 0 LA110689-0060 0
364 0 FBIS3-50247 1
364 0 FBIS4-62473 1
364 0 FT944-6565 1
364 0 LA081789-0055 1
364 0 LA082789-0198 1
364 0 LA110689-0034 1
364 0 FBIS3-24544 0
364 0 FBIS4-47556 0
364 0 FT931-13670 0
364 0 FBIS3-36078 0
364 0 FBIS3-41666 0
364 0 FBIS3-6105 0
364 0 FBIS4-11284 0
364 0 FBIS4-20504 0
364 0 FBIS4-29 0
364 0 FBIS4-41008 0
364 0 FBIS4-66382 0
365 0 FT921-10204 1
365 0 LA123090-0031 1
365 0 LA021690-0167 1
365 0 FT923-14358 1
365 0 LA070990-0005 1
365 0 LA110390-0071 1
365 0 LA112790-0036 1
365 0 LA062890-0007 1
365 0 FT932-14766 1
365 0 LA071790-0136 1
365 0 FT922-5507 1
365 0 LA041890-0004 1
365 0 LA080890-0116 1
365 0 LA121490-0119 1
365 0 LA050690-0183 1
365 0 FT922-14235 1
365 0 FT922-12623 1
365 0 FT922-643 1
365 0 FT931-13401 1
365 0 FT921-16395 1
365 0 FR940906-2-00094 1
365 0 FR940719-2-00148 1
365 0 FR940831-2-00124 1
365 0 FR940926-2-00036 1
365 0 LA051190-0146 1
365 0 LA061789-0038 1
365 0 FT921-5191 0
365 0 FR940104-0-00039 1
365 0 FT924-2561 1
365 0 FR941104-2-00064 1
365 0 LA082089-0061 0
365 0 LA022190-0109 1
365 0 LA012990-0054 1
365 0 LA081589-0027 1
365 0 FT943-6790 1
365 0 FR940907-2-00008 1
365 0 LA021890-0051 0
365 0 LA120890-0074 0
365 0 FR940104-0-00049 0
365 0 FBIS4-44904 0
365 0 FR940907-2-00004 0
365 0 FBIS3-21242 1
365 0 LA072790-0128 0
365 0 FR940202-1-00049 0
365 0 FR940203-0-00058 0
365 0 LA052789-0013 0
365 0 FR940203-0-00063 0
365 0 FT922-9051 0
365 0 FR940603-1-00034 0
365 0 FBIS4-11397 0
366 0 FR940919-0-00073 1
366 0 FR940919-0-00071 0
366 0 FT941-16332 1
366 0 FBIS4-20690 1
366 0 FBIS3-46993 1
366 0 LA032789-0047 0
366 0 FR940919-0-00053 0
366 0 FT934-10056 1
366 0 LA041889-0026 1
366 0 LA050990-0033 1
366 0 LA092390-0194 0
366 0 LA102990-0105 1
366 0 FR940304-1-00046 1
366 0 FR940620-0-00169 0
366 0 LA032990-0078 1
366 0 FBIS4-47282 1
366 0 FT931-16618 1
366 0 FT932-5802 1
366 0 FT934-7389 1
366 0 LA031390-0056 0
366 0 LA050689-0077 1
366 0 LA060489-0094 1
366 0 LA060689-0018 1
366 0 LA061490-0174 0
366 0 LA112990-0089 1
366 0 LA121890-0103 1
366 0 FT921-10207 1
366 0 FT941-2277 1
366 0 FT931-2264 1
366 0 FBIS4-1659 1
366 0 LA030889-0031 1
366 0 FBIS4-48706 0
366 0 LA110590-0069 1
366 0 FBIS3-22334 1
366 0 FT944-14646 1
366 0 FR940304-1-00049 1
366 0 LA040490-0001 1
366 0 LA033089-0115 1
366 0 LA061589-0036 0
366 0 LA031690-0156 0
366 0 FR940111-2-00031 1
366 0 FBIS3-23861 1
366 0 LA092189-0142 0
366 0 FR940114-2-00162 1
366 0 FBIS4-21382 0
366 0 FBIS3-43068 0
366 0 FBIS3-41666 1
366 0 LA062690-0034 1
366 0 LA061890-0031 0
366 0 LA070189-0037 1
367 0 FBIS4-2223 1
367 0 FBIS3-48230 1
367 0 FT924-15875 0
367 0 LA071089-0076 1
367 0 FT923-1266 1
367 0 FT923-9880 1
367 0 FBIS3-29724 1
367 0 LA071089-0057 1
367 0 FT931-13007 1
367 0 LA080989-0086 1
367 0 FBIS4-48973 0
367 0 FBIS4-67139 1
367 0 FBIS4-33537 1
367 0 FBIS3-29693 1
367 0 FT934-8850 0
367 0 LA030789-0088 1
367 0 FBIS3-26692 1
367 0 FBIS4-53389 1
367 0 FT931-6602 1
367 0 FBIS3-44900 1
367 0 LA061390-0142 1
367 0 FBIS4-53276 1
367 0 FBIS3-47418 1
367 0 FBIS3-47734 1
367 0 FBIS4-50246 1
367 0 FBIS4-3763 1
367 0 LA050889-0093 1
367 0 LA052289-0049 1
367 0 FBIS3-29694 1
367 0 FT931-13486 0
367 0 LA122489-0064 1
367 0 FT931-11839 1
367 0 FBIS4-27994 1
367 0 FT944-17861 0
367 0 FBIS4-28550 1
367 0 FBIS3-3864 1
367 0 FBIS4-3450 0
367 0 FT911-4085 0
367 0 FT932-17442 0
367 0 FBIS3-3196 1
367 0 FBIS4-28798 1
367 0 LA042990-0194 1
367 0 LA042990-0214 1
367 0 LA091389-0109 1
367 0 FBIS3-3863 1
367 0 FBIS3-6166 1
367 0 FBIS3-32035 1
367 0 FBIS3-40098 1
367 0 FBIS3-57859 1
367 0 FBIS4-3258 1
368 0 LA120789-0015 1
368 0 LA080790-0131 1
368 0 LA092189-0226 1
368 0 LA111190-0025 1
368 0 LA080889-0083 1
368 0 LA092689-0055 1
368 0 LA081490-0123 1
368 0 LA081289-0012 1
368 0 LA080789-0101 1
368 0 LA081490-0032 1
368 0 LA103090-0134 1
368 0 LA102990-0096 1
368 0 LA052790-0032 1
368 0 LA101890-0055 1
368 0 LA032790-0011 1
368 0 LA041390-0072 1
368 0 LA072390-0045 1
368 0 LA062389-0034 1
368 0 LA101689-0053 1
368 0 LA092790-0237 1
368 0 LA072490-0037 0
368 0 LA101290-0150 1
368 0 LA102390-0121 1
368 0 LA101190-0211 1
368 0 LA102290-0115 1
368 0 LA082190-0143 1
368 0 LA092590-0067 1
368 0 LA100189-0012 0
368 0 LA042389-0005 1
368 0 LA123190-0056 0
368 0 LA082490-0135 0
368 0 FR940114-2-00068 1
368 0 LA092690-0088 0
368 0 FR940603-2-00066 1
368 0 FR940325-2-00079 1
368 0 FT931-15823 0
368 0 LA062690-0178 0
368 0 LA030389-0179 1
368 0 LA080989-0083 1
368 0 LA091390-0249 1
368 0 FR940224-2-00094 1
368 0 LA090790-0018 0
368 0 LA101289-0201 0
368 0 FT941-16729 1
368 0 FT941-15524 1
368 0 LA120790-0115 0
368 0 LA012989-0064 0
368 0 LA031690-0157 1
368 0 FT931-7612 1
368 0 LA092790-0172 0
369 0 LA082189-0039 1
369 0 LA061290-0021 1
369 0 FT941-16307 0
369 0 LA061589-0030 0
369 0 LA052589-0150 1
369 0 FR940323-2-00082 1
369 0 FT922-12878 0
369 0 LA101189-0084 1
369 0 FT941-13341 0
369 0 LA122490-0020 1
369 0 LA012289-0118 0
369 0 LA030890-0003 0
369 0 LA072990-0149 0
369 0 LA120589-0013 1
369 0 LA032389-0210 0
369 0 FT923-15636 1
369 0 LA101690-0121 0
369 0 LA012490-0132 0
369 0 FR941021-1-00036 0
369 0 LA110789-0040 1
369 0 LA041990-0068 1
369 0 LA041689-0225 0
369 0 LA062890-0066 1
369 0 LA012490-0173 0
369 0 LA112390-0018 0
369 0 LA121489-0268 0
369 0 FR941028-2-00183 0
369 0 FT934-10529 0
369 0 FBIS3-4205 0
369 0 LA041590-0001 0
369 0 FT943-12605 0
369 0 LA012590-0010 0
369 0 FT921-4305 0
369 0 FT944-5416 0
369 0 LA080389-0137 0
369 0 LA062289-0203 0
369 0 FR940112-1-00044 0
369 0 LA121990-0118 0
369 0 FBIS3-35116 0
369 0 LA041889-0082 0
369 0 FR940617-2-00165 0
369 0 FR940712-0-00007 0
369 0 LA111690-0131 1
369 0 FT933-7283 0
369 0 FBIS3-13221 0
369 0 LA040890-0174 0
369 0 LA111590-0041 0
369 0 FBIS3-10956 0
369 0 FT941-10282 0
369 0 LA042590-0171 1
370 0 LA110189-0018 0
370 0 FBIS4-28606 0
370 0 FT931-2039 0
370 0 FR940204-0-00010 1
370 0 FR940202-2-00053 1
370 0 FR940216-0-00002 1
370 0 FR940216-0-00003 1
370 0 FR940119-0-00014 1
370 0 FR940104-2-00035 1
370 0 FR940204-1-00053 1
370 0 LA051790-0074 1
370 0 FR940105-2-00059 1
370 0 LA022789-0014 1
370 0 LA082390-0224 0
370 0 FR940126-0-00005 1
370 0 FR940114-0-00020 1
370 0 FR940208-0-00019 1
370 0 FR940128-0-00033 1
370 0 FR940513-0-00063 1
370 0 FR940907-0-00018 1
370 0 FR940418-2-00088 1
370 0 FR940825-2-00080 0
370 0 FR940817-2-00111 0
370 0 FR940603-0-00008 1
370 0 FR940525-2-00043 1
370 0 FR940921-0-00010 1
370 0 FR941006-1-00138 1
370 0 FR940523-0-00032 1
370 0 FR940622-2-00050 0
370 0 FR940720-0-00051 1
370 0 FR940810-0-00018 1
370 0 FR941212-0-00020 1
370 0 FR940628-2-00056 0
370 0 FR940224-0-00056 1
370 0 FR940314-0-00033 0
370 0 FR940817-2-00216 0
370 0 FR940324-2-00050 1
370 0 FR940825-0-00040 1
370 0 FR940628-0-00004 1
370 0 FR940926-2-00043 1
370 0 FR940722-0-00036 1
370 0 FR940302-0-00017 1
370 0 FR940224-0-00057 1
370 0 FR940404-0-00021 1
370 0 FR941205-0-00061 1
370 0 FR940620-2-00036 0
370 0 FR941213-2-00040 1
370 0 FR940523-0-00050 1
370 0 FR940224-2-00091 1
370 0 FR940323-0-00016 1
371 0 LA091789-0225 1
371 0 FT921-10156 0
371 0 FT942-2531 0
371 0 LA082690-0003 0
371 0 FT924-1170 0
371 0 FT922-461 1
371 0 FT932-9008 1
371 0 LA091290-0178 0
371 0 LA043089-0057 0
371 0 LA010790-0029 0
371 0 FT933-2419 0
371 0 LA020190-0160 0
371 0 LA062889-0006 0
371 0 LA102589-0139 0
371 0 LA120790-0178 0
371 0 LA112290-0225 0
371 0 LA021690-0112 0
371 0 FT933-2350 0
371 0 FT911-896 0
371 0 LA012689-0167 0
371 0 FBIS3-11284 0
371 0 FBIS3-43072 0
371 0 FR940104-2-00039 1
371 0 LA030390-0091 0
371 0 LA012490-0137 0
371 0 FT923-3018 0
371 0 FBIS4-58610 0
371 0 FT941-16404 0
371 0 LA112090-0016 0
371 0 FR940819-2-00077 0
371 0 FBIS4-20472 0
371 0 FT932-15161 0
371 0 LA050489-0027 0
371 0 FBIS4-57092 0
371 0 FT921-5373 0
371 0 LA062490-0088 0
371 0 LA072289-0144 0
371 0 FT932-14884 0
371 0 LA042189-0007 0
371 0 LA120389-0223 0
371 0 FR940816-1-00011 0
371 0 LA041290-0158 0
371 0 FBIS4-10664 0
371 0 LA121589-0047 0
371 0 FBIS3-1457 0
371 0 FT933-1955 0
371 0 FT933-1435 0
371 0 LA030489-0025 0
371 0 LA070789-0120 0
371 0 FT923-453 0
372 0 FT924-6336 1
372 0 FT942-12298 1
372 0 FT941-15351 1
372 0 FT923-10784 1
372 0 FT933-15592 1
372 0 FT941-13912 1
372 0 FT933-15188 1
372 0 FT944-1462 1
372 0 LA061890-0071 0
372 0 LA050390-0182 1
372 0 LA090389-0160 1
372 0 FR940921-2-00092 1
372 0 FT921-1109 0
372 0 LA060390-0083 1
372 0 LA052790-0207 1
372 0 LA050990-0002 1
372 0 LA080889-0069 1
372 0 FT944-4273 1
372 0 LA072389-0077 1
372 0 FT943-6218 1
372 0 FT923-3970 0
372 0 FT942-6648 1
372 0 LA061790-0235 1
372 0 LA051190-0087 1
372 0 FT923-14069 0
372 0 LA061290-0112 1
372 0 LA020989-0127 1
372 0 LA072789-0146 0
372 0 LA051690-0032 1
372 0 FT943-4776 1
372 0 FT931-2855 1
372 0 LA013089-0052 1
372 0 FT931-5494 1
372 0 FR940114-2-00159 1
372 0 FR940426-2-00123 1
372 0 FR940426-2-00124 1
372 0 FR940617-2-00244 1
372 0 FR940713-2-00184 1
372 0 LA121789-0008 0
372 0 LA073089-0196 1
372 0 LA020790-0040 1
372 0 LA081789-0007 0
372 0 FT924-1603 1
372 0 FR940720-2-00181 1
372 0 FR941003-2-00212 1
372 0 FR941216-2-00099 1
372 0 FR941216-2-00189 1
372 0 FR941222-2-00126 1
372 0 LA042890-0078 1
372 0 LA050889-0046 1
373 0 FT933-10240 1
373 0 FT943-5307 1
373 0 FT943-12981 1
373 0 FT942-16368 1
373 0 FT941-3295 1
373 0 FT943-12969 1
373 0 FT941-6108 0
373 0 FR940902-0-00008 1
373 0 FBIS3-20750 0
373 0 FR940111-2-00009 1
373 0 FR940727-2-00005 1
373 0 FR940902-0-00009 1
373 0 FT923-4154 0
373 0 LA031089-0061 0
373 0 FR940919-0-00026 0
373 0 FT943-5202 0
373 0 FR940719-2-00036 0
373 0 FBIS3-42481 0
373 0 FBIS3-40468 0
373 0 FR940602-2-00134 0
373 0 FT931-2001 0
373 0 FR940711-2-00018 1
373 0 FBIS4-22773 0
373 0 FR940207-2-00192 0
373 0 FR940111-2-00008 1
373 0 FT923-9138 0
373 0 FR940111-2-00010 1
373 0 FR940513-2-00063 1
373 0 FR940516-0-00086 0
373 0 FR940919-0-00022 0
373 0 FR940111-2-00007 1
373 0 FBIS4-20472 0
373 0 FT921-3047 0
373 0 FR940516-2-00017 0
373 0 FR940830-2-00129 0
373 0 FR940830-0-00133 0
373 0 FT923-13257 0
373 0 FT944-15438 0
373 0 FBIS4-22209 0
373 0 FT932-12062 0
373 0 FT944-17864 0
373 0 FR940407-2-00132 0
373 0 FT942-577 0
373 0 FBIS3-15171 0
373 0 FR940803-0-00059 0
373 0 FR940919-0-00023 0
373 0 FT944-9616 0
373 0 FBIS3-4718 0
373 0 FR940926-0-00009 0
373 0 FT944-11359 0
374 0 LA101289-0221 1
374 0 LA101790-0153 1
374 0 FT934-16112 1
374 0 FT924-13568 1
374 0 FT943-7724 1
374 0 FT921-1412 1
374 0 FT944-16527 1
374 0 LA101389-0049 1
374 0 LA101089-0095 1
374 0 LA030289-0100 1
374 0 FT934-15525 1
374 0 FT944-17053 1
374 0 FT944-16690 1
374 0 FBIS4-25311 1
374 0 FT934-15708 1
374 0 LA092289-0172 0
374 0 FT924-14045 1
374 0 LA072489-0070 0
374 0 LA110489-0043 1
374 0 LA100890-0125 1
374 0 LA092889-0156 0
374 0 FT943-8125 0
374 0 FT941-1232 0
374 0 FT942-7889 1
374 0 FT934-13554 1
374 0 LA110990-0017 1
374 0 LA020989-0195 0
374 0 FBIS3-59138 0
374 0 FBIS3-20983 0
374 0 LA080889-0027 0
374 0 LA102689-0153 1
374 0 LA021190-0072 0
374 0 FBIS3-42968 0
374 0 FT924-13089 1
374 0 LA101189-0109 0
374 0 LA040290-0087 1
374 0 FBIS3-43006 0
374 0 LA032890-0081 1
374 0 FT943-16711 1
374 0 LA032890-0149 0
374 0 FBIS3-55387 0
374 0 FT911-2323 0
374 0 LA090290-0220 1
374 0 LA010390-0004 0
374 0 LA040189-0013 0
374 0 FT944-16300 1
374 0 FT944-16075 1
374 0 FT942-3763 1
374 0 LA010590-0170 0
374 0 FT931-10284 0
375 0 FBIS4-44635 1
375 0 FBIS3-20985 1
375 0 FBIS4-66430 0
375 0 FBIS4-44698 1
375 0 FBIS3-59723 1
375 0 FBIS3-59725 1
375 0 FBIS4-20472 0
375 0 FBIS3-60662 1
375 0 FBIS4-44655 1
375 0 FT922-8309 1
375 0 FT923-14293 1
375 0 FBIS3-60383 1
375 0 FBIS3-59553 1
375 0 FBIS4-44852 0
375 0 FBIS3-21141 0
375 0 FT931-15783 0
375 0 LA032589-0042 1
375 0 LA041189-0020 1
375 0 LA062389-0066 0
375 0 LA050289-0091 1
375 0 LA061689-0035 1
375 0 FT944-16550 1
375 0 FT934-2684 1
375 0 FBIS3-58114 0
375 0 FT923-9498 0
375 0 FBIS4-44701 0
375 0 FBIS3-60730 0
375 0 FBIS3-41656 1
375 0 FT942-15407 0
375 0 LA041989-0041 1
375 0 FBIS4-66472 0
375 0 LA053089-0058 1
375 0 LA032489-0053 1
375 0 LA051089-0021 1
375 0 LA041389-0041 1
375 0 LA042389-0078 1
375 0 FT924-11887 1
375 0 LA040189-0001 1
375 0 LA042689-0147 1
375 0 LA032390-0023 1
375 0 LA033189-0097 1
375 0 LA110990-0016 1
375 0 LA102590-0239 1
375 0 FBIS3-59651 1
375 0 FBIS3-21198 0
375 0 LA110790-0167 1
375 0 FT934-8130 1
375 0 FT923-5784 1
375 0 FBIS3-21268 0
375 0 FBIS4-29958 0
376 0 FT932-6802 0
376 0 FT922-12921 1
376 0 FBIS3-57984 0
376 0 FT921-714 1
376 0 FBIS3-327 1
376 0 FBIS3-438 1
376 0 FBIS3-34174 1
376 0 FBIS3-38861 1
376 0 FBIS3-25721 1
376 0 FBIS4-23195 1
376 0 FBIS4-23194 1
376 0 FBIS3-437 1
376 0 FBIS3-14521 1
376 0 FBIS3-14663 1
376 0 FBIS3-91 1
376 0 FBIS3-25336 1
376 0 FBIS3-436 1
376 0 FBIS3-23418 0
376 0 FBIS3-14240 0
376 0 FT941-11280 1
376 0 LA083189-0218 0
376 0 FBIS4-43306 0
376 0 FBIS3-14149 0
376 0 FBIS3-24653 0
376 0 FBIS3-41666 0
376 0 FBIS4-47629 0
376 0 FBIS4-66185 0
376 0 FBIS4-67533 0
376 0 FR940602-1-00023 0
376 0 FR940607-2-00068 0
376 0 FR941117-2-00158 0
376 0 FR941206-1-00134 0
376 0 FT922-3431 0
376 0 FT923-2214 0
376 0 FT932-17486 0
376 0 FT932-9303 0
376 0 FT943-14383 0
376 0 FT943-16243 0
376 0 FT944-1591 0
376 0 FBIS3-14832 0
376 0 FBIS3-23 0
376 0 FBIS3-23561 0
376 0 FBIS3-37947 0
376 0 FBIS3-42399 0
376 0 FBIS3-44601 0
376 0 FBIS3-54461 0
376 0 FBIS3-60342 0
376 0 FBIS4-36600 0
376 0 FBIS4-46469 0
376 0 FR940104-0-00034 0
377 0 LA010590-0159 1
377 0 FT942-10789 1
377 0 LA022689-0024 0
377 0 FT924-4990 1
377 0 FT921-6639 1
377 0 LA102989-0038 1
377 0 LA092489-0106 0
377 0 LA101389-0169 1
377 0 FT923-11563 1
377 0 FT924-8332 1
377 0 FBIS3-51398 1
377 0 FT933-11137 0
377 0 LA102990-0005 0
377 0 FT934-2747 1
377 0 FBIS4-10443 1
377 0 LA103090-0054 1
377 0 FT941-15836 0
377 0 LA092290-0035 0
377 0 FBIS3-32149 0
377 0 LA010490-0200 1
377 0 LA011189-0012 1
377 0 LA122189-0040 0
377 0 FT923-8862 0
377 0 LA111590-0253 0
377 0 LA041189-0033 1
377 0 FBIS3-51112 0
377 0 LA051090-0075 0
377 0 LA121590-0084 0
377 0 LA020289-0058 1
377 0 FT924-4600 0
377 0 FBIS3-32581 1
377 0 LA090389-0023 0
377 0 FT921-8547 0
377 0 FT924-10325 0
377 0 FT942-9558 1
377 0 LA112389-0173 0
377 0 FBIS4-33086 0
377 0 LA041289-0040 1
377 0 LA051489-0089 0
377 0 LA091690-0207 0
377 0 FBIS4-57597 0
377 0 FT911-1476 0
377 0 LA070790-0026 0
377 0 FT921-8719 0
377 0 FBIS4-56794 1
377 0 FT921-6636 0
377 0 LA042889-0132 1
377 0 LA072790-0046 0
377 0 FT941-15223 0
377 0 FR940526-0-00010 1
378 0 FT931-14163 0
378 0 FT921-7322 1
378 0 FBIS4-42685 1
378 0 FBIS4-64653 0
378 0 FT942-190 0
378 0 FT944-5295 1
378 0 FT943-7881 0
378 0 FT921-3015 1
378 0 FT933-9369 0
378 0 FT924-2499 0
378 0 FT924-3201 1
378 0 FT932-7342 0
378 0 FT942-6349 0
378 0 LA060590-0168 0
378 0 FT942-6780 1
378 0 FT942-10432 0
378 0 FT942-11599 1
378 0 FT942-11906 0
378 0 FT923-1927 0
378 0 FT922-1448 0
378 0 FT944-4447 0
378 0 FT942-11529 0
378 0 FBIS4-64326 0
378 0 FT933-8077 0
378 0 FBIS4-42925 0
378 0 FT921-2410 0
378 0 FT923-11420 0
378 0 FT923-1264 0
378 0 FT922-4808 0
378 0 FT923-1926 0
378 0 FT922-14848 0
378 0 FT923-2373 1
378 0 FT942-4641 1
378 0 FT922-8522 1
378 0 FT923-2077 1
378 0 FT943-16154 0
378 0 FT944-11378 0
378 0 FT944-4307 0
378 0 FBIS3-40012 0
378 0 FT942-3690 0
378 0 LA062889-0088 0
378 0 FT942-6254 0
378 0 FT943-1340 1
378 0 FT923-528 0
378 0 FT923-3381 0
378 0 FBIS3-19398 1
378 0 FBIS3-18910 0
378 0 FBIS4-18855 0
378 0 FBIS4-14562 0
378 0 FT944-2245 0
379 0 LA110890-0003 1
379 0 LA110890-0095 1
379 0 LA051689-0021 1
379 0 LA102690-0163 1
379 0 LA102790-0129 1
379 0 LA050290-0006 0
379 0 LA091489-0081 0
379 0 FR940810-1-00026 0
379 0 LA090790-0086 0
379 0 LA041489-0166 0
379 0 LA020989-0132 0
379 0 LA050490-0082 1
379 0 LA081089-0058 0
379 0 FT922-517 0
379 0 LA062690-0072 0
379 0 LA080290-0179 1
379 0 LA112689-0048 0
379 0 LA071290-0180 1
379 0 LA030590-0104 1
379 0 LA042089-0180 0
379 0 LA031689-0164 1
379 0 LA031689-0153 1
379 0 LA111989-0014 0
379 0 FBIS4-25684 0
379 0 LA063089-0044 0
379 0 LA091989-0137 1
379 0 LA041690-0015 0
379 0 FR940919-2-00099 0
379 0 FR940725-0-00044 0
379 0 LA111789-0137 1
379 0 LA092489-0075 1
379 0 LA051589-0082 1
379 0 LA020790-0083 0
379 0 FR940711-2-00066 0
379 0 LA011890-0044 0
379 0 LA101790-0053 0
379 0 LA082190-0141 0
379 0 LA061190-0063 0
379 0 LA062490-0198 0
379 0 FT943-4362 0
379 0 FT932-16172 0
379 0 LA082490-0058 0
379 0 LA072690-0025 0
379 0 LA051889-0091 0
379 0 LA052290-0015 0
379 0 LA012990-0006 0
379 0 LA050190-0201 0
379 0 LA061890-0038 0
379 0 FBIS3-24616 0
379 0 LA103189-0028 0
380 0 FT934-704 1
380 0 LA052990-0096 0
380 0 FBIS3-2466 0
380 0 LA021590-0067 0
380 0 FT942-5 0
380 0 FT933-13298 0
380 0 LA112090-0070 0
380 0 LA041990-0068 0
380 0 FR940106-1-00028 0
380 0 FT934-8418 0
380 0 LA062190-0208 0
380 0 FT931-2539 0
380 0 LA080890-0068 0
380 0 FR940112-2-00074 0
380 0 FR940622-0-00072 0
380 0 FBIS3-60493 0
380 0 FT921-5106 0
380 0 LA100889-0044 0
380 0 FR941227-2-00019 0
380 0 LA070489-0003 1
380 0 LA052389-0126 0
380 0 LA082390-0077 1
380 0 FT922-9829 0
380 0 LA100990-0095 0
380 0 LA032790-0104 0
380 0 LA101689-0095 0
380 0 FT934-8402 0
380 0 FT933-7640 0
380 0 FT911-2621 0
380 0 LA092090-0005 1
380 0 LA033089-0019 0
380 0 FT941-17403 0
380 0 LA102989-0062 0
380 0 FR940804-2-00129 0
380 0 LA021989-0041 0
380 0 FR940602-2-00074 0
380 0 FR940412-1-00022 0
380 0 LA011089-0043 0
380 0 FR940610-1-00054 0
380 0 FT943-5833 0
380 0 FT943-7200 0
380 0 FT944-2089 0
380 0 LA112089-0050 0
380 0 FR940622-0-00024 0
380 0 FT943-13654 0
380 0 LA101389-0151 0
380 0 FT941-8994 0
380 0 LA112090-0144 0
380 0 LA100889-0042 1
380 0 FBIS3-24619 0
381 0 LA082690-0003 1
381 0 LA010790-0029 0
381 0 LA043089-0057 1
381 0 LA030489-0001 0
381 0 FT922-461 0
381 0 LA022590-0123 0
381 0 LA070790-0007 0
381 0 FT944-10097 0
381 0 LA081790-0144 0
381 0 FR940819-2-00077 0
381 0 LA120389-0001 0
381 0 FBIS4-57092 0
381 0 FT932-13765 0
381 0 FT942-12166 0
381 0 LA083189-0200 0
381 0 LA040290-0023 0
381 0 FT933-11998 0
381 0 FR941122-2-00061 0
381 0 FT933-14295 0
381 0 FR940805-2-00073 0
381 0 LA120690-0200 0
381 0 FT924-15661 0
381 0 LA012689-0167 0
381 0 LA020690-0047 0
381 0 FT922-10562 1
381 0 FT932-3700 0
381 0 LA061490-0089 0
381 0 LA021989-0081 0
381 0 LA090490-0021 0
381 0 LA121490-0004 0
381 0 FT944-11113 0
381 0 LA060590-0014 0
381 0 LA121490-0143 0
381 0 FT932-7948 0
381 0 LA053090-0164 0
381 0 FBIS4-50791 0
381 0 FT942-5 0
381 0 LA091290-0178 0
381 0 FR940304-0-00033 0
381 0 FR940414-2-00051 0
381 0 LA110889-0121 0
381 0 FT923-453 0
381 0 FBIS4-10992 0
381 0 LA111190-0179 0
381 0 FT933-10764 0
381 0 FBIS4-26095 0
381 0 FT944-5488 0
381 0 FT931-8050 0
381 0 LA012289-0023 1
381 0 LA030489-0025 0
382 0 FBIS4-44701 1
382 0 FBIS4-44872 1
382 0 FT942-15408 1
382 0 FBIS4-44635 1
382 0 FT942-15407 1
382 0 FBIS4-66430 0
382 0 FT923-14293 1
382 0 FBIS3-59723 1
382 0 FBIS4-44698 1
382 0 FT931-15783 0
382 0 FR941219-1-00027 1
382 0 FBIS4-20567 1
382 0 LA101289-0199 1
382 0 FBIS4-44893 1
382 0 FR941219-1-00026 1
382 0 FR941219-1-00025 0
382 0 FBIS3-24648 1
382 0 FBIS4-20560 0
382 0 FR940803-0-00128 0
382 0 FBIS4-44852 1
382 0 FT942-15763 1
382 0 FT923-9498 0
382 0 LA061090-0203 0
382 0 FBIS4-23114 0
382 0 FR940803-0-00104 0
382 0 FBIS3-21198 0
382 0 FT944-18127 0
382 0 FR940803-0-00110 0
382 0 FT911-19 0
382 0 FT942-9950 0
382 0 FBIS4-44731 0
382 0 FT943-11934 0
382 0 FT944-7794 0
382 0 FBIS3-59706 0
382 0 FR940913-2-00017 0
382 0 LA082390-0105 0
382 0 FBIS3-47041 0
382 0 FR940803-0-00107 0
382 0 FBIS4-66452 0
382 0 FBIS4-20504 0
382 0 FBIS3-21226 0
382 0 FBIS4-20505 0
382 0 FBIS3-24653 0
382 0 FBIS3-24678 0
382 0 FBIS3-40497 0
382 0 FBIS3-41666 0
382 0 FBIS3-43166 0
382 0 FBIS4-66447 0
382 0 FBIS3-43220 0
382 0 FBIS3-59784 0
383 0 FT933-4868 1
383 0 LA090389-0060 1
383 0 LA122790-0224 1
383 0 FT923-11708 1
383 0 FT941-14109 1
383 0 LA110790-0028 1
383 0 FT941-12321 0
383 0 FT942-14582 1
383 0 LA071890-0162 1
383 0 FT911-3142 1
383 0 FT931-15569 1
383 0 LA041490-0079 1
383 0 LA111290-0137 1
383 0 FT932-11692 1
383 0 FT941-10250 1
383 0 LA081890-0135 1
383 0 LA092790-0201 1
383 0 FT924-1386 1
383 0 FT924-15181 1
383 0 LA012689-0118 1
383 0 FT931-3854 1
383 0 FT934-15831 1
383 0 LA100489-0051 1
383 0 LA072890-0111 1
383 0 FT932-9150 1
383 0 LA051490-0069 1
383 0 FT924-3416 1
383 0 LA091490-0134 1
383 0 LA062489-0059 1
383 0 FT933-11435 1
383 0 LA052690-0134 1
383 0 LA010590-0095 1
383 0 FT932-13672 1
383 0 LA121990-0098 1
383 0 LA052790-0101 1
383 0 FT942-16465 1
383 0 LA040490-0168 1
383 0 LA082790-0107 1
383 0 FT934-10578 1
383 0 FT932-13133 1
383 0 LA070390-0063 1
383 0 LA080489-0045 0
383 0 LA082290-0101 0
383 0 LA062590-0042 0
383 0 FT922-715 1
383 0 FR941230-0-00119 0
383 0 FT924-8240 1
383 0 FT934-704 1
383 0 LA032290-0148 0
383 0 LA021989-0084 1
384 0 FBIS4-28821 1
384 0 LA072189-0094 0
384 0 FT941-793 0
384 0 LA070290-0143 1
384 0 FBIS3-21244 1
384 0 LA083090-0083 1
384 0 LA080689-0025 0
384 0 LA070989-0062 0
384 0 LA061789-0038 0
384 0 LA071689-0207 0
384 0 LA040289-0050 1
384 0 FBIS3-21230 0
384 0 LA011790-0033 0
384 0 LA042990-0148 0
384 0 LA032690-0041 0
384 0 LA052689-0183 0
384 0 FBIS3-60336 0
384 0 LA062990-0060 0
384 0 LA072089-0206 0
384 0 FBIS3-61010 0
384 0 LA071689-0208 0
384 0 LA072189-0108 1
384 0 LA022190-0169 0
384 0 LA092990-0085 1
384 0 LA080389-0056 0
384 0 LA121090-0120 0
384 0 LA102289-0040 1
384 0 FBIS4-46935 0
384 0 LA072289-0042 1
384 0 LA051290-0078 0
384 0 LA020589-0049 0
384 0 FBIS4-44656 0
384 0 LA071789-0042 0
384 0 FBIS3-20486 0
384 0 FT934-10103 1
384 0 FT932-221 0
384 0 LA121190-0089 1
384 0 FBIS3-40518 0
384 0 FBIS3-59678 0
384 0 FT923-10876 0
384 0 FT933-6323 0
384 0 FBIS4-1844 0
384 0 FT923-10218 0
384 0 FBIS3-40435 0
384 0 LA071689-0109 0
384 0 LA042089-0208 0
384 0 FBIS4-1860 0
384 0 LA071790-0185 0
384 0 LA072389-0079 0
384 0 LA072190-0065 1
385 0 FBIS4-44635 1
385 0 FBIS4-44854 1
385 0 FT944-4751 1
385 0 LA042990-0226 1
385 0 FT943-11934 1
385 0 FT924-2358 1
385 0 FBIS4-67596 1
385 0 FBIS4-44698 1
385 0 FT941-17640 1
385 0 FT943-11627 1
385 0 FBIS3-40471 1
385 0 FBIS4-44853 1
385 0 FT931-12869 1
385 0 FT932-11810 1
385 0 FT944-18230 1
385 0 FBIS3-40371 1
385 0 FBIS4-20560 1
385 0 FBIS3-40529 1
385 0 FBIS3-59548 0
385 0 FT933-2369 1
385 0 FBIS4-44893 1
385 0 FR940830-2-00026 0
385 0 FT923-14293 1
385 0 FT941-16609 0
385 0 FBIS4-44701 1
385 0 FBIS3-24648 1
385 0 FBIS3-40497 0
385 0 FBIS4-20505 0
385 0 FR940505-1-00070 0
385 0 LA010689-0061 0
385 0 FT942-15407 1
385 0 FT941-5576 1
385 0 FR940204-1-00003 0
385 0 FT923-11292 1
385 0 FT944-18127 1
385 0 FT922-892 0
385 0 FBIS4-44700 1
385 0 FR940118-1-00047 0
385 0 LA010490-0157 1
385 0 FBIS4-6674 1
385 0 FBIS4-45674 1
385 0 LA012590-0066 0
385 0 FR940922-1-00018 0
385 0 FT944-3280 1
385 0 FR940922-1-00020 0
385 0 FR940930-1-00058 0
385 0 LA101289-0199 0
385 0 FR940118-1-00046 0
385 0 LA031290-0101 1
385 0 LA061889-0037 1
386 0 LA103189-0028 0
386 0 FT943-12919 0
386 0 FT934-2469 0
386 0 LA060190-0033 0
386 0 LA082490-0058 0
386 0 LA110890-0095 0
386 0 FR940513-2-00081 0
386 0 LA032390-0166 0
386 0 FBIS4-1984 0
386 0 FBIS3-5577 0
386 0 LA102790-0129 0
386 0 LA101890-0215 0
386 0 LA031689-0164 1
386 0 LA031689-0153 0
386 0 LA091489-0081 0
386 0 FR940613-2-00068 0
386 0 FT931-5593 0
386 0 FT921-2427 0
386 0 FBIS4-51179 0
386 0 LA020589-0226 0
386 0 LA040389-0084 0
386 0 LA031890-0043 0
386 0 LA110490-0209 0
386 0 FT944-11425 0
386 0 LA112290-0208 0
386 0 LA051689-0021 0
386 0 FR940725-0-00060 0
386 0 LA070390-0137 0
386 0 FBIS4-20326 0
386 0 FR940922-2-00037 0
386 0 FR940719-2-00083 0
386 0 FT933-2126 0
386 0 FT941-4529 0
386 0 LA090789-0012 0
386 0 LA012990-0006 0
386 0 LA080490-0148 0
386 0 LA052189-0210 0
386 0 FT934-7059 0
386 0 LA011090-0025 0
386 0 FT944-3716 0
386 0 FR940719-2-00085 0
386 0 LA020290-0097 1
386 0 LA112389-0150 0
386 0 LA010689-0157 0
386 0 LA092090-0188 0
386 0 LA092790-0101 0
386 0 FR941104-2-00043 0
386 0 FR940725-0-00055 0
386 0 FT924-2790 0
386 0 LA020989-0132 1
387 0 FBIS3-40271 1
387 0 FBIS3-22403 0
387 0 FBIS3-41464 1
387 0 FR940406-2-00185 1
387 0 FBIS4-45120 1
387 0 FBIS3-22152 0
387 0 FBIS3-59687 1
387 0 FBIS4-66481 1
387 0 FBIS3-19535 1
387 0 FBIS3-22318 0
387 0 FBIS3-20948 0
387 0 FBIS3-21073 1
387 0 FBIS3-27134 0
387 0 FBIS4-20666 1
387 0 FR940406-2-00181 1
387 0 FT943-10219 1
387 0 LA121289-0069 1
387 0 FBIS4-21397 0
387 0 FR941206-1-00134 0
387 0 FT943-10163 1
387 0 FR940406-2-00179 1
387 0 FBIS3-22780 1
387 0 FBIS4-15413 1
387 0 FBIS4-21469 1
387 0 FBIS3-22216 1
387 0 FBIS4-53441 1
387 0 FBIS4-45922 1
387 0 FBIS3-41608 1
387 0 FR940406-2-00182 1
387 0 LA111890-0124 1
387 0 FBIS4-66410 0
387 0 FT941-8116 0
387 0 FR940428-2-00021 0
387 0 LA070889-0022 0
387 0 FR940317-2-00024 1
387 0 FBIS4-64772 1
387 0 FBIS4-65207 0
387 0 FBIS4-67523 0
387 0 FT934-8135 0
387 0 FBIS3-22174 0
387 0 FBIS3-22193 0
387 0 LA121889-0010 0
387 0 FBIS3-24025 0
387 0 FBIS4-21403 0
387 0 FR940810-2-00039 0
387 0 FT942-1929 0
387 0 FT944-9356 0
387 0 FT931-12527 0
387 0 FR940919-0-00104 0
387 0 FT932-19 0
388 0 LA021190-0042 1
388 0 LA091789-0046 0
388 0 LA062190-0187 1
388 0 LA072990-0199 1
388 0 LA110490-0250 0
388 0 LA092389-0150 1
388 0 LA082590-0116 1
388 0 LA122890-0069 0
388 0 LA123189-0133 1
388 0 FBIS4-4930 1
388 0 FT911-4197 0
388 0 FBIS4-22502 1
388 0 LA080490-0156 0
388 0 LA050590-0023 0
388 0 FBIS3-11780 1
388 0 LA051090-0168 0
388 0 FBIS4-45740 1
388 0 LA081990-0209 0
388 0 FR940822-2-00049 0
388 0 FBIS3-60336 0
388 0 FR940628-1-00024 0
388 0 FBIS3-23849 0
388 0 FR940412-1-00077 0
388 0 FT923-772 0
388 0 FT942-4204 0
388 0 FBIS3-61159 0
388 0 FT922-12410 0
388 0 FBIS3-61104 0
388 0 FR940919-0-00099 0
388 0 FT934-13156 0
388 0 LA063090-0143 0
388 0 LA113089-0159 0
388 0 LA090990-0241 0
388 0 FR940713-2-00004 0
388 0 FBIS3-23850 0
388 0 FR940603-2-00102 0
388 0 LA021189-0086 0
388 0 LA050890-0018 0
388 0 FT942-12504 1
388 0 FT943-15995 1
388 0 FT921-4268 0
388 0 FBIS4-21402 0
388 0 FBIS3-5966 0
388 0 FR940525-1-00013 0
388 0 LA071589-0055 0
388 0 FBIS3-2978 0
388 0 FBIS3-41666 0
388 0 LA072690-0138 1
388 0 FBIS4-20520 0
388 0 LA111189-0078 1
389 0 FR940407-2-00136 1
389 0 FR941207-0-00147 0
389 0 FBIS3-7295 1
389 0 LA082390-0236 1
389 0 FT931-3128 0
389 0 FT921-3700 1
389 0 FT932-2589 0
389 0 LA011289-0182 1
389 0 FBIS4-54050 1
389 0 FT922-14115 1
389 0 FT923-9311 1
389 0 FT923-11425 1
389 0 FT932-6256 1
389 0 FT934-2245 1
389 0 LA033090-0001 1
389 0 FBIS3-19116 1
389 0 FBIS3-19465 1
389 0 FBIS3-22836 1
389 0 FBIS4-57542 0
389 0 FT921-14085 1
389 0 FT921-14321 1
389 0 FT922-3374 1
389 0 FT922-3845 1
389 0 FT924-6636 1
389 0 FT924-8672 1
389 0 FT924-13643 1
389 0 FT932-4036 0
389 0 FT932-5346 1
389 0 FT932-6714 1
389 0 FT932-7095 1
389 0 FT932-7213 1
389 0 FT932-8637 1
389 0 FT932-8644 1
389 0 FT932-8913 1
389 0 FT932-11249 1
389 0 FT934-5198 1
389 0 FT934-10468 1
389 0 FT934-2562 1
389 0 FT941-7526 1
389 0 FT941-10080 1
389 0 FT941-1350 1
389 0 FT943-16479 0
389 0 LA011389-0038 1
389 0 LA032890-0154 1
389 0 LA061690-0015 1
389 0 LA071989-0125 1
389 0 LA121289-0059 1
389 0 FBIS3-18689 0
389 0 FBIS3-43166 1
389 0 FBIS3-43220 1
390 0 LA111090-0112 1
390 0 LA041289-0054 1
390 0 FT941-10753 1
390 0 LA060289-0090 1
390 0 LA101489-0072 1
390 0 LA080789-0031 1
390 0 LA011089-0045 1
390 0 FR940830-2-00058 1
390 0 FT921-13615 1
390 0 LA122290-0138 1
390 0 LA060189-0211 1
390 0 LA062690-0105 1
390 0 FBIS3-59753 1
390 0 FR940912-2-00110 1
390 0 FR940110-0-00031 1
390 0 LA073089-0135 0
390 0 LA060789-0091 1
390 0 LA050989-0084 1
390 0 LA050989-0094 1
390 0 FT943-7095 0
390 0 LA121090-0030 0
390 0 LA090789-0051 1
390 0 LA081089-0100 1
390 0 FBIS4-21206 0
390 0 LA022889-0062 0
390 0 LA073190-0076 0
390 0 FR940628-0-00008 0
390 0 FBIS3-60448 0
390 0 FT941-17554 0
390 0 FR940110-0-00028 1
390 0 FT933-7389 0
390 0 LA020390-0152 1
390 0 LA121289-0055 1
390 0 FR940110-0-00027 1
390 0 LA121590-0102 1
390 0 LA060189-0166 1
390 0 LA072490-0082 1
390 0 FT942-6984 1
390 0 FR940110-0-00035 1
390 0 LA050490-0049 1
390 0 LA030390-0089 1
390 0 LA032889-0120 1
390 0 FR940802-2-00130 0
390 0 FT931-2434 0
390 0 LA052490-0120 1
390 0 LA092189-0172 0
390 0 LA052290-0110 1
390 0 LA020890-0181 0
390 0 FBIS4-3835 0
390 0 LA102489-0025 1
391 0 FT923-11708 1
391 0 FT933-1430 1
391 0 FT941-1818 1
391 0 FT932-13564 1
391 0 FT923-11707 1
391 0 FT924-7380 1
391 0 FT924-11213 1
391 0 FT943-45 1
391 0 FT941-2054 1
391 0 FT941-1824 1
391 0 FT931-2756 1
391 0 FT942-11804 1
391 0 FT941-12321 1
391 0 FT922-2196 1
391 0 FT941-1666 1
391 0 FT924-9559 1
391 0 FT942-2835 1
391 0 FT941-4655 1
391 0 FT934-2667 1
391 0 FT923-11711 1
391 0 FT931-11157 1
391 0 FT922-576 1
391 0 FT921-6427 1
391 0 FT924-2198 1
391 0 FT932-12403 1
391 0 FT941-1820 1
391 0 LA101489-0072 1
391 0 FT942-10816 1
391 0 FT943-5861 0
391 0 FT934-17362 1
391 0 FT942-8823 1
391 0 FT941-10753 1
391 0 FT941-7318 0
391 0 FT944-10432 1
391 0 FT932-8655 0
391 0 FT941-1813 1
391 0 FT941-1816 1
391 0 FT942-14766 1
391 0 FT923-11706 1
391 0 FT931-10995 1
391 0 FT941-10097 0
391 0 FT933-1334 0
391 0 FT924-2087 1
391 0 FT941-6197 1
391 0 FT941-17190 0
391 0 FT931-14599 0
391 0 FT934-6311 1
391 0 FT932-13550 1
391 0 FT943-7149 0
391 0 FT923-11709 1
392 0 FT911-129 1
392 0 FT922-4414 1
392 0 FT922-9444 1
392 0 FT941-1242 1
392 0 FBIS3-46247 1
392 0 FBIS4-44738 1
392 0 FT944-18195 1
392 0 LA030589-0277 1
392 0 FT943-11018 0
392 0 FT923-4774 1
392 0 FBIS4-44855 1
392 0 FBIS4-44815 0
392 0 FT911-135 1
392 0 LA020690-0057 1
392 0 FBIS4-20472 0
392 0 FT932-769 1
392 0 FT933-4691 1
392 0 FBIS3-21244 0
392 0 FBIS4-44650 1
392 0 FT923-12990 1
392 0 FBIS4-68220 0
392 0 FBIS3-40223 1
392 0 FT934-9399 0
392 0 FBIS4-44733 0
392 0 FBIS3-20967 0
392 0 FT931-6266 0
392 0 FBIS3-1764 1
392 0 LA112189-0062 1
392 0 FBIS4-44913 0
392 0 FBIS3-20965 0
392 0 FT944-7188 0
392 0 FBIS3-4413 0
392 0 LA071789-0059 1
392 0 FT941-13625 1
392 0 FBIS4-44737 0
392 0 LA103190-0122 1
392 0 FT931-2017 1
392 0 LA092290-0183 0
392 0 FT934-4378 1
392 0 FBIS3-59639 0
392 0 FT941-15546 0
392 0 FBIS3-1902 1
392 0 LA011490-0160 1
392 0 LA010989-0085 0
392 0 FT944-15013 0
392 0 FBIS3-21237 0
392 0 FBIS3-59694 0
392 0 FBIS3-40533 1
392 0 FBIS3-1903 1
392 0 FT923-11658 1
393 0 LA090890-0037 1
393 0 LA061090-0035 1
393 0 FT924-15580 1
393 0 LA080190-0135 1
393 0 LA091189-0107 1
393 0 LA122689-0126 1
393 0 LA050689-0099 1
393 0 LA010990-0051 1
393 0 LA122790-0176 1
393 0 FT931-8050 1
393 0 LA122789-0073 1
393 0 FT942-10916 0
393 0 FBIS3-33729 0
393 0 LA040989-0124 1
393 0 LA061690-0003 0
393 0 LA072290-0030 1
393 0 LA121089-0136 0
393 0 LA040689-0199 0
393 0 FBIS4-13490 0
393 0 LA081789-0045 0
393 0 LA092489-0203 0
393 0 LA060690-0053 1
393 0 LA061090-0044 1
393 0 LA061490-0082 1
393 0 LA062190-0255 1
393 0 LA120890-0014 0
393 0 LA121390-0235 1
393 0 LA121490-0059 1
393 0 LA121590-0063 1
393 0 LA061690-0004 0
393 0 FT933-7928 0
393 0 LA051389-0048 1
393 0 LA012190-0215 0
393 0 LA041190-0152 1
393 0 LA051289-0056 1
393 0 LA052189-0013 1
393 0 LA060890-0135 1
393 0 LA062590-0109 1
393 0 LA062590-0110 1
393 0 LA062690-0110 1
393 0 LA072989-0067 1
393 0 LA081690-0202 1
393 0 LA081990-0136 0
393 0 LA081990-0144 0
393 0 LA100889-0135 1
393 0 LA120689-0143 1
393 0 LA120789-0014 1
393 0 LA121690-0172 1
393 0 LA122290-0050 1
393 0 LA123190-0064 0
394 0 LA031190-0045 1
394 0 FT942-9445 1
394 0 LA101890-0207 1
394 0 LA041590-0040 0
394 0 LA021889-0045 0
394 0 LA020989-0006 1
394 0 FT942-5341 0
394 0 LA050690-0098 0
394 0 FBIS3-34808 0
394 0 LA010890-0013 0
394 0 LA022590-0086 0
394 0 LA012989-0171 0
394 0 FR940513-1-00109 1
394 0 FT943-5308 1
394 0 FT944-18631 1
394 0 FT942-13143 0
394 0 LA090389-0004 0
394 0 FR940511-1-00056 0
394 0 FBIS3-27752 1
394 0 FT933-1944 0
394 0 FT932-16392 0
394 0 LA110590-0045 0
394 0 FBIS4-51747 0
394 0 LA120290-0133 0
394 0 LA112989-0059 0
394 0 LA091289-0090 0
394 0 LA040490-0039 0
394 0 LA102390-0012 0
394 0 FBIS4-25855 1
394 0 LA082690-0193 0
394 0 FBIS4-48922 0
394 0 LA051990-0076 0
394 0 FBIS3-46554 0
394 0 LA111289-0130 0
394 0 LA040190-0203 0
394 0 LA090789-0150 0
394 0 FR941028-1-00038 0
394 0 LA100990-0004 0
394 0 LA072089-0027 1
394 0 LA080290-0225 0
394 0 FR940725-0-00053 0
394 0 FT911-3749 0
394 0 LA051789-0057 0
394 0 LA022590-0190 0
394 0 FBIS4-67380 0
394 0 FR940728-2-00150 0
394 0 FBIS3-5546 0
394 0 LA102289-0064 0
394 0 FR940725-0-00052 0
394 0 FBIS4-1798 0
395 0 FBIS3-21296 0
395 0 FT934-4579 1
395 0 FBIS4-56177 0
395 0 FBIS4-66770 0
395 0 FBIS3-50740 1
395 0 FBIS4-54626 1
395 0 FBIS3-25921 1
395 0 FBIS4-51216 1
395 0 FBIS4-10429 1
395 0 FBIS4-2323 1
395 0 FBIS4-28131 1
395 0 FBIS4-2734 1
395 0 FBIS3-4834 1
395 0 FBIS4-26676 0
395 0 FBIS3-27042 1
395 0 FBIS3-51980 0
395 0 FBIS4-1669 1
395 0 FBIS4-57911 1
395 0 LA032789-0037 1
395 0 FBIS3-24653 0
395 0 FBIS3-24678 0
395 0 FBIS3-36078 0
395 0 FBIS3-41666 0
395 0 FBIS3-43166 0
395 0 FBIS3-43220 0
395 0 FBIS3-58 0
395 0 FBIS3-61335 0
395 0 FBIS3-61336 0
395 0 FBIS3-67 1
395 0 FBIS4-11284 0
395 0 FBIS4-19 1
395 0 FBIS4-20472 1
395 0 FBIS4-20504 0
395 0 LA091890-0075 0
395 0 FBIS4-23114 0
395 0 FBIS4-23131 0
395 0 FBIS4-29 1
395 0 FBIS4-42 0
395 0 FBIS4-47629 0
395 0 FBIS4-57581 1
395 0 FBIS4-66161 0
395 0 FBIS4-66185 0
395 0 FBIS4-66382 0
395 0 FBIS4-67533 0
395 0 FR940406-0-00190 0
395 0 FR940513-2-00013 0
395 0 FR940527-2-00135 0
395 0 FR940602-1-00023 0
395 0 FR940902-1-00048 0
395 0 FR941117-2-00158 0
396 0 FT923-9638 1
396 0 FT923-7392 1
396 0 FT923-4291 1
396 0 FT923-2548 1
396 0 LA100690-0080 1
396 0 FR940405-1-00054 1
396 0 FR940405-1-00038 1
396 0 FR940405-1-00077 1
396 0 FT944-18520 1
396 0 FR940405-1-00035 1
396 0 FR940405-1-00084 1
396 0 FT924-15322 1
396 0 LA112490-0149 1
396 0 FT931-14147 1
396 0 LA042990-0140 1
396 0 LA122689-0070 1
396 0 FR940405-1-00092 1
396 0 FR940405-1-00040 1
396 0 FR940405-1-00098 1
396 0 FR940405-1-00039 1
396 0 FR940817-2-00243 1
396 0 FR940711-2-00084 0
396 0 FR940405-1-00097 1
396 0 FT944-18523 1
396 0 FT924-5411 0
396 0 FR940405-1-00114 1
396 0 FR940405-1-00122 0
396 0 FBIS3-41804 0
396 0 FT924-239 0
396 0 LA091090-0117 0
396 0 FR940405-1-00055 1
396 0 FR940405-1-00041 1
396 0 LA110389-0072 1
396 0 FR940202-2-00118 0
396 0 FR940405-1-00037 0
396 0 FR940405-1-00129 1
396 0 LA042990-0138 0
396 0 LA041889-0082 0
396 0 FT943-1146 0
396 0 FR940405-1-00042 1
396 0 FR940405-1-00118 0
396 0 LA092490-0069 0
396 0 LA080789-0045 0
396 0 FR940405-1-00085 0
396 0 LA100790-0082 0
396 0 LA112789-0001 0
396 0 FR940202-2-00139 0
396 0 FR940405-1-00036 0
396 0 LA020690-0093 0
396 0 FR940810-0-00048 0
397 0 LA120589-0153 0
397 0 LA020190-0022 1
397 0 LA021390-0016 0
397 0 LA092590-0140 1
397 0 FR941027-2-00123 0
397 0 LA071789-0107 1
397 0 FT934-17162 1
397 0 LA121989-0061 1
397 0 LA082389-0146 1
397 0 LA110790-0055 0
397 0 LA110190-0045 1
397 0 LA031489-0124 1
397 0 FT911-242 1
397 0 LA120690-0090 1
397 0 LA061090-0062 1
397 0 FT934-17200 1
397 0 FT934-17206 1
397 0 FT933-9208 1
397 0 LA052890-0061 1
397 0 LA020890-0157 1
397 0 LA100789-0148 1
397 0 FT921-3768 0
397 0 LA072390-0100 1
397 0 LA060490-0081 1
397 0 LA112589-0089 0
397 0 LA090189-0114 1
397 0 FT931-15866 0
397 0 LA040990-0119 1
397 0 FT924-5855 1
397 0 FT944-9926 0
397 0 FT944-9927 0
397 0 FT944-8613 0
397 0 FR940927-2-00105 0
397 0 LA111290-0111 1
397 0 LA072390-0101 1
397 0 FBIS3-5281 0
397 0 LA121289-0067 0
397 0 FBIS4-25110 0
397 0 FR940927-2-00103 0
397 0 FT941-14983 1
397 0 LA052689-0117 0
397 0 FBIS3-26069 0
397 0 FT922-13759 1
397 0 FR940523-2-00130 0
397 0 FT932-15789 0
397 0 LA091790-0050 0
397 0 FBIS3-5555 0
397 0 FT944-5276 0
397 0 FR940505-1-00040 0
397 0 FT941-12449 0
398 0 LA111390-0093 1
398 0 LA060290-0124 1
398 0 LA112689-0143 1
398 0 LA052589-0055 1
398 0 LA100490-0081 1
398 0 LA052790-0212 1
398 0 LA051289-0054 1
398 0 FT924-808 1
398 0 LA012089-0003 1
398 0 LA060989-0103 0
398 0 LA052790-0206 1
398 0 FT931-9636 1
398 0 FT943-1663 0
398 0 LA071289-0138 1
398 0 LA053089-0054 1
398 0 LA050490-0043 0
398 0 FT922-4300 1
398 0 LA111690-0002 1
398 0 FT921-6879 1
398 0 LA031089-0063 1
398 0 LA060990-0058 0
398 0 LA070889-0051 1
398 0 LA111590-0248 1
398 0 LA121489-0245 1
398 0 LA021489-0100 1
398 0 LA100590-0055 1
398 0 LA111690-0058 1
398 0 LA090790-0043 1
398 0 LA071489-0022 1
398 0 LA012789-0016 1
398 0 LA053089-0063 1
398 0 LA112989-0055 1
398 0 LA010589-0106 1
398 0 FT934-16343 1
398 0 LA052390-0064 1
398 0 LA092089-0011 0
398 0 LA031189-0048 1
398 0 LA121189-0014 0
398 0 LA062890-0096 0
398 0 LA041790-0088 1
398 0 LA020990-0082 1
398 0 FT924-14596 1
398 0 LA021290-0036 1
398 0 LA050290-0048 0
398 0 LA060189-0102 0
398 0 LA070790-0065 0
398 0 LA042589-0093 0
398 0 LA052489-0056 0
398 0 LA102189-0062 0
398 0 LA070689-0179 0
399 0 FT924-3602 0
399 0 FBIS4-45777 1
399 0 FBIS3-61053 0
399 0 FBIS3-1586 1
399 0 LA081390-0044 1
399 0 FBIS4-67574 1
399 0 FBIS4-46590 1
399 0 FBIS4-49902 1
399 0 FBIS4-2524 1
399 0 FBIS4-46037 1
399 0 FT944-6974 1
399 0 LA032289-0057 0
399 0 LA032289-0033 0
399 0 LA072989-0035 1
399 0 LA051090-0143 0
399 0 LA071789-0059 1
399 0 FBIS4-46461 1
399 0 LA101589-0091 1
399 0 FBIS3-41602 1
399 0 FBIS4-67508 1
399 0 FBIS3-41010 0
399 0 FBIS4-40468 1
399 0 FBIS3-41601 1
399 0 LA102990-0070 1
399 0 FBIS3-22452 1
399 0 FBIS4-20436 1
399 0 FR940404-2-00152 0
399 0 FBIS4-26062 1
399 0 LA030589-0080 0
399 0 FBIS3-3707 0
399 0 FR940810-1-00017 0
399 0 FT934-7286 1
399 0 FBIS4-45781 0
399 0 LA062290-0052 1
399 0 LA040889-0031 0
399 0 FR940811-0-00045 1
399 0 LA071790-0136 0
399 0 FBIS4-21350 1
399 0 FBIS4-21536 1
399 0 FBIS3-6833 1
399 0 LA040590-0149 1
399 0 FBIS4-45780 1
399 0 FBIS4-46504 1
399 0 LA061790-0137 0
399 0 FR940404-2-00157 0
399 0 FBIS3-40388 1
399 0 LA010690-0049 0
399 0 FR940916-0-00045 0
399 0 LA072889-0038 0
399 0 LA040989-0122 0
400 0 LA032590-0089 1
400 0 LA061790-0153 1
400 0 LA070890-0117 1
400 0 LA042389-0057 1
400 0 LA102390-0098 1
400 0 LA012289-0052 1
400 0 LA050789-0087 1
400 0 LA031190-0001 0
400 0 LA040789-0077 1
400 0 LA030389-0185 0
400 0 FT922-7175 1
400 0 LA030489-0009 0
400 0 LA060890-0004 1
400 0 LA071290-0117 1
400 0 LA052489-0044 0
400 0 FBIS3-41591 1
400 0 LA071090-0032 0
400 0 FT921-6096 0
400 0 LA030990-0199 0
400 0 LA121489-0140 1
400 0 FT941-7823 0
400 0 LA012289-0165 1
400 0 FT921-2048 1
400 0 FT933-5902 1
400 0 LA020590-0093 0
400 0 FT922-3429 1
400 0 FT944-9607 0
400 0 LA121489-0128 1
400 0 FBIS4-67558 1
400 0 FBIS4-57495 1
400 0 LA121390-0112 1
400 0 FBIS3-22404 0
400 0 LA121890-0005 1
400 0 FT943-12730 1
400 0 FT931-6077 1
400 0 FBIS4-67363 1
400 0 FT922-5106 1
400 0 FT922-4626 1
400 0 FT931-6615 1
400 0 FT942-1953 1
400 0 LA100290-0091 1
400 0 FT944-10636 1
400 0 FBIS4-10985 1
400 0 LA031289-0053 1
400 0 FBIS3-10095 0
400 0 FT931-10187 1
400 0 FT942-806 0
400 0 FBIS4-67533 1
400 0 LA060989-0041 1
400 0 LA101589-0017 1
