351 0 FT941-9999 1
351 0 FT934-4848 1
351 0 FBIS4-66185 0
351 0 FT934-4856 1
351 0 FT922-15099 1
351 0 FT921-6603 1
351 0 FT921-2097 1
351 0 FT932-16710 1
351 0 FT923-11890 1
351 0 FT931-16104 0
351 0 FT944-10523 0
351 0 FBIS3-59016 1
351 0 FT942-12805 1
351 0 FT941-13429 1
351 0 FT943-15117 1
351 0 FT934-4629 1
351 0 FBIS4-34996 1
351 0 FBIS4-35048 1
351 0 FBIS4-34579 1
351 0 FT943-14758 1
351 0 FBIS3-33035 1
351 0 FT931-10913 1
351 0 FT934-13954 1
351 0 FT932-6577 1
351 0 FBIS4-57354 1
351 0 FT922-14936 1
351 0 FT931-16617 1
351 0 FT941-15233 0
351 0 FT921-8241 0
351 0 FT944-15849 1
351 0 FT944-4279 0
351 0 FT921-8458 1
351 0 FBIS3-10697 1
351 0 FBIS3-11107 1
351 0 FT923-1456 1
351 0 FT931-932 1
351 0 FT934-13429 1
351 0 LA121089-0199 0
351 0 FBIS4-44559 0
351 0 FBIS3-33505 1
351 0 FBIS3-10551 1
351 0 FBIS4-56741 1
351 0 FBIS4-33819 0
351 0 FT931-16423 0
351 0 LA111290-0139 1
351 0 FBIS3-10646 1
351 0 FBIS3-50570 1
351 0 FBIS4-10762 1
351 0 LA072390-0020 0
351 0 FT944-11847 0
352 0 FT941-4219 1
352 0 FT943-904 0
352 0 LA120290-0163 1
352 0 FT911-5249 0
352 0 FT934-11803 1
352 0 FT934-10658 0
352 0 FT942-11114 0
352 0 FT934-14911 0
352 0 FT944-4743 1
352 0 FBIS4-64850 1
352 0 FT941-6061 0
352 0 FT942-11412 1
352 0 FT941-5434 1
352 0 FT943-1971 1
352 0 FT942-6839 1
352 0 FT941-3836 1
352 0 FT923-7994 1
352 0 FT934-16621 1
352 0 FT924-10994 1
352 0 FT942-3907 1
352 0 FT942-11113 1
352 0 FT944-2448 0
352 0 FT944-14192 0
352 0 FT942-16679 1
352 0 FT942-16680 1
352 0 FT923-8797 1
352 0 FT942-11115 1
352 0 FT942-16678 1
352 0 FT942-11130 1
352 0 FT934-2741 1
352 0 FT934-16627 1
352 0 FT942-16673 1
352 0 FT923-12590 1
352 0 FT942-16674 1
352 0 FT923-4956 0
352 0 FT942-8510 1
352 0 FT934-10925 0
352 0 LA021090-0034 0
352 0 FT944-4064 1
352 0 FT932-5866 0
352 0 FT944-9034 1
352 0 FT922-15165 0
352 0 FBIS3-29954 0
352 0 LA022689-0236 0
352 0 LA103190-0035 1
352 0 LA011090-0152 1
352 0 FT942-11120 1
352 0 LA110389-0087 0
352 0 FT944-9847 0
352 0 FT942-12999 1
353 0 LA111690-0059 1
353 0 FT911-4348 1
353 0 FT911-558 1
353 0 LA120389-0149 1
353 0 FT931-8655 0
353 0 LA040590-0149 1
353 0 FT944-18764 0
353 0 LA100990-0079 1
353 0 FR940105-2-00091 1
353 0 FT911-1769 1
353 0 FT911-4349 1
353 0 LA100389-0123 0
353 0 FR941012-2-00099 0
353 0 LA030490-0202 0
353 0 LA100190-0054 1
353 0 FBIS3-61405 1
353 0 FBIS4-67409 0
353 0 FT942-15208 1
353 0 FT911-4151 1
353 0 FT932-14449 0
353 0 LA060689-0117 0
353 0 FBIS4-2577 0
353 0 FT942-7081 1
353 0 LA031989-0166 1
353 0 FT922-70 1
353 0 FBIS4-67402 0
353 0 LA102189-0067 1
353 0 FBIS4-26294 1
353 0 FT911-4261 1
353 0 FBIS4-20472 1
353 0 FR941206-1-00134 0
353 0 FT931-10579 0
353 0 FT941-16602 0
353 0 LA070890-0156 0
353 0 FBIS3-41958 0
353 0 FT911-2534 1
353 0 FT911-2315 1
353 0 FT911-2897 1
353 0 FT942-7616 1
353 0 FT921-10517 1
353 0 FBIS4-5466 0
353 0 FBIS4-66382 0
353 0 FR941012-2-00098 0
353 0 FT924-8298 1
353 0 FT942-6795 1
353 0 FT934-1364 0
353 0 FT924-8994 0
353 0 FBIS3-10097 0
353 0 LA052889-0108 0
353 0 FT911-122 1
354 0 FBIS4-30974 0
354 0 FBIS3-22921 0
354 0 LA032690-0018 1
354 0 LA092789-0067 0
354 0 FBIS3-58280 1
354 0 FT944-12673 0
354 0 FR940224-2-00160 0
354 0 FBIS3-30283 1
354 0 FBIS4-10236 0
354 0 FBIS4-46383 1
354 0 FBIS4-36332 1
354 0 FBIS3-43550 1
354 0 FBIS4-46382 1
354 0 FBIS4-21898 1
354 0 FBIS4-54468 1
354 0 FBIS4-46384 1
354 0 FBIS4-36104 1
354 0 FBIS4-21899 1
354 0 LA110190-0239 0
354 0 LA102489-0139 1
354 0 LA103190-0026 0
354 0 FBIS4-20291 1
354 0 FBIS4-61033 0
354 0 LA042390-0036 1
354 0 LA080189-0120 1
354 0 LA082189-0048 0
354 0 FBIS4-50963 0
354 0 FT911-1588 0
354 0 LA082590-0055 1
354 0 FR940602-1-00023 0
354 0 FBIS3-34008 1
354 0 FBIS3-42212 1
354 0 LA112889-0107 1
354 0 FBIS3-34181 1
354 0 LA083090-0243 1
354 0 LA050390-0168 1
354 0 LA082790-0081 1
354 0 LA050890-0178 1
354 0 FBIS3-43549 1
354 0 LA012090-0052 1
354 0 LA012990-0062 1
354 0 LA051490-0007 1
354 0 LA031690-0174 1
354 0 LA043090-0042 0
354 0 FBIS3-31130 1
354 0 FBIS4-2437 1
354 0 FBIS4-2451 0
354 0 FBIS3-50887 0
354 0 LA080790-0083 0
354 0 FBIS3-19375 1
355 0 FBIS4-20436 1
355 0 FBIS3-23683 0
355 0 FBIS3-40210 1
355 0 FBIS4-20602 1
355 0 FBIS3-21238 1
355 0 FBIS4-20472 1
355 0 FBIS4-66382 0
355 0 FBIS3-23689 1
355 0 FBIS4-22145 0
355 0 FBIS3-40224 0
355 0 FBIS4-42216 0
355 0 FBIS4-67760 1
355 0 FBIS4-44667 0
355 0 FT941-16695 0
355 0 FBIS4-50570 0
355 0 FT933-14523 0
355 0 FBIS4-49691 1
355 0 FBIS4-47374 0
355 0 FBIS4-44915 1
355 0 FBIS3-21019 1
355 0 FBIS3-40552 0
355 0 FBIS3-40388 1
355 0 LA052189-0006 0
355 0 FBIS4-44913 0
355 0 FBIS3-47420 0
355 0 FBIS3-21242 1
355 0 LA022790-0002 0
355 0 FBIS3-23691 1
355 0 FBIS4-44904 1
355 0 FT931-16470 0
355 0 FR941227-2-00111 0
355 0 FBIS4-66494 0
355 0 FBIS4-66315 0
355 0 FBIS3-43038 0
355 0 FBIS3-40513 0
355 0 FBIS4-47382 0
355 0 FR941213-2-00066 0
355 0 FR941021-0-00060 0
355 0 FBIS4-45945 1
355 0 FBIS4-44914 0
355 0 LA081490-0088 0
355 0 FBIS4-20504 0
355 0 FT933-2178 0
355 0 FBIS3-22280 0
355 0 FBIS3-21232 0
355 0 FBIS4-20917 1
355 0 FBIS4-29162 1
355 0 FBIS4-68330 1
355 0 FT911-4685 0
355 0 LA050390-0241 0
356 0 FR940513-2-00108 1
356 0 LA082890-0074 0
356 0 LA080289-0067 0
356 0 LA061889-0088 0
356 0 LA111589-0004 0
356 0 FT934-4626 1
356 0 FT932-1044 1
356 0 FT934-14693 0
356 0 FT943-969 0
356 0 LA081389-0032 0
356 0 LA081389-0035 0
356 0 LA072690-0056 0
356 0 LA092890-0067 0
356 0 LA083089-0024 0
356 0 FT934-10438 1
356 0 FT933-8376 1
356 0 LA010790-0103 0
356 0 FR940525-1-00062 0
356 0 FT921-16224 1
356 0 FR941021-2-00078 0
356 0 FT932-7262 0
356 0 LA033089-0013 0
356 0 LA120689-0083 0
356 0 LA020589-0078 0
356 0 LA071290-0133 0
356 0 FT931-6710 0
356 0 LA121489-0052 0
356 0 FT941-14976 0
356 0 FT921-537 1
356 0 FT924-979 1
356 0 FT931-15358 1
356 0 LA020490-0136 0
356 0 FT924-10901 0
356 0 FT924-13064 0
356 0 FR940525-1-00078 0
356 0 FR940912-2-00112 0
356 0 FR940628-2-00059 0
356 0 LA011389-0029 0
356 0 FT944-624 0
356 0 LA082490-0015 0
356 0 LA030290-0067 0
356 0 LA091189-0069 0
356 0 FT934-15392 0
356 0 FBIS4-37784 0
356 0 LA020889-0141 0
356 0 LA063090-0103 1
356 0 FT933-2354 1
356 0 LA041690-0042 0
356 0 FT922-6277 0
356 0 LA111089-0085 0
357 0 FBIS3-36488 1
357 0 FT923-4500 1
357 0 FT921-6610 1
357 0 FT923-2214 1
357 0 FT943-10427 0
357 0 FBIS3-41666 0
357 0 FBIS3-10764 1
357 0 FBIS3-19919 0
357 0 FT944-9398 1
357 0 FBIS4-66185 1
357 0 FT921-10970 0
357 0 FBIS4-65392 1
357 0 FBIS4-43073 0
357 0 FBIS4-43745 1
357 0 FBIS4-53445 1
357 0 FT944-9095 1
357 0 FBIS3-6514 1
357 0 FT943-8618 0
357 0 FR940920-2-00028 0
357 0 FBIS4-28401 0
357 0 FT932-10353 1
357 0 FBIS4-65231 1
357 0 FT922-3431 1
357 0 FBIS3-49541 1
357 0 FBIS4-43600 1
357 0 FBIS3-58550 1
357 0 FT944-8867 1
357 0 FT944-6695 1
357 0 FT944-6690 1
357 0 FT944-9118 1
357 0 FBIS4-67533 0
357 0 FBIS4-49663 1
357 0 FBIS3-41620 0
357 0 FBIS3-18108 0
357 0 FBIS3-48123 1
357 0 FBIS3-30108 1
357 0 FBIS3-5492 1
357 0 FT941-2301 1
357 0 FT943-6374 1
357 0 FBIS3-28782 0
357 0 FT943-5812 0
357 0 FT944-2053 0
357 0 FBIS3-18903 0
357 0 FT944-13892 1
357 0 FBIS3-52563 1
357 0 FBIS4-42864 1
357 0 FBIS4-43299 1
357 0 FBIS3-6464 1
357 0 FBIS3-6685 1
357 0 FBIS3-21382 0
358 0 LA020690-0100 0
358 0 LA101090-0043 1
358 0 LA040689-0027 1
358 0 LA040789-0022 1
358 0 LA101290-0077 1
358 0 LA091689-0056 0
358 0 LA091390-0260 1
358 0 LA120889-0165 0
358 0 FT911-1602 0
358 0 LA030889-0034 1
358 0 LA040589-0021 0
358 0 LA030190-0069 0
358 0 LA042889-0069 1
358 0 LA122389-0013 1
358 0 LA042590-0030 1
358 0 LA091389-0008 1
358 0 LA050990-0062 1
358 0 LA091689-0078 1
358 0 FR940628-1-00079 0
358 0 LA081989-0023 0
358 0 LA123189-0111 0
358 0 LA031889-0124 1
358 0 LA041890-0071 1
358 0 LA110890-0049 1
358 0 LA061490-0039 1
358 0 LA041990-0194 1
358 0 LA050389-0106 1
358 0 LA060690-0029 1
358 0 LA011290-0111 1
358 0 LA051889-0059 1
358 0 LA101989-0014 1
358 0 LA081789-0031 1
358 0 LA011289-0070 1
358 0 LA100389-0044 0
358 0 LA010290-0074 0
358 0 LA011190-0074 0
358 0 LA081189-0092 1
358 0 LA100490-0132 1
358 0 LA092789-0070 1
358 0 LA012689-0129 0
358 0 LA090490-0013 0
358 0 FR940617-2-00164 0
358 0 LA012690-0061 1
358 0 LA041290-0114 1
358 0 LA011890-0114 1
358 0 LA122789-0131 0
358 0 LA082690-0158 0
358 0 FT931-12899 0
358 0 LA070490-0057 0
358 0 FR940803-0-00125 0
359 0 LA122390-0143 0
359 0 LA040590-0215 0
359 0 LA032190-0147 0
359 0 FR941230-0-00123 0
359 0 LA021990-0086 0
359 0 LA120390-0101 0
359 0 FBIS4-47379 0
359 0 FT942-6111 0
359 0 LA100589-0171 0
359 0 LA091689-0105 0
359 0 FT941-7637 0
359 0 FR940830-2-00083 0
359 0 FT934-16723 0
359 0 FR940324-2-00129 0
359 0 FT941-11862 0
359 0 LA072990-0169 0
359 0 FT934-3875 0
359 0 LA033190-0115 0
359 0 FR940202-1-00049 0
359 0 FBIS4-20504 0
359 0 FT942-12974 0
359 0 LA032690-0072 1
359 0 LA020489-0104 0
359 0 FT933-546 0
359 0 FR940907-2-00134 0
359 0 LA100790-0239 0
359 0 LA040189-0110 0
359 0 LA010289-0064 0
359 0 FT934-3827 0
359 0 LA070190-0163 1
359 0 LA040890-0216 0
359 0 FT943-737 0
359 0 FR940928-0-00027 0
359 0 FT931-4092 0
359 0 LA070789-0092 0
359 0 LA040990-0062 0
359 0 FT932-13266 0
359 0 FR941006-1-00063 0
359 0 FR940324-2-00073 0
359 0 FBIS4-68893 0
359 0 FR940817-2-00287 0
359 0 FR941003-2-00181 0
359 0 FT923-7279 0
359 0 FT941-10089 0
359 0 LA011489-0115 1
359 0 LA120389-0225 0
359 0 LA111890-0055 0
359 0 FR940513-2-00094 0
359 0 FT932-14604 0
359 0 LA061089-0080 0
360 0 LA031289-0044 1
360 0 LA032590-0032 1
360 0 LA112089-0024 1
360 0 FBIS3-9970 1
360 0 LA090689-0011 1
360 0 FBIS3-21631 1
360 0 FBIS4-21016 1
360 0 LA050789-0008 1
360 0 LA103189-0060 0
360 0 LA110989-0224 1
360 0 LA121289-0102 1
360 0 FBIS4-32904 1
360 0 LA031990-0019 1
360 0 LA031990-0020 1
360 0 LA072990-0058 1
360 0 LA010190-0006 1
360 0 LA011090-0127 1
360 0 LA062589-0009 1
360 0 LA032690-0016 1
360 0 FBIS4-56869 0
360 0 FBIS4-52459 0
360 0 FBIS4-67033 1
360 0 FBIS4-56688 1
360 0 FBIS4-57002 0
360 0 LA091989-0013 1
360 0 LA032590-0030 1
360 0 LA091989-0009 0
360 0 LA120289-0008 0
360 0 FBIS4-45174 1
360 0 FBIS4-57642 1
360 0 FBIS4-21064 1
360 0 FBIS4-67159 1
360 0 FBIS4-57131 1
360 0 FBIS4-10295 1
360 0 FBIS4-67034 1
360 0 FBIS4-10739 0
360 0 LA121589-0029 1
360 0 LA100889-0211 1
360 0 LA031490-0029 0
360 0 LA031590-0059 1
360 0 LA032189-0071 0
360 0 FBIS4-45178 1
360 0 FBIS4-21335 1
360 0 FBIS4-20016 0
360 0 FBIS4-57310 1
360 0 FBIS4-67247 1
360 0 FBIS4-57533 1
360 0 FBIS3-57998 1
360 0 FBIS3-60059 1
360 0 FBIS4-67149 1
361 0 LA120689-0008 0
361 0 LA121889-0008 0
361 0 LA061290-0034 0
361 0 LA112989-0008 0
361 0 LA022890-0075 0
361 0 LA022890-0105 1
361 0 LA112689-0137 1
361 0 LA112689-0194 1
361 0 FBIS4-50830 0
361 0 LA021090-0137 1
361 0 FR940503-2-00105 0
361 0 LA061290-0137 0
361 0 LA072089-0203 0
361 0 FR941206-1-00134 0
361 0 FR940617-2-00161 0
361 0 LA032290-0007 0
361 0 LA062890-0126 0
361 0 LA042790-0115 0
361 0 LA112889-0108 1
361 0 FT943-12929 0
361 0 LA081190-0123 1
361 0 FR940513-1-00101 0
361 0 FT924-10405 0
361 0 FR940203-0-00084 0
361 0 FR941025-1-00027 0
361 0 FT923-5795 0
361 0 FBIS4-42634 0
361 0 FT934-13495 0
361 0 FR940223-2-00074 0
361 0 LA031890-0125 0
361 0 LA123189-0192 1
361 0 LA120689-0012 0
361 0 FT921-4538 0
361 0 FR940513-1-00100 0
361 0 FR940706-2-00116 0
361 0 LA061290-0135 0
361 0 FR940602-1-00023 0
361 0 FT944-11438 0
361 0 FBIS3-42454 0
361 0 FR941025-1-00030 0
361 0 FR940318-2-00103 0
361 0 LA020490-0164 0
361 0 FT924-1107 0
361 0 FT933-15309 0
361 0 LA082390-0031 0
361 0 FT924-15 0
361 0 LA021090-0001 0
361 0 LA091290-0178 0
361 0 FR940406-0-00190 0
361 0 FT943-10924 0
362 0 FBIS4-52316 0
362 0 FT932-4965 1
362 0 FBIS4-31707 1
362 0 FBIS3-26112 1
362 0 FBIS3-3189 1
362 0 FT932-5376 1
362 0 FBIS3-26071 0
362 0 LA030189-0037 1
362 0 LA083189-0209 1
362 0 LA111989-0088 1
362 0 FBIS3-46172 0
362 0 LA030189-0036 1
362 0 LA082390-0171 1
362 0 LA030989-0111 1
362 0 LA072090-0019 1
362 0 FBIS4-2353 1
362 0 LA030289-0080 1
362 0 LA090190-0032 0
362 0 LA080590-0106 1
362 0 FT911-2685 0
362 0 FBIS3-47775 0
362 0 LA101989-0184 0
362 0 FBIS4-50246 0
362 0 LA121290-0049 0
362 0 FBIS3-46030 0
362 0 FBIS4-66826 0
362 0 FBIS4-3829 0
362 0 FBIS3-3474 0
362 0 FBIS4-49075 1
362 0 FBIS3-41244 0
362 0 FBIS3-20467 0
362 0 FBIS3-5746 1
362 0 FBIS3-24325 0
362 0 LA062389-0131 0
362 0 FBIS4-1628 0
362 0 FBIS4-24385 0
362 0 FBIS4-3219 1
362 0 FBIS4-1795 0
362 0 FBIS3-6381 0
362 0 FT924-3047 0
362 0 FBIS3-21967 0
362 0 FBIS3-2234 1
362 0 FT931-9196 0
362 0 FBIS4-10342 0
362 0 FBIS3-10614 0
362 0 LA080689-0167 0
362 0 FBIS3-21772 0
362 0 FBIS4-2502 0
362 0 LA110190-0023 0
362 0 FT923-4690 0
363 0 LA071490-0079 1
363 0 FT922-12816 0
363 0 FT943-1971 0
363 0 LA071590-0099 1
363 0 LA082690-0119 0
363 0 LA070890-0174 1
363 0 LA011190-0186 1
363 0 FT924-15077 1
363 0 FBIS4-20472 0
363 0 FT944-12321 0
363 0 FT934-3952 0
363 0 FBIS4-21940 0
363 0 FT922-1429 0
363 0 FT944-11817 0
363 0 FT941-7101 1
363 0 FT941-7105 1
363 0 FT924-11139 0
363 0 FT922-1316 0
363 0 LA071490-0104 1
363 0 LA020790-0101 1
363 0 FT911-4885 1
363 0 LA083190-0013 0
363 0 FT944-2648 0
363 0 FT922-12325 0
363 0 LA071490-0102 1
363 0 LA071590-0107 0
363 0 FT924-10146 0
363 0 FT934-3136 0
363 0 FT933-8508 0
363 0 LA071490-0103 0
363 0 FT924-8717 0
363 0 FT923-6165 0
363 0 LA042589-0104 0
363 0 FT934-16621 0
363 0 FT942-11123 0
363 0 LA071490-0016 0
363 0 FBIS4-9820 0
363 0 FBIS3-40211 0
363 0 FT944-14189 0
363 0 FT924-13997 1
363 0 FT943-11650 0
363 0 LA072490-0030 0
363 0 FT941-6061 0
363 0 FT942-3862 0
363 0 LA021589-0143 0
363 0 FBIS4-66489 0
363 0 FBIS3-40503 0
363 0 FBIS4-66382 0
363 0 FT941-5434 0
363 0 FT923-1771 0
364 0 LA021189-0113 1
364 0 LA122790-0077 1
364 0 FT921-2108 0
364 0 LA100590-0099 1
364 0 LA121489-0129 0
364 0 FBIS3-22643 1
364 0 LA090189-0061 1
364 0 FBIS3-22514 1
364 0 FT923-5564 1
364 0 FBIS3-22674 1
364 0 FBIS3-22547 1
364 0 FT933-12826 0
364 0 FR941006-1-00006 1
364 0 FBIS3-22622 1
364 0 FBIS4-45868 1
364 0 LA052790-0209 1
364 0 FBIS3-60504 1
364 0 FBIS4-33007 1
364 0 FBIS3-22604 1
364 0 FBIS3-4916 1
364 0 FBIS3-60505 1
364 0 FT944-7791 0
364 0 FR941006-1-00007 1
364 0 FR941006-1-00005 0
364 0 FR941006-1-00008 0
364 0 FT931-13670 0
364 0 FR941206-1-00134 0
364 0 LA110689-0034 1
364 0 LA070590-0145 0
364 0 LA082390-0001 0
364 0 FT944-7827 1
364 0 FBIS4-67692 1
364 0 FT922-2616 0
364 0 FBIS3-60503 1
364 0 LA010289-0060 1
364 0 LA010889-0041 1
364 0 LA060190-0138 1
364 0 LA091890-0152 1
364 0 LA110689-0060 0
364 0 LA062589-0051 0
364 0 FT931-16883 0
364 0 LA051290-0135 0
364 0 FBIS4-62473 1
364 0 FBIS3-41731 1
364 0 LA082689-0128 0
364 0 FBIS3-24544 0
364 0 FBIS4-21783 0
364 0 FR940526-2-00029 0
364 0 FT922-2743 0
364 0 FBIS3-24469 0
365 0 LA021690-0167 1
365 0 LA123090-0031 1
365 0 LA070990-0005 1
365 0 FT921-10204 1
365 0 FT923-14358 1
365 0 LA110390-0071 1
365 0 LA062890-0007 1
365 0 LA112790-0036 1
365 0 FT932-14766 1
365 0 LA041890-0004 1
365 0 FR940719-2-00148 1
365 0 FT922-14235 1
365 0 FR940906-2-00094 1
365 0 FR940831-2-00124 1
365 0 FT922-12623 1
365 0 LA052789-0013 0
365 0 LA071790-0136 1
365 0 LA121490-0119 1
365 0 FR940926-2-00036 1
365 0 FR941104-2-00064 1
365 0 FT921-5191 0
365 0 FT922-5507 1
365 0 LA080890-0116 1
365 0 LA092890-0073 0
365 0 FT922-9051 0
365 0 LA051689-0023 0
365 0 LA030190-0046 0
365 0 LA021890-0051 0
365 0 FT924-2561 1
365 0 FT921-16395 1
365 0 LA012990-0054 1
365 0 LA081589-0027 1
365 0 LA061789-0038 1
365 0 LA050690-0183 1
365 0 FR940104-0-00049 0
365 0 FBIS3-41666 0
365 0 FT922-643 1
365 0 LA051190-0146 1
365 0 FBIS4-50220 0
365 0 LA122390-0109 0
365 0 FT931-9266 0
365 0 FR940104-0-00039 1
365 0 LA101589-0082 0
365 0 FBIS4-25960 0
365 0 FBIS4-26707 0
365 0 FT931-9258 0
365 0 FT931-13401 1
365 0 LA031589-0069 0
365 0 FBIS4-44904 0
365 0 FT944-302 0
366 0 FBIS4-20690 1
366 0 FR940919-0-00053 0
366 0 FR940919-0-00073 1
366 0 FR940318-2-00269 0
366 0 FR940919-0-00072 1
366 0 FR940919-0-00071 0
366 0 LA070189-0037 1
366 0 FT942-2461 0
366 0 LA032990-0078 1
366 0 LA041889-0026 1
366 0 FT934-10056 1
366 0 FT932-5802 1
366 0 FT921-10207 1
366 0 FT931-2264 1
366 0 FT941-2277 1
366 0 FBIS4-47282 1
366 0 FBIS4-1659 1
366 0 LA030889-0031 1
366 0 LA121890-0103 1
366 0 LA060489-0094 1
366 0 FBIS4-48706 0
366 0 FT941-16332 1
366 0 FBIS3-46993 1
366 0 LA032789-0047 0
366 0 FT934-11402 0
366 0 LA110389-0007 1
366 0 FT934-7389 1
366 0 LA091190-0062 1
366 0 LA061990-0065 1
366 0 FT944-14646 1
366 0 LA050990-0033 1
366 0 LA051590-0067 1
366 0 LA102990-0105 1
366 0 FT924-4122 1
366 0 LA062690-0034 1
366 0 FT931-13593 1
366 0 FT924-4083 1
366 0 FBIS3-24482 1
366 0 LA092390-0194 0
366 0 FT943-9284 0
366 0 FT931-16618 1
366 0 FT932-3215 1
366 0 FR940118-1-00003 0
366 0 LA010489-0024 1
366 0 LA011990-0179 1
366 0 LA022489-0136 0
366 0 LA022389-0216 0
366 0 FT944-7809 1
366 0 LA091690-0090 0
366 0 LA110590-0069 1
367 0 FT924-15875 0
367 0 FBIS4-2223 1
367 0 FT931-13486 0
367 0 FT923-9880 1
367 0 FR940804-2-00048 0
367 0 LA030789-0088 1
367 0 FT923-1266 1
367 0 FT931-13007 1
367 0 FBIS4-10527 0
367 0 FBIS4-3475 0
367 0 FT944-16684 0
367 0 FBIS4-50882 1
367 0 LA042990-0231 1
367 0 LA070290-0115 1
367 0 FBIS3-3860 1
367 0 FBIS3-8392 1
367 0 FBIS3-8391 1
367 0 FBIS3-8551 1
367 0 LA052389-0099 1
367 0 LA042990-0004 1
367 0 FR940325-1-00019 1
367 0 FBIS4-14058 1
367 0 FBIS4-53276 1
367 0 FR940810-1-00014 0
367 0 FBIS4-60692 0
367 0 FT932-17437 0
367 0 FBIS3-29724 1
367 0 FBIS3-29693 1
367 0 FBIS3-3196 1
367 0 FBIS3-3863 1
367 0 FBIS3-3864 1
367 0 FT931-9808 1
367 0 FT931-6602 1
367 0 FT924-15919 1
367 0 FBIS3-48230 1
367 0 FBIS4-53389 1
367 0 FBIS3-26692 1
367 0 FBIS3-44900 1
367 0 FBIS3-47734 1
367 0 FBIS4-50246 1
367 0 FT943-6371 1
367 0 FT942-16246 1
367 0 FBIS3-46993 1
367 0 FT944-1847 1
367 0 FT944-2053 1
367 0 FT943-9874 1
367 0 FR940419-0-00123 0
367 0 FT922-6363 0
367 0 LA071089-0076 1
367 0 LA071089-0057 1
368 0 LA062690-0178 0
368 0 LA092189-0226 1
368 0 LA080889-0083 1
368 0 LA080789-0101 1
368 0 LA052790-0032 1
368 0 LA081490-0123 1
368 0 LA041390-0072 1
368 0 LA081289-0012 1
368 0 LA080790-0131 1
368 0 LA092689-0055 1
368 0 LA120789-0015 1
368 0 LA081490-0032 1
368 0 LA111190-0025 1
368 0 LA103090-0134 1
368 0 LA072390-0045 1
368 0 LA062389-0034 1
368 0 LA030389-0179 1
368 0 LA102990-0096 1
368 0 LA101689-0053 1
368 0 LA080989-0083 1
368 0 LA032790-0011 1
368 0 LA072490-0037 0
368 0 FR940922-2-00124 0
368 0 LA101290-0150 1
368 0 LA102390-0121 1
368 0 LA101890-0055 1
368 0 FR940603-2-00066 1
368 0 LA101190-0211 1
368 0 FT941-16729 1
368 0 LA092790-0237 1
368 0 FT931-15823 0
368 0 FT941-12431 1
368 0 LA092590-0067 1
368 0 LA082190-0143 1
368 0 LA042390-0090 1
368 0 LA092390-0207 1
368 0 LA102290-0115 1
368 0 LA042389-0005 1
368 0 LA102490-0084 1
368 0 FT931-7612 1
368 0 LA092890-0154 0
368 0 FT941-15524 1
368 0 LA082090-0003 0
368 0 LA101689-0087 0
368 0 LA031690-0157 1
368 0 LA101289-0201 0
368 0 FT932-9328 0
368 0 FR940325-2-00079 1
368 0 FT921-7951 0
368 0 FBIS4-34764 0
369 0 FT941-16307 0
369 0 LA061290-0021 1
369 0 LA082189-0039 1
369 0 LA110789-0040 1
369 0 FT922-12878 0
369 0 LA041689-0225 0
369 0 LA041990-0068 1
369 0 LA012590-0010 0
369 0 LA030890-0003 0
369 0 LA101189-0084 1
369 0 FT923-15636 1
369 0 LA070190-0075 0
369 0 LA120589-0013 1
369 0 LA032389-0210 0
369 0 FT944-5416 0
369 0 FR941021-1-00036 0
369 0 LA111689-0180 0
369 0 LA041590-0001 0
369 0 LA052589-0150 1
369 0 LA062890-0066 1
369 0 LA010189-0010 0
369 0 FR940822-0-00067 0
369 0 LA021990-0014 0
369 0 FT921-4305 0
369 0 FR940323-2-00082 1
369 0 LA012289-0118 0
369 0 FBIS3-35116 0
369 0 LA041990-0188 0
369 0 FT943-12605 0
369 0 LA012490-0132 0
369 0 FBIS3-10956 0
369 0 FT934-10529 0
369 0 LA061589-0030 0
369 0 LA012490-0173 0
369 0 LA052990-0033 0
369 0 LA080389-0137 0
369 0 FBIS3-13221 0
369 0 FBIS3-22510 0
369 0 LA012290-0038 0
369 0 LA110289-0120 0
369 0 LA040890-0174 0
369 0 FBIS4-22927 0
369 0 FR940112-1-00044 0
369 0 LA041889-0082 0
369 0 FR940118-0-00018 0
369 0 LA112390-0018 0
369 0 LA101690-0121 0
369 0 FBIS3-20544 0
369 0 FT941-13341 0
369 0 FR940202-2-00114 0
370 0 FBIS4-45459 0
370 0 FT932-95 0
370 0 FR940104-0-00035 1
370 0 FR940104-0-00033 1
370 0 FR940104-0-00034 1
370 0 FR940525-1-00049 1
370 0 LA032489-0093 1
370 0 FR940104-1-00050 1
370 0 FR940104-0-00031 1
370 0 FR940314-1-00041 1
370 0 FR940104-0-00032 1
370 0 FR940525-0-00015 1
370 0 FR940204-1-00053 1
370 0 FR940202-1-00055 1
370 0 FBIS3-60336 0
370 0 FR940513-0-00063 1
370 0 FR940907-0-00018 1
370 0 FR940418-2-00088 1
370 0 FR940204-0-00010 1
370 0 FR940825-2-00080 0
370 0 LA041290-0192 0
370 0 FR940922-2-00125 0
370 0 FR940525-1-00051 1
370 0 FR940525-1-00067 0
370 0 FR940128-2-00143 1
370 0 FR941230-2-00033 0
370 0 LA071390-0083 1
370 0 LA082390-0078 1
370 0 LA030790-0155 1
370 0 FT942-1460 0
370 0 FR940104-0-00036 1
370 0 FR940525-1-00054 1
370 0 FR940525-1-00073 0
370 0 LA062790-0115 1
370 0 LA012590-0010 0
370 0 FR940620-2-00036 0
370 0 FR940525-1-00070 0
370 0 FT943-1702 0
370 0 FR940525-1-00057 1
370 0 LA102489-0145 0
370 0 FR941006-1-00122 1
370 0 FR941006-1-00138 1
370 0 FR941006-1-00129 1
370 0 LA051790-0074 1
370 0 FR941212-2-00064 1
370 0 FR941206-1-00027 0
370 0 FT931-2039 0
370 0 FR940216-2-00019 0
370 0 LA031590-0018 0
370 0 LA103089-0087 0
371 0 LA112290-0225 0
371 0 LA091789-0225 1
371 0 FBIS3-2466 0
371 0 LA082690-0003 0
371 0 FT922-461 1
371 0 FT932-14884 0
371 0 LA022590-0123 0
371 0 FBIS4-58610 0
371 0 FT942-2531 0
371 0 LA043089-0057 0
371 0 LA101089-0113 0
371 0 FT921-9725 0
371 0 FT924-1170 0
371 0 LA011289-0097 0
371 0 FT921-10156 0
371 0 LA102589-0139 0
371 0 LA100790-0093 0
371 0 LA040589-0054 0
371 0 LA042189-0007 0
371 0 FR940602-1-00023 0
371 0 LA071790-0026 0
371 0 LA041489-0016 0
371 0 LA072689-0009 0
371 0 FBIS4-57092 0
371 0 FR940126-2-00056 0
371 0 FT923-3018 0
371 0 FT933-2419 0
371 0 FBIS3-11284 0
371 0 FBIS4-22953 0
371 0 LA091089-0062 0
371 0 FT942-801 0
371 0 FT933-2350 0
371 0 FT932-9008 1
371 0 LA101389-0153 1
371 0 LA083189-0200 0
371 0 LA030489-0025 0
371 0 LA020490-0059 0
371 0 FBIS4-22954 0
371 0 FT942-1936 0
371 0 FBIS4-67533 0
371 0 LA072890-0140 0
371 0 FT932-15161 0
371 0 LA021690-0112 0
371 0 FBIS4-31994 0
371 0 FBIS3-61565 0
371 0 FT941-16404 0
371 0 FR940104-0-00034 0
371 0 FT921-5373 0
371 0 FBIS3-61562 1
371 0 LA112090-0016 0
372 0 FT942-12298 1
372 0 FT924-6336 1
372 0 LA121789-0008 0
372 0 LA082290-0067 0
372 0 FR940721-2-00148 0
372 0 LA072389-0077 1
372 0 LA090389-0160 1
372 0 LA042890-0078 1
372 0 LA050390-0182 1
372 0 LA060390-0083 1
372 0 LA051190-0087 1
372 0 FR941216-2-00099 1
372 0 FT943-6218 1
372 0 FR940921-2-00092 1
372 0 FR941222-2-00126 1
372 0 LA052790-0207 1
372 0 FR941216-2-00189 1
372 0 FR941003-2-00212 1
372 0 FR940114-2-00159 1
372 0 FR940426-2-00123 1
372 0 FR940720-2-00181 1
372 0 FR940426-2-00124 1
372 0 FR940617-2-00244 1
372 0 FR940713-2-00184 1
372 0 FR940617-2-00241 0
372 0 FR940407-2-00070 0
372 0 FT922-14894 0
372 0 FT941-15351 1
372 0 FT923-10784 1
372 0 FT933-15592 1
372 0 FR940721-2-00152 0
372 0 LA081789-0007 0
372 0 FT941-13912 1
372 0 FT944-1462 1
372 0 LA061890-0071 0
372 0 LA061290-0112 1
372 0 FT944-4273 1
372 0 FT933-15188 1
372 0 LA080889-0069 1
372 0 FR941125-2-00147 0
372 0 LA020989-0127 1
372 0 LA050990-0002 1
372 0 FT923-3970 0
372 0 FT931-2855 1
372 0 LA061390-0163 0
372 0 FR940721-2-00149 0
372 0 LA072789-0146 0
372 0 FBIS4-30725 0
372 0 LA021389-0092 0
372 0 LA061790-0235 1
373 0 FT933-10240 1
373 0 FR940727-2-00005 1
373 0 FT943-5202 0
373 0 FR940111-2-00009 1
373 0 FR940111-2-00008 1
373 0 FR940727-2-00004 0
373 0 FR940902-0-00008 1
373 0 FT943-12981 1
373 0 FT943-12969 1
373 0 FR940919-0-00026 0
373 0 FT943-5307 1
373 0 FT942-16368 1
373 0 FT941-3295 1
373 0 FBIS3-20750 0
373 0 FR940711-2-00018 1
373 0 FR940719-2-00036 0
373 0 FT941-6108 0
373 0 FR940930-0-00030 0
373 0 FR940902-0-00009 1
373 0 FR940516-0-00086 0
373 0 FT932-12529 0
373 0 FR940111-2-00007 1
373 0 FT931-2001 0
373 0 FR940111-2-00010 1
373 0 FR940803-0-00059 0
373 0 FBIS4-20472 0
373 0 FT923-9138 0
373 0 FT942-577 0
373 0 FT941-1564 0
373 0 FBIS3-4718 0
373 0 FR940407-2-00134 0
373 0 LA071590-0048 0
373 0 FBIS3-40468 0
373 0 FBIS4-44885 0
373 0 FT923-13257 0
373 0 FT924-10869 0
373 0 FT932-12062 0
373 0 FBIS4-17258 0
373 0 FR940419-1-00049 0
373 0 LA031089-0061 0
373 0 FT924-14400 0
373 0 FBIS4-39976 0
373 0 FR940516-0-00087 0
373 0 FT923-7826 0
373 0 FT923-4154 0
373 0 FBIS3-1950 0
373 0 FBIS4-37414 0
373 0 FR940602-2-00134 0
373 0 FT942-5239 0
373 0 FT931-2005 0
374 0 FT911-2323 0
374 0 LA092289-0172 0
374 0 FT941-1232 0
374 0 FT934-15525 1
374 0 LA101189-0109 0
374 0 FT924-13568 1
374 0 LA101289-0221 1
374 0 LA080889-0027 0
374 0 FT931-16990 0
374 0 FT943-7724 1
374 0 FT924-13089 1
374 0 FBIS3-10014 1
374 0 FT934-16112 1
374 0 LA101790-0153 1
374 0 FT934-14533 1
374 0 FT924-2721 1
374 0 FT921-1412 1
374 0 FT943-8125 0
374 0 LA101389-0049 1
374 0 FBIS4-25311 1
374 0 LA040189-0114 1
374 0 FT934-15708 1
374 0 LA052090-0218 1
374 0 LA051990-0137 1
374 0 LA020989-0181 1
374 0 FT934-15186 1
374 0 LA100890-0125 1
374 0 LA031589-0017 1
374 0 FT924-13697 1
374 0 LA100589-0216 1
374 0 LA101489-0131 1
374 0 LA110990-0017 1
374 0 LA122689-0125 1
374 0 FT941-4029 1
374 0 LA101490-0149 1
374 0 LA102490-0028 1
374 0 LA092790-0242 0
374 0 LA030289-0100 1
374 0 LA121890-0117 1
374 0 LA072290-0038 1
374 0 FT942-3741 1
374 0 LA021089-0011 1
374 0 LA032890-0081 1
374 0 LA100689-0181 1
374 0 LA102490-0031 1
374 0 LA102490-0029 1
374 0 LA121389-0018 1
374 0 LA112890-0145 1
374 0 LA102490-0030 1
374 0 FT934-15808 0
375 0 FBIS3-21141 0
375 0 FBIS3-20985 1
375 0 FBIS4-44698 1
375 0 FT922-8309 1
375 0 FBIS4-44852 0
375 0 FBIS3-60662 1
375 0 FBIS3-59651 1
375 0 LA041989-0041 1
375 0 FT933-3423 1
375 0 FT934-2684 1
375 0 FBIS3-21198 0
375 0 FBIS3-21140 0
375 0 FBIS4-44635 1
375 0 FBIS4-66430 0
375 0 FBIS3-60383 1
375 0 FBIS3-59553 1
375 0 FT944-16550 1
375 0 FR941031-1-00011 0
375 0 FBIS3-58114 0
375 0 FBIS4-44655 1
375 0 FT934-8130 1
375 0 LA050289-0091 1
375 0 FBIS3-42854 1
375 0 LA041389-0041 1
375 0 LA081590-0005 0
375 0 LA032589-0042 1
375 0 FBIS3-59725 1
375 0 FBIS3-59723 1
375 0 FT923-14293 1
375 0 FBIS4-44701 0
375 0 FBIS4-47461 0
375 0 FR940627-0-00205 0
375 0 FBIS4-20472 0
375 0 FT943-8061 0
375 0 LA041189-0020 1
375 0 LA062389-0066 0
375 0 FBIS4-68336 0
375 0 FT923-9498 0
375 0 FBIS4-43900 0
375 0 LA051089-0021 1
375 0 LA053089-0058 1
375 0 LA061689-0035 1
375 0 LA040189-0001 1
375 0 LA042389-0078 1
375 0 LA032489-0053 1
375 0 FT924-11887 1
375 0 LA042689-0147 1
375 0 FBIS4-29696 1
375 0 FT931-15783 0
375 0 FBIS4-20601 0
376 0 FT923-14785 0
376 0 FBIS4-3377 0
376 0 FT921-6851 0
376 0 FBIS4-26002 0
376 0 FBIS3-38861 1
376 0 FBIS3-23418 0
376 0 FBIS4-50811 0
376 0 LA051989-0166 0
376 0 LA070389-0011 1
376 0 LA030889-0148 1
376 0 FBIS4-12049 0
376 0 FBIS4-11860 0
376 0 FT932-6802 0
376 0 FT922-12921 1
376 0 FBIS3-57984 0
376 0 LA031890-0035 0
376 0 FT941-11280 1
376 0 FT924-3291 0
376 0 FT944-16808 0
376 0 FT933-6787 1
376 0 FT933-6970 1
376 0 FT932-11125 1
376 0 FT921-4465 0
376 0 LA102289-0091 1
376 0 FT943-12965 0
376 0 FBIS3-438 1
376 0 FBIS3-436 1
376 0 FBIS3-437 1
376 0 FBIS3-25283 1
376 0 FBIS3-25336 1
376 0 FBIS4-8680 1
376 0 FBIS3-25721 1
376 0 FBIS3-327 1
376 0 FT922-15449 1
376 0 FT921-731 0
376 0 FR940303-2-00098 0
376 0 FT933-15107 0
376 0 FT933-4851 0
376 0 LA022689-0109 0
376 0 FT921-714 1
376 0 FBIS3-14240 0
376 0 LA080889-0011 0
376 0 FBIS4-28810 1
376 0 FBIS3-30165 0
376 0 FT931-5667 0
376 0 FBIS4-49108 0
376 0 FBIS3-34174 1
376 0 FBIS4-23195 1
376 0 FBIS4-23194 1
376 0 FBIS3-14521 1
377 0 LA010590-0159 1
377 0 LA022689-0024 0
377 0 FT942-10789 1
377 0 LA102990-0005 0
377 0 LA101389-0169 1
377 0 LA092290-0035 0
377 0 LA092289-0136 0
377 0 LA102989-0038 1
377 0 FBIS3-51398 1
377 0 FT924-4990 1
377 0 LA112389-0173 0
377 0 LA011189-0012 1
377 0 LA071989-0048 0
377 0 FT924-8332 1
377 0 FR940208-1-00070 0
377 0 LA042889-0132 1
377 0 FT921-6639 1
377 0 FBIS3-32581 1
377 0 FT923-11563 1
377 0 FT941-15223 0
377 0 FR941116-2-00048 0
377 0 LA051090-0075 0
377 0 LA020690-0048 0
377 0 LA092489-0106 0
377 0 LA040890-0247 0
377 0 LA103090-0054 1
377 0 FT921-8547 0
377 0 LA072790-0046 0
377 0 LA022490-0158 0
377 0 LA072390-0123 0
377 0 FT933-11137 0
377 0 FR940405-1-00062 1
377 0 FT923-2664 0
377 0 FT933-11043 1
377 0 LA111689-0231 0
377 0 FT921-14043 0
377 0 LA071589-0060 0
377 0 FT924-10325 0
377 0 LA111590-0253 0
377 0 LA053189-0099 0
377 0 FT922-10514 0
377 0 LA060590-0024 0
377 0 FT934-2747 1
377 0 FT941-15836 0
377 0 LA090590-0087 0
377 0 FBIS4-57597 0
377 0 FT922-3094 0
377 0 FBIS4-10443 1
377 0 FT943-8462 0
377 0 LA090389-0023 0
378 0 FT931-14163 0
378 0 FBIS4-64653 0
378 0 LA060590-0168 0
378 0 FT932-14284 0
378 0 FT924-14800 0
378 0 FT921-7322 1
378 0 FT933-8077 0
378 0 FBIS4-42925 0
378 0 FT923-1264 0
378 0 FT933-9515 0
378 0 FT942-3758 0
378 0 FT924-144 0
378 0 FT924-9384 0
378 0 FT922-4808 0
378 0 FBIS3-21005 0
378 0 FT922-2274 1
378 0 FT931-9567 0
378 0 FT931-5847 0
378 0 FT942-3893 0
378 0 FT933-8169 0
378 0 FBIS4-68893 0
378 0 FT933-16990 0
378 0 FT933-15261 0
378 0 FT943-532 0
378 0 FT933-9369 0
378 0 FT944-9433 0
378 0 FT921-2410 0
378 0 FT923-1926 0
378 0 FT944-4447 0
378 0 FT931-9774 0
378 0 FT933-14923 0
378 0 FT942-10432 0
378 0 FT923-1294 0
378 0 FT944-2245 0
378 0 FT924-2499 0
378 0 FT933-13107 0
378 0 FBIS4-42429 0
378 0 FT922-1448 0
378 0 FT924-4751 0
378 0 FT932-4021 0
378 0 FT942-6780 1
378 0 FT933-5875 0
378 0 FT942-190 0
378 0 FR940705-0-00038 0
378 0 FT924-3201 1
378 0 FT932-7342 0
378 0 FT924-14607 0
378 0 FT923-11420 0
378 0 FBIS4-42685 1
378 0 LA061190-0049 0
379 0 LA110890-0003 1
379 0 LA051689-0021 1
379 0 LA110890-0095 1
379 0 LA090790-0086 0
379 0 FBIS4-25684 0
379 0 LA102690-0163 1
379 0 LA050290-0006 0
379 0 FR940919-2-00099 0
379 0 LA092689-0072 0
379 0 LA071290-0180 1
379 0 LA042089-0180 0
379 0 LA101790-0053 0
379 0 LA102790-0129 1
379 0 LA011890-0044 0
379 0 FR940725-0-00054 0
379 0 FR940419-2-00042 0
379 0 LA101690-0121 0
379 0 FT922-517 0
379 0 FR940725-0-00053 0
379 0 FT934-6054 0
379 0 FR940406-0-00019 0
379 0 FT923-2645 0
379 0 FBIS3-36078 0
379 0 LA041689-0221 0
379 0 FR940919-2-00095 0
379 0 LA063089-0044 0
379 0 LA041690-0015 0
379 0 LA030590-0104 1
379 0 LA030589-0031 0
379 0 LA041489-0166 0
379 0 FR940725-0-00044 0
379 0 FR940810-1-00026 0
379 0 FBIS3-24616 0
379 0 FR940919-2-00094 0
379 0 LA090789-0012 0
379 0 FBIS4-45093 0
379 0 FT934-6431 0
379 0 LA022190-0001 0
379 0 LA061789-0046 0
379 0 LA083090-0214 0
379 0 LA020589-0189 0
379 0 FR940610-2-00225 0
379 0 FT943-4362 0
379 0 LA061190-0063 0
379 0 LA080590-0071 0
379 0 LA091489-0081 0
379 0 FBIS4-54344 0
379 0 FR940902-1-00048 0
379 0 FR940919-2-00059 0
379 0 FBIS3-43041 0
380 0 FT931-2539 0
380 0 LA052990-0096 0
380 0 LA112090-0070 0
380 0 FR940602-2-00074 0
380 0 FT934-704 1
380 0 LA080890-0068 0
380 0 FT922-9829 0
380 0 LA082390-0077 1
380 0 FBIS3-2466 0
380 0 LA033089-0019 0
380 0 FBIS3-60493 0
380 0 FR940106-1-00028 0
380 0 LA010790-0029 0
380 0 FBIS4-50162 0
380 0 FT941-17403 0
380 0 FT932-12247 0
380 0 FT923-7518 0
380 0 FR940822-0-00067 0
380 0 FR941220-0-00022 0
380 0 LA112090-0144 0
380 0 FT941-8994 0
380 0 LA021590-0067 0
380 0 FBIS3-11476 0
380 0 FR940106-1-00023 0
380 0 FR940428-1-00005 0
380 0 FT933-7640 0
380 0 LA100990-0095 0
380 0 FBIS4-56895 0
380 0 FBIS3-22022 1
380 0 LA032090-0015 0
380 0 LA041489-0158 0
380 0 LA083189-0153 0
380 0 FT933-13298 0
380 0 LA041990-0068 0
380 0 LA070489-0003 1
380 0 FBIS4-42522 0
380 0 LA020589-0078 0
380 0 FT934-8402 0
380 0 FT933-11264 0
380 0 FR941206-1-00134 0
380 0 FR940811-2-00138 0
380 0 FT943-5833 0
380 0 LA121990-0118 0
380 0 FR941017-1-00040 0
380 0 LA101689-0095 0
380 0 LA062190-0208 0
380 0 LA100889-0044 0
380 0 LA102989-0062 0
380 0 FR940112-2-00074 0
380 0 FR941227-2-00019 0
381 0 FBIS4-35025 0
381 0 LA082690-0003 1
381 0 LA111689-0162 0
381 0 FR940819-2-00077 0
381 0 LA072489-0080 0
381 0 LA010790-0029 0
381 0 FBIS4-57406 0
381 0 LA030489-0001 0
381 0 LA020690-0047 0
381 0 FBIS4-36794 0
381 0 FT932-7948 0
381 0 LA021790-0059 0
381 0 FR940106-1-00023 0
381 0 FT941-12636 0
381 0 LA021990-0053 0
381 0 FT923-8135 0
381 0 FT932-5730 0
381 0 LA122489-0119 0
381 0 LA120389-0001 0
381 0 LA120790-0155 0
381 0 FT931-8050 0
381 0 FR940104-0-00034 0
381 0 FT932-9008 0
381 0 FR941116-2-00048 0
381 0 FT944-10097 0
381 0 LA043089-0057 1
381 0 LA061490-0089 0
381 0 FT942-12166 0
381 0 LA012590-0010 0
381 0 LA081790-0144 0
381 0 LA120490-0022 0
381 0 LA060989-0161 1
381 0 LA090490-0021 0
381 0 LA083189-0200 0
381 0 FR941122-2-00061 0
381 0 FBIS3-26740 0
381 0 FT922-715 0
381 0 FT922-461 0
381 0 LA110590-0024 0
381 0 FT923-453 0
381 0 LA022590-0123 0
381 0 FT932-13765 0
381 0 FBIS4-57092 0
381 0 LA021890-0038 0
381 0 FT933-15325 0
381 0 LA031490-0028 0
381 0 LA100889-0040 0
381 0 FBIS3-22509 0
381 0 LA010989-0047 0
381 0 LA112690-0028 0
382 0 FR940803-0-00108 0
382 0 FBIS4-44872 1
382 0 FT942-15408 1
382 0 FBIS4-66452 0
382 0 FBIS3-59723 1
382 0 FBIS4-44635 1
382 0 FR941219-1-00025 0
382 0 FT923-14293 1
382 0 FBIS3-24648 1
382 0 FBIS4-44701 1
382 0 FT942-15407 1
382 0 FT921-11552 0
382 0 FBIS4-66430 0
382 0 FBIS4-44852 1
382 0 FBIS4-66472 0
382 0 FR941219-1-00029 0
382 0 FR940803-0-00107 0
382 0 FR940803-0-00124 0
382 0 FBIS4-44698 1
382 0 FBIS4-20649 0
382 0 FBIS4-20567 1
382 0 FT942-15763 1
382 0 FBIS4-44913 0
382 0 FR940216-0-00187 0
382 0 FR941219-1-00027 1
382 0 FBIS4-66382 0
382 0 FR941219-1-00026 1
382 0 FBIS3-24654 0
382 0 LA101289-0199 1
382 0 LA061090-0203 0
382 0 FBIS4-20472 0
382 0 FBIS4-20601 0
382 0 FT931-15783 0
382 0 FT911-19 0
382 0 FBIS3-21141 0
382 0 FT942-9101 0
382 0 FBIS4-23114 0
382 0 FBIS4-42483 0
382 0 FT923-9498 0
382 0 FBIS4-20560 0
382 0 FBIS3-28147 0
382 0 FT944-7794 0
382 0 FR940830-2-00026 0
382 0 FT944-18127 0
382 0 FBIS3-21198 0
382 0 FBIS3-47041 0
382 0 FBIS4-44893 1
382 0 FBIS4-66424 0
382 0 FBIS4-34027 0
382 0 LA100789-0153 0
383 0 LA050389-0010 0
383 0 LA011489-0048 0
383 0 LA073189-0040 0
383 0 LA111689-0162 0
383 0 LA122590-0020 0
383 0 FT934-15831 1
383 0 FT942-16465 1
383 0 LA040490-0168 1
383 0 LA042590-0171 1
383 0 LA072890-0111 1
383 0 FT911-3142 1
383 0 FT924-15181 1
383 0 LA082790-0107 1
383 0 FT924-1386 1
383 0 LA092090-0243 1
383 0 LA071890-0162 1
383 0 LA091490-0134 1
383 0 FT923-6847 1
383 0 FT931-17078 1
383 0 FT932-11692 1
383 0 FT932-792 1
383 0 FT932-9150 1
383 0 FT941-10250 1
383 0 FT941-11328 1
383 0 FT943-10792 0
383 0 LA031990-0127 0
383 0 LA120489-0008 0
383 0 FT933-4868 1
383 0 LA061089-0022 0
383 0 FR940104-0-00034 0
383 0 LA122590-0016 0
383 0 FT941-12636 0
383 0 FT924-8240 1
383 0 LA053190-0222 0
383 0 FT931-3854 1
383 0 FT922-715 1
383 0 LA052690-0134 1
383 0 FT941-17554 1
383 0 FT944-14949 1
383 0 FBIS4-47446 0
383 0 LA090389-0060 1
383 0 LA122790-0224 1
383 0 FT941-14109 1
383 0 FT923-11708 1
383 0 LA110790-0028 1
383 0 FT941-12321 0
383 0 LA020589-0074 0
383 0 LA010590-0095 1
383 0 FR940412-2-00023 0
383 0 LA083089-0071 0
384 0 FBIS4-28821 1
384 0 LA042089-0208 0
384 0 LA052689-0183 0
384 0 FBIS3-21244 1
384 0 LA072189-0094 0
384 0 LA072289-0042 1
384 0 FT941-793 0
384 0 LA071689-0207 0
384 0 LA061789-0038 0
384 0 LA092990-0085 1
384 0 LA080389-0056 0
384 0 LA102289-0040 1
384 0 LA111890-0169 0
384 0 FBIS3-40551 0
384 0 LA070290-0143 1
384 0 LA032690-0041 0
384 0 LA040289-0050 1
384 0 LA020589-0049 0
384 0 FT932-221 0
384 0 FBIS4-20472 0
384 0 FBIS3-59678 0
384 0 FBIS3-40521 1
384 0 FBIS3-21230 0
384 0 FT923-13116 0
384 0 LA080689-0025 0
384 0 LA070989-0062 0
384 0 LA072089-0206 0
384 0 LA021290-0037 0
384 0 FT934-10103 1
384 0 LA041990-0144 0
384 0 FBIS3-60336 0
384 0 LA072189-0108 1
384 0 LA121190-0089 1
384 0 LA051290-0078 0
384 0 LA111889-0089 0
384 0 FBIS3-59693 0
384 0 FT933-6323 0
384 0 LA121090-0120 0
384 0 FT923-10876 0
384 0 LA072389-0079 0
384 0 FT921-2261 0
384 0 FBIS3-23678 0
384 0 LA071789-0022 0
384 0 LA062990-0060 0
384 0 FBIS4-46935 0
384 0 LA121290-0156 0
384 0 FBIS4-46469 0
384 0 LA032090-0099 0
384 0 LA061890-0037 0
384 0 LA010589-0197 0
385 0 FT941-17640 1
385 0 LA042990-0226 1
385 0 FT943-11934 1
385 0 FT922-892 0
385 0 FBIS3-40497 0
385 0 FR940303-2-00168 1
385 0 FR940803-0-00104 0
385 0 FBIS4-20472 0
385 0 FR940627-0-00205 0
385 0 FR940803-0-00126 0
385 0 FR941219-1-00025 0
385 0 FR940922-1-00018 0
385 0 FBIS4-44635 1
385 0 FBIS4-67596 1
385 0 FBIS4-44854 1
385 0 FBIS4-44701 1
385 0 FT924-2358 1
385 0 FT944-4751 1
385 0 FBIS3-24648 1
385 0 FT934-5009 0
385 0 FBIS4-44698 1
385 0 FBIS3-40471 1
385 0 FT943-11627 1
385 0 FBIS4-44853 1
385 0 FT931-12869 1
385 0 FT932-11810 1
385 0 FT923-11292 1
385 0 FT941-16609 0
385 0 LA101289-0199 0
385 0 LA092990-0083 0
385 0 LA031290-0101 1
385 0 LA061889-0037 1
385 0 LA050489-0037 1
385 0 FR940803-0-00108 0
385 0 FBIS4-44893 1
385 0 FBIS3-20639 0
385 0 LA030190-0185 1
385 0 LA090590-0086 1
385 0 LA062489-0113 1
385 0 FT933-2369 1
385 0 FBIS4-20505 0
385 0 FR940803-0-00110 0
385 0 LA081989-0099 0
385 0 FR940118-1-00046 0
385 0 FT923-14293 1
385 0 FT944-18230 1
385 0 FT944-3280 1
385 0 FBIS4-44852 1
385 0 FT942-15407 1
385 0 FR941219-1-00026 0
386 0 LA032390-0166 0
386 0 LA010689-0157 0
386 0 FR940719-2-00083 0
386 0 FR940922-2-00037 0
386 0 FR940725-0-00060 0
386 0 FR940725-0-00062 0
386 0 LA103189-0028 0
386 0 LA082490-0058 0
386 0 FR940725-0-00055 0
386 0 FT921-16055 0
386 0 FR940513-2-00081 0
386 0 LA060190-0033 0
386 0 LA110890-0095 0
386 0 FR941221-0-00065 0
386 0 FR940413-0-00082 0
386 0 FT944-5797 1
386 0 FT934-2469 0
386 0 FT923-2645 0
386 0 FR940622-1-00087 0
386 0 FR940902-1-00048 0
386 0 FBIS4-51179 0
386 0 LA102790-0129 0
386 0 LA031890-0043 0
386 0 LA011090-0025 0
386 0 LA063089-0044 0
386 0 LA072690-0011 0
386 0 FR940622-1-00068 0
386 0 LA090789-0012 0
386 0 LA092090-0188 0
386 0 FT931-5593 0
386 0 FR940719-2-00084 0
386 0 LA021689-0072 0
386 0 LA020290-0097 1
386 0 FR940513-2-00083 0
386 0 LA030990-0202 0
386 0 FR940725-0-00061 0
386 0 FBIS4-46469 0
386 0 FR940725-0-00064 1
386 0 FR940719-2-00081 0
386 0 FT921-16234 0
386 0 FBIS4-46649 0
386 0 LA110490-0209 0
386 0 LA053190-0222 0
386 0 FR940503-0-00074 0
386 0 FT933-2126 0
386 0 FR940725-0-00049 0
386 0 FT942-746 0
386 0 FR940719-2-00085 0
386 0 LA031689-0164 1
386 0 LA031689-0153 0
387 0 FR940919-0-00102 0
387 0 FT942-8483 0
387 0 FT922-8071 0
387 0 FBIS4-45694 0
387 0 FBIS4-67463 0
387 0 FT941-6688 0
387 0 FBIS4-66481 1
387 0 FBIS4-45120 1
387 0 FBIS3-59687 1
387 0 FBIS4-20666 1
387 0 FBIS3-22318 0
387 0 FR940428-2-00021 0
387 0 FBIS3-40271 1
387 0 FBIS3-22403 0
387 0 FBIS4-42011 0
387 0 FT943-9990 0
387 0 FT943-10090 0
387 0 FBIS4-64772 1
387 0 FBIS4-67522 1
387 0 FR940406-2-00181 1
387 0 FT944-16256 0
387 0 FBIS4-15085 0
387 0 FBIS4-27326 0
387 0 LA111890-0124 1
387 0 FR940406-2-00182 1
387 0 FR940128-2-00066 1
387 0 FR940406-2-00179 1
387 0 FR940406-2-00185 1
387 0 LA080190-0095 0
387 0 FBIS3-22216 1
387 0 FBIS3-22780 1
387 0 FBIS4-67443 0
387 0 FBIS3-60364 0
387 0 LA070889-0022 0
387 0 FBIS3-19535 1
387 0 FBIS4-22866 0
387 0 FT944-9355 1
387 0 FT924-13435 1
387 0 FT911-2041 0
387 0 LA101190-0013 0
387 0 FBIS4-21469 1
387 0 FBIS4-15413 1
387 0 FT943-10219 1
387 0 FT943-10163 1
387 0 FBIS3-41608 1
387 0 FBIS3-21073 1
387 0 FT944-9356 0
387 0 FBIS3-24025 0
387 0 FT944-8187 0
387 0 FBIS3-41464 1
388 0 FR940603-2-00102 0
388 0 FBIS3-11780 1
388 0 LA062190-0187 1
388 0 FT932-14880 1
388 0 FT941-427 1
388 0 LA051090-0168 0
388 0 LA111189-0078 1
388 0 LA072690-0138 1
388 0 FT941-9169 1
388 0 LA102390-0078 1
388 0 LA051290-0016 1
388 0 LA080290-0079 0
388 0 LA021190-0042 1
388 0 LA110490-0250 0
388 0 LA091789-0046 0
388 0 FT943-15995 1
388 0 LA072990-0199 1
388 0 FT934-13284 0
388 0 FT933-14235 0
388 0 FBIS4-22502 1
388 0 LA072389-0158 1
388 0 FT934-13156 0
388 0 FR940919-0-00099 0
388 0 FBIS4-44703 0
388 0 LA040689-0080 1
388 0 FBIS4-47368 0
388 0 LA082590-0116 1
388 0 FBIS4-22907 0
388 0 LA100890-0026 0
388 0 LA081990-0209 0
388 0 FR941206-1-00134 0
388 0 FBIS4-45665 0
388 0 FBIS4-45740 1
388 0 LA090990-0241 0
388 0 FBIS3-41666 0
388 0 FBIS4-20673 0
388 0 LA122890-0069 0
388 0 LA113089-0159 0
388 0 FBIS4-20472 0
388 0 LA050890-0018 0
388 0 FBIS3-23849 0
388 0 FBIS4-26063 0
388 0 FR941222-0-00091 0
388 0 FBIS3-60336 0
388 0 FBIS3-24539 0
388 0 FBIS3-21034 0
388 0 FT922-12410 0
388 0 FT923-772 0
388 0 FR940525-1-00013 0
388 0 FT933-11234 0
389 0 FBIS3-9841 0
389 0 FR940426-1-00011 0
389 0 FT922-5094 0
389 0 FR941206-1-00134 0
389 0 FT922-4060 1
389 0 FT922-3635 1
389 0 FT922-3304 1
389 0 FT922-3845 1
389 0 FT924-8781 1
389 0 FT922-3374 1
389 0 FT921-1170 0
389 0 FBIS4-67905 0
389 0 FBIS3-7295 1
389 0 LA082390-0236 1
389 0 FT931-3128 0
389 0 FT933-7146 1
389 0 FBIS4-52929 0
389 0 FR940413-2-00118 0
389 0 FR940826-0-00141 0
389 0 FR940110-0-00040 0
389 0 FT932-7848 0
389 0 FR940406-2-00019 0
389 0 FT921-3700 1
389 0 FBIS4-64329 0
389 0 FBIS4-56776 0
389 0 FR940720-0-00043 0
389 0 FBIS3-3046 0
389 0 FR940805-2-00049 0
389 0 FT932-8644 1
389 0 FT932-8637 1
389 0 FT923-9311 1
389 0 FT924-7696 1
389 0 LA032189-0053 1
389 0 LA061690-0015 1
389 0 FBIS4-67741 1
389 0 FT932-8913 1
389 0 FT932-6256 1
389 0 FT932-5346 1
389 0 FT943-7512 1
389 0 FT922-11732 1
389 0 FT923-11425 1
389 0 FT924-7398 1
389 0 LA050190-0127 1
389 0 LA011289-0182 1
389 0 FT922-5819 0
389 0 FBIS4-31528 1
389 0 FT921-2686 0
389 0 FBIS4-53181 0
389 0 FBIS4-49577 0
389 0 FBIS4-24680 0
390 0 LA111090-0112 1
390 0 LA062690-0105 1
390 0 LA101489-0072 1
390 0 FT941-10753 1
390 0 LA060189-0211 1
390 0 LA092189-0172 0
390 0 LA041289-0054 1
390 0 LA122290-0138 1
390 0 FT921-13615 1
390 0 FR940830-2-00058 1
390 0 LA060289-0090 1
390 0 LA011089-0045 1
390 0 LA080789-0031 1
390 0 FBIS3-60448 0
390 0 FR940202-2-00141 0
390 0 FBIS4-3835 0
390 0 FBIS3-59753 1
390 0 FBIS4-11278 0
390 0 LA121590-0102 1
390 0 LA060789-0091 1
390 0 LA050989-0094 1
390 0 LA050989-0084 1
390 0 LA062590-0046 1
390 0 LA052490-0120 1
390 0 LA073190-0076 0
390 0 FR940110-0-00031 1
390 0 LA121090-0030 0
390 0 LA040990-0066 1
390 0 FT942-14766 0
390 0 FT943-9238 0
390 0 LA120290-0109 0
390 0 LA061689-0054 1
390 0 LA121289-0055 1
390 0 FT942-6984 1
390 0 LA060189-0166 1
390 0 LA072490-0082 1
390 0 FR940110-0-00027 1
390 0 LA020390-0152 1
390 0 FBIS3-29 0
390 0 FBIS4-3105 0
390 0 FR940110-0-00030 1
390 0 FR940110-0-00028 1
390 0 LA060289-0040 1
390 0 FR940912-2-00110 1
390 0 LA100690-0170 0
390 0 FBIS3-46104 0
390 0 LA092889-0143 0
390 0 FBIS3-60523 0
390 0 FT943-7095 0
390 0 FT943-13448 0
391 0 FR940223-1-00028 0
391 0 FT944-10432 1
391 0 FT924-648 1
391 0 FT924-4757 1
391 0 FT923-11711 1
391 0 FT941-4655 1
391 0 FT923-11708 1
391 0 FT941-12321 1
391 0 FT922-2196 1
391 0 FT921-2691 1
391 0 FT921-11461 1
391 0 FT942-14766 1
391 0 FT931-10995 1
391 0 FT933-9830 1
391 0 FT941-1813 1
391 0 FT941-1818 1
391 0 FT931-2756 1
391 0 FT931-4998 1
391 0 FT924-2087 1
391 0 FT941-1816 1
391 0 FT932-13564 1
391 0 FT921-6427 1
391 0 FT942-10816 1
391 0 FT941-1824 1
391 0 FT933-1430 1
391 0 FT942-8823 1
391 0 FT922-576 1
391 0 FT923-11707 1
391 0 FT941-1821 1
391 0 FT941-1666 1
391 0 FT923-15307 1
391 0 FT943-45 1
391 0 FT933-9287 1
391 0 FT921-5106 1
391 0 FT933-13003 1
391 0 FT924-9559 1
391 0 FT943-9078 0
391 0 FT932-8655 0
391 0 FT922-13748 0
391 0 FT924-11213 1
391 0 FT942-2835 1
391 0 FT932-12403 1
391 0 FT924-7380 1
391 0 FT934-2667 1
391 0 FT923-11706 1
391 0 FT943-5861 0
391 0 LA032389-0073 0
391 0 FT931-15790 0
391 0 FBIS4-45369 0
391 0 FBIS4-44913 0
392 0 FT941-4404 0
392 0 FBIS4-44660 0
392 0 LA120490-0171 1
392 0 LA060989-0037 0
392 0 FT922-4414 1
392 0 FT944-18195 1
392 0 FT933-4691 1
392 0 FBIS4-44738 1
392 0 FBIS3-46247 1
392 0 LA030589-0277 1
392 0 FT931-6266 0
392 0 FT943-11018 0
392 0 FT922-9444 1
392 0 FT911-129 1
392 0 FT941-1242 1
392 0 FBIS3-40223 1
392 0 FT923-4774 1
392 0 FT934-9399 0
392 0 LA090490-0030 0
392 0 FT934-9501 0
392 0 FBIS3-1902 1
392 0 FBIS3-20965 0
392 0 FT923-11658 1
392 0 FT932-769 1
392 0 FBIS3-3923 1
392 0 FBIS4-44855 1
392 0 FT944-17268 0
392 0 FBIS4-44815 0
392 0 FBIS4-20472 0
392 0 FT922-4578 1
392 0 FT922-4461 1
392 0 FBIS3-20923 0
392 0 FBIS4-22880 0
392 0 FT911-135 1
392 0 FT941-13625 1
392 0 FBIS3-59694 0
392 0 FBIS3-40533 1
392 0 LA081490-0052 1
392 0 FBIS4-39007 0
392 0 LA010989-0085 0
392 0 FBIS4-44650 1
392 0 FBIS4-44634 0
392 0 FBIS3-1764 1
392 0 FT944-7188 0
392 0 FT924-11363 0
392 0 FT942-5669 0
392 0 FBIS3-20966 0
392 0 FT924-1130 1
392 0 FBIS4-20504 0
392 0 FBIS3-40520 0
393 0 LA040989-0124 1
393 0 LA091189-0107 1
393 0 FBIS4-13490 0
393 0 LA101590-0123 0
393 0 FT924-15580 1
393 0 LA022589-0099 0
393 0 FT931-8050 1
393 0 LA090890-0037 1
393 0 LA061690-0003 0
393 0 LA060690-0053 1
393 0 LA062190-0255 1
393 0 LA121490-0059 1
393 0 LA061090-0044 1
393 0 LA121390-0235 1
393 0 LA061490-0082 1
393 0 LA120890-0014 0
393 0 FBIS4-3768 0
393 0 LA061090-0035 1
393 0 LA121790-0006 0
393 0 LA050689-0099 1
393 0 LA040290-0056 0
393 0 LA110589-0079 0
393 0 FT921-14485 0
393 0 LA122689-0126 1
393 0 LA052189-0013 1
393 0 LA121590-0063 1
393 0 LA040889-0033 1
393 0 LA040789-0168 1
393 0 LA061190-0030 1
393 0 LA051389-0048 1
393 0 LA122790-0176 1
393 0 LA033089-0213 1
393 0 LA042789-0026 1
393 0 LA122789-0073 1
393 0 LA060890-0165 1
393 0 LA102989-0054 1
393 0 LA092290-0086 1
393 0 LA041190-0152 1
393 0 LA060189-0203 1
393 0 LA081690-0202 1
393 0 LA090990-0089 1
393 0 LA082190-0021 1
393 0 LA022890-0156 1
393 0 LA061690-0004 0
393 0 LA061690-0006 0
393 0 FT922-3021 0
393 0 LA080190-0135 1
393 0 FBIS3-3475 1
393 0 FT932-1561 0
393 0 FT922-9373 0
394 0 FBIS4-48922 0
394 0 LA082490-0058 0
394 0 LA032889-0083 0
394 0 LA080389-0109 0
394 0 LA031190-0045 1
394 0 LA102190-0070 0
394 0 FBIS3-60342 0
394 0 FT942-9445 1
394 0 LA041090-0043 0
394 0 FBIS3-34808 0
394 0 LA122590-0063 0
394 0 FT923-10758 0
394 0 FT944-16265 0
394 0 FR940725-0-00064 0
394 0 FBIS3-2602 0
394 0 LA101890-0207 1
394 0 LA080290-0225 0
394 0 LA110490-0130 0
394 0 LA110490-0214 0
394 0 LA072789-0122 0
394 0 LA030590-0010 0
394 0 LA021889-0045 0
394 0 LA040490-0039 0
394 0 LA051990-0076 0
394 0 LA012989-0171 0
394 0 LA121089-0063 0
394 0 LA100390-0154 0
394 0 FT932-16392 0
394 0 FR940513-1-00109 1
394 0 FT942-13143 0
394 0 LA022590-0190 0
394 0 LA112189-0033 0
394 0 LA100990-0004 0
394 0 LA050690-0098 0
394 0 FBIS4-51747 0
394 0 FR940511-1-00056 0
394 0 LA080290-0179 0
394 0 LA010690-0011 0
394 0 LA112989-0059 0
394 0 FT922-770 0
394 0 LA090389-0004 0
394 0 FBIS4-25054 0
394 0 LA121689-0047 0
394 0 FT943-10230 0
394 0 FT924-6738 0
394 0 LA071290-0073 0
394 0 LA072089-0027 1
394 0 LA010890-0013 0
394 0 FBIS3-3910 0
394 0 FR940902-1-00048 0
395 0 FT923-14219 1
395 0 LA082789-0125 0
395 0 FT924-13665 0
395 0 FBIS3-21296 0
395 0 FBIS4-24538 1
395 0 FBIS3-25997 0
395 0 FT941-8564 0
395 0 FT911-2446 1
395 0 LA082089-0203 1
395 0 FBIS4-54626 1
395 0 FBIS3-25921 1
395 0 FBIS3-50740 1
395 0 FBIS4-51216 1
395 0 FBIS4-10429 1
395 0 FBIS4-2323 1
395 0 FBIS4-28131 1
395 0 FBIS4-2734 1
395 0 FBIS3-4834 1
395 0 FBIS3-27042 1
395 0 FBIS4-26676 0
395 0 LA102789-0160 0
395 0 FBIS4-49095 1
395 0 FBIS4-51171 0
395 0 FT924-465 0
395 0 FBIS3-50579 1
395 0 FBIS3-32487 1
395 0 FT923-3223 1
395 0 FT942-1249 0
395 0 FBIS4-35578 0
395 0 FT943-44 1
395 0 FT944-1609 1
395 0 FBIS3-51134 1
395 0 FT943-11047 1
395 0 FBIS3-32478 1
395 0 FBIS3-51016 1
395 0 FBIS4-57911 1
395 0 FT944-4346 1
395 0 FT921-6633 0
395 0 FBIS3-21405 0
395 0 FBIS4-56177 0
395 0 FBIS4-35009 0
395 0 FBIS3-10248 0
395 0 FT933-2521 1
395 0 FBIS3-7258 0
395 0 FBIS4-51464 0
395 0 LA091890-0075 0
395 0 FBIS4-56176 1
395 0 FBIS4-10983 1
395 0 LA113090-0107 0
395 0 FT924-10163 0
396 0 FT923-9638 1
396 0 FT923-2548 1
396 0 FT923-7392 1
396 0 LA100690-0080 1
396 0 FT923-4291 1
396 0 FR940405-1-00092 1
396 0 FR940405-1-00038 1
396 0 FR940405-1-00077 1
396 0 FR940405-1-00054 1
396 0 FR940405-1-00035 1
396 0 FT944-18520 1
396 0 FT931-14147 1
396 0 FR940405-1-00040 1
396 0 LA112490-0149 1
396 0 FR940405-1-00084 1
396 0 FR940405-1-00039 1
396 0 LA112789-0001 0
396 0 FR940202-2-00139 0
396 0 FT924-15322 1
396 0 LA041889-0082 0
396 0 FR940405-1-00098 1
396 0 LA042990-0140 1
396 0 LA010790-0035 0
396 0 FR940405-1-00122 0
396 0 FR940405-1-00090 0
396 0 FR941202-0-00186 0
396 0 FR940711-2-00084 0
396 0 FR940405-1-00099 1
396 0 FR940405-1-00055 1
396 0 FR940405-1-00041 1
396 0 FR940405-1-00062 1
396 0 FR940405-1-00042 1
396 0 FR940405-1-00037 0
396 0 LA080789-0045 0
396 0 LA122689-0070 1
396 0 FT924-5411 0
396 0 LA092490-0069 0
396 0 LA081789-0134 0
396 0 FT931-10963 0
396 0 LA081290-0070 0
396 0 FT933-735 0
396 0 FBIS3-41804 0
396 0 LA021890-0215 0
396 0 FR940817-2-00243 1
396 0 LA110389-0072 1
396 0 FR940202-2-00118 0
396 0 FR940405-1-00114 1
396 0 FR940405-1-00123 0
396 0 FT922-1984 0
396 0 FBIS3-22133 0
397 0 FBIS3-24465 0
397 0 LA120589-0153 0
397 0 FT922-7333 0
397 0 LA072390-0100 1
397 0 LA052890-0061 1
397 0 FR940505-1-00212 0
397 0 FBIS3-47934 0
397 0 FBIS4-49406 0
397 0 LA082389-0146 1
397 0 LA031489-0124 1
397 0 LA071789-0107 1
397 0 LA020190-0022 1
397 0 LA021390-0016 0
397 0 FT934-13549 0
397 0 FT932-11694 0
397 0 LA020890-0157 1
397 0 FBIS4-31765 0
397 0 LA112589-0089 0
397 0 FT931-10844 0
397 0 FT932-8685 0
397 0 FR941206-1-00134 0
397 0 LA121989-0061 1
397 0 FT924-5855 1
397 0 LA111290-0111 1
397 0 FBIS3-5281 0
397 0 LA121289-0067 0
397 0 LA120789-0002 0
397 0 FR941213-0-00076 0
397 0 LA100789-0148 1
397 0 LA120690-0090 1
397 0 FT911-242 1
397 0 FT921-3768 0
397 0 FR941107-2-00056 0
397 0 LA042490-0104 0
397 0 FBIS4-25110 0
397 0 LA060490-0081 1
397 0 FT933-9208 1
397 0 LA092590-0140 1
397 0 FR941027-2-00123 0
397 0 FBIS4-39995 0
397 0 FBIS3-2093 0
397 0 LA120189-0201 0
397 0 LA110790-0055 0
397 0 FR940106-0-00044 0
397 0 FR940803-0-00104 0
397 0 FBIS4-54044 0
397 0 FT944-15615 0
397 0 FR941219-1-00024 0
397 0 FBIS4-2192 0
397 0 FR941130-0-00122 0
398 0 FT934-1218 0
398 0 LA111390-0093 1
398 0 LA052589-0055 1
398 0 LA100490-0081 1
398 0 LA011989-0210 0
398 0 LA112689-0143 1
398 0 FT924-808 1
398 0 FT922-4300 1
398 0 FT931-9636 1
398 0 LA111690-0002 1
398 0 LA060290-0124 1
398 0 LA053089-0054 1
398 0 LA071289-0138 1
398 0 LA060990-0058 0
398 0 FT934-12892 0
398 0 LA112989-0055 1
398 0 FBIS4-47636 0
398 0 LA052790-0212 1
398 0 LA050490-0043 0
398 0 FBIS4-19809 0
398 0 LA070790-0065 0
398 0 LA031089-0063 1
398 0 FT921-6879 1
398 0 LA021489-0100 1
398 0 LA012789-0016 1
398 0 FBIS3-40897 0
398 0 FBIS3-59919 0
398 0 LA041790-0088 1
398 0 FBIS4-46572 1
398 0 LA090790-0043 1
398 0 LA060989-0103 0
398 0 LA052790-0206 1
398 0 LA053089-0063 1
398 0 LA070889-0051 1
398 0 LA062890-0096 0
398 0 FT924-9002 0
398 0 FT922-15549 1
398 0 FBIS4-20933 1
398 0 LA092089-0011 0
398 0 FBIS3-57524 1
398 0 FBIS3-57539 1
398 0 FBIS3-35613 1
398 0 LA070689-0179 0
398 0 LA121489-0245 1
398 0 FT922-4649 1
398 0 FT934-16343 1
398 0 FBIS4-14951 1
398 0 FBIS4-65389 1
398 0 LA051289-0054 1
398 0 FT943-10873 0
399 0 FR940217-1-00140 0
399 0 FR940916-0-00045 0
399 0 LA081390-0044 1
399 0 FBIS4-44915 0
399 0 FT924-3602 0
399 0 LA071789-0059 1
399 0 FBIS4-46461 1
399 0 FT922-9445 0
399 0 FBIS4-45777 1
399 0 FBIS3-2713 1
399 0 FBIS3-61053 0
399 0 LA032289-0057 0
399 0 FR940404-2-00152 0
399 0 LA032289-0033 0
399 0 FR940817-0-00045 0
399 0 FT934-7286 1
399 0 FBIS4-49902 1
399 0 FBIS3-40388 1
399 0 LA120389-0149 1
399 0 LA081990-0034 0
399 0 FBIS3-6833 1
399 0 FBIS4-21350 1
399 0 FBIS4-21536 1
399 0 LA040590-0149 1
399 0 FBIS4-45781 0
399 0 FR941020-0-00034 0
399 0 FBIS4-66382 1
399 0 FBIS4-20472 0
399 0 FR940805-0-00042 0
399 0 FBIS4-2524 1
399 0 FR940603-1-00032 0
399 0 FBIS3-22452 1
399 0 LA062290-0052 1
399 0 LA101589-0091 1
399 0 LA051090-0143 0
399 0 FBIS4-20436 1
399 0 FBIS4-26062 1
399 0 FR940916-0-00044 0
399 0 LA072989-0035 1
399 0 LA030589-0080 0
399 0 FR940603-1-00025 0
399 0 LA090190-0044 0
399 0 FBIS3-1586 1
399 0 FBIS3-59750 1
399 0 FBIS3-59748 1
399 0 FBIS4-67377 1
399 0 FBIS4-16665 1
399 0 FR941230-0-00092 0
399 0 LA102990-0070 1
399 0 FBIS4-5049 1
400 0 LA032590-0089 1
400 0 LA050789-0087 1
400 0 LA060989-0041 1
400 0 LA012289-0052 1
400 0 LA101589-0017 1
400 0 LA040789-0077 1
400 0 LA111890-0263 0
400 0 LA042389-0057 1
400 0 LA070890-0117 1
400 0 FBIS4-45689 1
400 0 LA100290-0091 1
400 0 LA061790-0153 1
400 0 LA121290-0147 1
400 0 LA071389-0047 0
400 0 LA111890-0260 0
400 0 LA102390-0098 1
400 0 FBIS3-41589 1
400 0 FBIS4-67558 1
400 0 FBIS4-57495 1
400 0 LA121489-0128 1
400 0 FBIS3-22401 0
400 0 FT922-5538 1
400 0 LA031289-0053 1
400 0 FBIS4-10855 0
400 0 FT921-8531 0
400 0 LA012289-0165 1
400 0 LA031190-0001 0
400 0 LA121890-0005 1
400 0 LA030489-0009 0
400 0 LA122090-0015 0
400 0 LA021289-0048 0
400 0 FBIS3-41666 0
400 0 LA010989-0032 0
400 0 LA062589-0034 0
400 0 LA041090-0006 0
400 0 FBIS4-67533 1
400 0 LA032190-0161 0
400 0 FT931-8120 0
400 0 LA121390-0112 1
400 0 LA091689-0145 0
400 0 LA031290-0038 0
400 0 FT931-5666 1
400 0 FBIS4-67394 0
400 0 LA060890-0004 1
400 0 FBIS3-22241 0
400 0 FT943-12730 1
400 0 FT931-6077 1
400 0 FBIS4-67363 1
400 0 FT922-5106 1
400 0 FT922-4626 1
