351 0 FT922-15099 1
351 0 FT932-16710 1
351 0 FT921-2097 1
351 0 FT921-6603 1
351 0 FT931-16104 0
351 0 FT942-12805 1
351 0 FT941-13429 1
351 0 FBIS3-59016 1
351 0 FT932-6577 1
351 0 FT934-13954 1
351 0 FT944-4279 0
351 0 FT921-8241 0
351 0 FBIS4-44591 0
351 0 FT944-10523 0
351 0 FT934-4856 1
351 0 FT943-15117 1
351 0 FT923-11890 1
351 0 FT934-4629 1
351 0 FBIS4-34996 1
351 0 FBIS4-35048 1
351 0 FBIS4-34579 1
351 0 FT943-14758 1
351 0 FBIS3-33035 1
351 0 FT931-10913 1
351 0 FT934-4848 1
351 0 FBIS4-57354 1
351 0 FT922-14936 1
351 0 FT931-16617 1
351 0 FT941-15233 0
351 0 FT944-15849 1
